209
97
1001
1001
1001
81
104
1001
84
1001
117
89
93
135
97
106
82
102
92
83
92
67
98
85
104
86
1001
76
1001
90
105
88
89
96
100
99
80
80
99
93
83
96
1001
111
1001
1001
98
90
1001
70
95
81
98
91
78
98
101
1001
113
77
100
45
264
119
118
69
79
1001
109
80
102
120
1001
1001
65
99
74
91
97
87
82
117
105
95
94
1001
1001
65
1001
119
83
1001
1001
96
69
97
91
109
107
74
1001
93
1001
61
108
93
1001
94
78
84
82
102
1001
69
105
81
1001
111
1001
94
111
82
114
1001
109
88
105
86
104
75
91
71
1001
70
77
96
44
78
103
106
110
97
84
108
125
85
73
98
98
98
63
82
79
96
87
1001
103
99
129
89
88
96
79
69
87
1001
75
85
83
90
112
1001
1001
105
97
93
89
82
1001
94
90
97
80
87
96
1001
84
1001
116
87
100
93
1001
76
73
88
80
93
97
111
91
106
98
75
101
1001
116
104
98
109
110
94
98
103
99
91
83
1001
1001
88
61
1001
95
1001
70
96
88
96
73
107
101
105
98
100
90
81
79
1001
1001
76
1001
79
89
112
113
100
1001
90
78
1001
1001
86
95
1001
95
93
91
1001
82
84
67
99
114
105
1001
107
96
83
93
85
34
1001
112
91
84
76
81
102
76
78
96
88
1001
1001
85
81
74
75
1001
78
64
88
86
92
96
1001
1001
131
1001
89
106
1001
46
1001
77
77
69
86
1001
87
88
84
1001
1001
83
63
101
76
1001
88
91
82
1001
102
96
87
75
1001
1001
81
90
83
93
1001
1001
82
67
84
100
92
78
85
89
1001
81
101
98
1001
124
1001
76
98
93
89
1001
83
101
86
90
88
95
80
81
1001
87
79
91
91
79
1001
110
127
90
106
110
93
81
1001
1001
92
86
62
102
1001
99
1001
84
1001
1001
1001
55
69
71
79
67
90
88
82
103
81
85
84
89
91
1001
86
1001
1001
88
82
97
74
83
79
1001
79
87
85
89
1001
87
79
1001
1001
75
92
100
86
105
56
1001
77
95
98
99
79
81
91
89
95
1001
98
79
113
89
94
98
94
118
86
68
83
91
1001
87
1001
63
85
90
52
62
45
69
68
62
1001
1001
68
62
83
1001
93
1001
53
105
1001
37
101
1001
132
1001
1001
1001
52
36
25
55
12
359
33
1001
56
709
66
68
1001
70
76
75
81
57
107
126
138
124
226
100
1001
89
94
102
76
94
86
91
96
1001
99
67
83
77
75
1001
1001
1001
91
101
98
94
102
87
90
86
81
106
65
97
100
1001
113
79
84
94
101
1001
97
82
77
1001
95
99
103
86
94
96
85
80
68
97
66
85
94
102
78
98
103
102
1001
91
89
68
106
78
92
75
1001
1001
86
1001
107
70
85
100
99
104
100
86
74
56
88
94
92
93
96
97
104
94
84
81
1001
91
1001
1001
76
91
91
88
100
93
97
1001
1001
1001
85
69
80
1001
93
96
100
90
1001
101
95
84
88
94
1001
1001
88
84
71
1001
63
1001
78
85
88
79
94
80
93
1001
77
100
77
87
95
101
92
98
95
91
89
65
96
1001
1001
86
85
95
96
105
94
93
75
78
99
1001
71
69
96
1001
84
79
90
78
65
89
88
93
94
1001
71
97
89
83
86
76
82
94
99
91
103
99
84
82
80
86
73
94
71
1001
86
87
73
88
76
80
50
71
83
1001
69
86
94
103
65
72
95
75
115
1001
89
86
94
1001
86
89
73
84
92
85
78
76
1001
1001
89
1001
1001
87
97
100
111
109
61
107
80
110
116
101
97
91
1001
81
106
1001
100
99
85
91
87
107
73
93
92
106
1001
90
104
96
93
81
1001
84
1001
88
95
1001
94
82
77
90
88
95
1001
99
101
91
98
67
87
79
84
73
1001
92
1001
68
1001
79
1001
88
76
83
1001
108
82
75
25
101
74
91
79
1001
111
99
101
101
85
1001
78
91
80
92
94
1001
76
95
94
94
97
96
1001
1001
84
73
78
99
1001
96
83
84
86
99
110
107
103
86
95
82
1001
103
69
70
1001
95
107
89
89
96
95
82
112
73
48
64
60
95
116
107
1001
1001
108
92
1001
96
84
1001
44
1001
1001
85
79
1001
95
1001
1001
90
103
75
75
84
102
1001
89
76
92
1001
81
86
78
90
1001
93
82
93
101
89
54
45
75
79
1001
91
93
87
93
92
1001
102
90
77
60
99
1001
125
129
125
132
1001
148
118
133
127
119
1001
1001
123
1001
144
1001
127
121
126
115
89
1001
99
1001
120
128
135
135
115
141
123
111
118
1001
140
189
157
139
124
1001
98
122
1001
132
110
123
122
110
145
130
100
98
126
1001
103
1001
1001
115
114
147
139
120
113
120
124
1001
134
146
142
118
107
122
126
1001
118
1001
117
119
1001
138
126
88
109
92
94
92
80
93
85
101
58
101
96
88
90
84
92
83
94
96
90
99
82
90
84
110
84
103
73
1001
73
108
1001
100
97
92
1001
84
88
108
97
85
1001
94
102
75
93
77
75
1001
1001
1001
1001
88
87
93
70
74
99
90
79
96
88
1001
103
1001
71
85
86
83
81
97
99
1001
1001
100
87
1001
1001
112
112
94
93
96
90
1001
78
81
74
1001
85
1001
87
83
97
80
72
1001
1001
75
78
1001
87
97
160
158
1001
141
129
199
99
113
76
1001
97
66
85
1001
92
91
88
101
73
1001
1001
74
92
91
87
80
88
1001
1001
101
68
54
78
1001
72
95
1001
84
89
1001
60
96
74
95
83
1001
106
1001
105
1001
65
1001
88
82
85
100
87
99
95
1001
85
1001
1001
66
81
84
1001
77
72
64
77
96
66
66
83
78
109
91
87
76
77
81
96
88
98
92
83
93
94
96
75
91
96
105
85
100
88
103
109
79
1001
98
98
82
83
80
107
115
87
90
138
103
91
88
98
125
102
1001
82
66
83
111
52
89
99
98
114
95
92
1001
1001
83
105
86
67
64
65
83
88
1001
70
85
1001
81
77
84
1001
96
88
88
78
1001
1001
61
1001
95
19
87
73
83
78
82
105
85
94
87
82
89
93
1001
98
92
97
76
131
83
96
70
80
91
91
98
126
209
118
155
184
164
166
92
80
74
177
211
1001
118
1001
1001
1001
47
12
13
172
69
1001
112
86
82
109
79
79
1001
81
78
71
80
112
1001
98
87
1001
111
72
1001
1001
86
1001
85
89
1001
81
83
83
73
85
1001
92
1001
76
1001
95
96
83
117
94
84
86
90
73
75
106
95
81
90
103
86
91
106
82
96
75
108
97
97
98
90
84
76
84
99
1001
1001
90
95
104
1001
91
91
76
67
75
83
77
95
66
88
90
1001
78
83
96
96
83
70
90
91
90
1001
101
85
1001
90
1001
87
87
1001
108
96
108
96
82
74
96
66
106
1001
84
1001
81
84
58
74
67
69
83
76
80
1001
100
73
1001
54
81
95
73
71
73
75
80
79
78
1001
83
93
95
1001
67
87
94
64
84
91
92
1001
88
83
98
86
87
77
81
77
97
97
89
87
1001
96
75
1001
96
1001
71
1001
88
1001
1001
87
95
82
80
110
84
87
100
1001
81
74
84
1001
122
97
99
1001
90
84
73
1001
66
1001
56
78
1001
85
89
1001
61
75
1001
97
62
77
35
94
63
79
77
74
87
75
1001
81
83
1001
102
79
73
1001
109
1001
74
1001
88
1001
72
1001
84
72
83
99
107
105
106
1001
98
1001
1001
1001
93
89
1001
55
69
99
93
106
1001
77
1001
86
1001
68
69
79
88
86
90
105
91
83
94
87
78
117
88
77
89
82
75
81
77
1001
84
95
1001
1001
1001
84
125
120
103
99
63
69
94
62
87
93
75
1001
88
71
131
1001
1001
1001
92
101
90
73
64
84
1001
1001
85
70
76
66
97
57
1001
111
96
94
79
1001
89
1001
1001
1001
84
56
100
1001
95
107
82
1001
1001
1001
91
83
93
62
103
117
1001
78
94
100
1001
1001
1001
106
124
1001
83
1001
85
1001
100
1001
113
95
95
73
89
1001
87
98
98
89
1001
75
111
1001
87
92
76
87
78
76
86
86
1001
86
1001
101
93
74
73
1001
111
1001
119
122
102
105
1001
131
124
105
128
47
1001
68
110
1001
55
1001
80
66
101
1001
104
95
90
101
96
1001
95
1001
119
1001
95
85
79
86
95
1001
93
94
100
74
75
80
78
68
50
116
93
87
1001
1001
95
95
78
1001
105
80
90
85
83
1001
88
110
96
90
1001
1001
107
95
1001
1001
65
1001
1001
87
1001
74
78
1001
98
1001
92
1001
45
89
89
81
102
127
110
131
1001
1001
101
1001
83
88
87
1001
1001
76
82
85
70
1001
63
73
86
92
85
90
99
1001
79
100
71
96
80
107
74
99
77
81
86
86
75
92
74
84
86
90
1001
84
75
73
74
80
107
77
76
68
82
84
97
114
77
65
104
102
96
77
92
1001
90
89
101
82
89
92
74
1001
1001
1001
89
81
88
100
78
112
77
82
85
82
1001
67
96
88
1001
99
89
97
97
82
109
66
69
87
91
78
1001
68
91
1001
1001
68
92
85
91
1001
98
65
68
66
83
86
85
77
1001
122
88
91
96
103
96
1001
86
97
70
82
1001
1001
1001
1001
100
85
1001
95
89
1001
65
87
1001
1001
1001
90
1001
100
106
1001
88
73
88
82
1001
1001
1001
88
86
1001
1001
95
87
98
1001
77
72
83
104
1001
113
79
102
76
99
80
107
90
101
91
98
1001
89
97
84
1001
94
1001
90
1001
72
82
81
1001
1001
111
77
69
72
77
99
1001
98
1001
93
109
92
72
103
87
143
84
112
75
66
81
82
104
115
103
1001
98
128
99
59
93
85
101
79
110
115
80
115
88
102
1001
99
109
1001
91
82
97
79
1001
39
91
104
91
82
68
93
105
85
87
95
1001
74
86
1001
94
1001
88
85
68
74
73
93
67
72
84
93
104
88
86
1001
90
89
1001
94
1001
1001
91
1001
98
1001
78
77
1001
87
94
104
125
100
97
92
76
103
93
88
1001
100
86
1001
98
92
81
103
97
82
104
89
86
1001
75
1001
98
85
1001
87
104
92
1001
1001
85
1001
89
95
104
104
1001
1001
114
66
77
72
85
76
1001
82
91
110
103
1001
74
99
94
103
77
82
103
1001
79
1001
86
84
96
95
100
109
89
102
1001
96
1001
1001
1001
97
67
84
96
102
1001
93
1001
96
44
59
1001
98
93
90
98
1001
92
89
88
1001
104
1001
1001
1001
80
95
1001
89
1001
85
82
94
107
103
80
105
74
83
98
65
84
1001
65
85
108
1001
109
93
1001
109
85
97
1001
82
86
71
91
99
79
89
1001
102
1001
70
89
102
77
68
82
91
81
96
105
95
107
84
107
1001
78
103
1001
117
111
91
96
1001
80
98
87
1001
107
71
101
100
1001
1001
47
112
77
94
82
1001
95
93
77
95
109
90
65
73
76
73
98
76
83
82
1001
1001
89
1001
87
1001
1001
97
1001
67
92
1001
78
92
79
99
79
82
66
85
80
76
78
96
76
89
101
81
88
60
95
70
83
74
53
84
73
91
75
1001
85
88
86
108
102
86
98
78
71
85
1001
87
1001
87
1001
1001
1001
1001
99
69
90
1001
86
70
97
1001
86
79
78
82
86
1001
99
70
82
75
70
63
72
86
1001
25
77
1001
46
90
87
81
60
61
74
1001
81
91
103
75
76
91
106
76
78
70
95
83
91
1001
86
89
92
80
92
92
71
82
111
81
87
83
1001
96
1001
96
98
1001
103
79
83
92
81
109
83
83
79
76
1001
1001
1001
1001
106
101
89
91
86
67
1001
89
78
77
86
1001
126
87
101
88
65
82
1001
80
80
79
75
85
77
103
1001
98
83
69
92
65
121
1001
85
85
83
1001
68
86
86
81
67
94
1001
91
77
94
31
100
1001
86
1001
1001
104
79
104
1001
1001
106
75
95
1001
1001
79
1001
118
101
81
1001
1001
95
107
78
105
85
1001
89
99
89
95
86
100
91
98
94
111
106
100
102
117
1001
1001
94
104
1001
117
106
98
1001
80
94
88
108
88
81
1001
93
1001
94
72
82
92
100
95
103
1001
83
104
113
105
87
108
104
77
1001
1001
1001
92
1001
99
97
1001
1001
74
72
93
97
98
1001
83
101
105
88
1001
112
104
74
84
1001
95
79
81
94
90
83
81
83
72
1001
89
69
85
95
88
99
94
81
88
85
96
75
83
78
89
93
114
92
1001
89
1001
88
83
1001
1001
93
89
76
68
86
80
99
87
102
73
80
89
69
1001
88
81
96
66
111
104
94
90
82
88
88
90
92
69
88
86
112
62
1001
97
1001
89
1001
84
86
81
99
1001
81
1001
94
1001
1001
50
76
1001
101
99
77
98
84
74
103
86
66
85
95
77
100
74
38
82
77
70
65
92
74
90
78
92
89
1001
85
81
102
1001
92
72
83
1001
84
88
78
96
81
83
1001
81
82
90
1001
82
88
95
94
1001
87
85
68
82
91
103
80
90
98
1001
84
1001
1001
88
95
1001
88
64
100
87
85
1001
76
79
88
85
82
79
83
86
87
98
30
95
56
76
91
83
90
89
89
1001
91
99
92
99
99
1001
83
91
97
1001
79
95
65
79
91
116
97
94
83
89
98
76
1001
111
109
98
110
89
1001
84
72
65
59
71
50
63
66
54
78
60
66
52
1001
76
42
51
70
63
1001
72
102
88
110
1001
108
96
1001
1001
1001
1001
1001
87
82
1001
111
96
1001
99
102
90
70
77
1001
91
1001
1001
89
107
80
77
94
1001
92
87
107
108
119
85
117
1001
100
84
113
73
98
93
1001
1001
90
71
85
88
92
1001
96
86
79
91
80
1001
97
82
92
76
67
101
1001
82
95
96
114
55
93
1001
1001
63
1001
85
1001
86
96
102
99
103
1001
103
1001
82
71
1001
1001
1001
101
1001
107
93
102
91
76
1001
85
73
86
88
102
97
79
1001
88
82
65
69
73
1001
1001
75
67
98
87
1001
78
101
84
96
91
102
93
107
1001
82
98
1001
89
87
100
1001
78
1001
105
87
108
78
83
97
1001
78
67
100
81
80
78
69
79
64
94
80
122
101
1001
127
1001
77
91
1001
88
58
97
1001
72
96
90
83
1001
71
90
76
81
1001
63
83
84
70
84
93
102
1001
64
1001
134
84
120
84
71
95
1001
79
87
1001
85
89
95
103
97
89
80
84
75
81
1001
93
95
65
84
85
80
66
74
84
103
1001
1001
88
70
75
91
1001
66
1001
1001
74
104
92
95
91
97
82
93
92
108
76
92
91
94
75
83
73
1001
94
75
72
74
60
123
75
103
103
74
55
1001
1001
1001
1001
73
87
1001
89
96
80
68
84
105
105
80
1001
75
97
106
1001
1001
86
106
115
101
120
128
109
120
119
134
102
122
129
84
98
89
64
84
69
1001
1001
83
94
83
1001
80
1001
90
70
92
1001
81
97
71
81
82
1001
85
73
73
98
62
86
1001
82
1001
105
111
56
97
83
92
79
95
1001
84
81
81
91
84
71
80
103
88
77
82
59
1001
1001
86
80
89
79
87
91
90
79
87
72
61
85
1001
66
66
96
73
43
1001
1001
73
96
1001
91
124
114
1001
124
68
1001
102
89
86
82
88
1001
1001
91
93
79
1001
1001
92
90
75
105
1001
87
1001
106
1001
89
84
101
99
75
99
92
72
73
71
86
82
89
86
109
1001
83
86
101
122
1001
87
83
74
77
86
100
104
73
98
1001
92
81
81
95
1001
1001
84
79
98
92
79
1001
83
78
93
1001
97
94
95
101
1001
83
86
90
89
81
80
81
70
91
93
79
91
99
91
83
90
1001
78
85
83
82
1001
75
94
104
86
83
113
96
74
93
1001
96
98
1001
83
81
77
96
78
72
87
85
92
88
97
89
85
95
81
76
1001
1001
66
1001
1001
1001
1001
85
111
94
1001
96
93
1001
99
72
103
109
1001
132
72
119
1001
94
80
1001
1001
1001
1001
1001
1001
69
76
75
112
60
95
1001
80
104
1001
78
89
88
79
64
93
77
93
92
69
1001
101
71
62
1001
79
90
1001
1001
77
75
91
1001
91
63
182
115
1001
1001
1001
66
72
91
100
1001
1001
74
68
93
120
86
95
86
105
1001
113
106
1001
110
1001
67
102
88
89
1001
74
1001
83
83
101
1001
65
1001
81
94
86
95
94
79
88
78
93
98
96
75
97
98
75
113
92
60
69
71
70
72
1001
87
94
94
88
73
133
87
92
90
1001
1001
80
76
109
1001
1001
87
74
104
95
59
1001
1001
1001
74
1001
75
65
85
80
86
53
85
111
1001
62
91
81
97
86
91
79
50
83
83
65
75
84
92
80
87
1001
1001
78
1001
93
1001
92
89
1001
103
1001
128
92
134
81
104
93
1001
108
84
97
70
92
94
94
89
92
87
99
70
82
88
101
96
98
83
104
41
78
64
1001
94
96
85
1001
89
95
98
83
92
83
1001
107
82
93
92
95
1001
1001
84
84
96
1001
113
87
80
93
1001
94
87
88
1001
104
77
1001
105
1001
66
83
92
93
98
88
95
63
67
84
74
1001
91
88
1001
84
94
100
76
107
1001
1001
1001
92
66
87
73
1001
60
90
81
85
87
77
94
66
66
66
51
54
49
67
1001
71
60
60
47
48
1001
67
56
60
52
71
1001
51
47
61
1001
1001
1001
51
1001
75
19
43
1001
64
55
63
55
1001
39
68
60
58
1001
1001
70
1001
67
1001
54
55
53
69
64
66
49
51
68
63
58
56
48
48
48
58
1001
47
52
47
1001
57
59
1001
66
65
50
57
1001
65
61
1001
69
77
49
1001
1001
54
60
1001
55
44
50
55
38
105
75
55
100
56
1001
1001
90
1001
61
1001
97
81
97
86
92
85
91
101
75
98
1001
89
87
75
58
76
99
87
83
94
91
98
100
93
101
82
89
1001
1001
92
62
112
1001
1001
1001
99
104
117
1001
101
116
78
65
81
63
1001
65
96
99
89
83
80
90
113
82
1001
1001
94
89
81
65
64
82
89
79
1001
75
66
77
71
1001
84
67
83
97
66
64
73
1001
86
96
73
82
60
73
96
85
82
87
76
102
83
82
89
105
71
70
94
1001
94
76
69
83
1001
1001
83
86
89
99
96
78
71
75
78
85
86
76
83
1001
88
85
72
84
68
80
91
53
105
110
99
111
103
251
1001
1001
111
1001
96
95
97
84
89
95
1001
1001
88
123
1001
101
92
95
118
121
1001
106
1001
1001
86
101
1001
146
1001
89
108
87
94
120
108
1001
94
109
141
134
111
117
129
137
135
123
111
166
90
129
1001
113
77
69
1001
69
92
74
90
84
92
76
74
1001
66
71
83
1001
68
54
1001
89
98
1001
82
84
72
78
85
99
102
1001
102
78
56
82
43
94
95
82
1001
83
1001
87
89
99
83
115
91
101
89
88
1001
86
91
91
1001
78
101
1001
1001
80
1001
107
86
88
113
84
93
95
70
1001
84
72
98
82
1001
1001
54
71
52
1001
98
84
102
88
86
102
86
107
102
88
83
1001
100
76
93
94
93
110
102
82
1001
1001
75
1001
62
1001
46
1001
1001
1001
67
43
52
49
47
81
57
1001
50
55
59
53
53
51
56
50
47
1001
63
63
1001
68
64
1001
59
1001
72
74
1001
66
1001
55
59
74
56
60
1001
60
39
54
1001
58
55
1001
62
49
54
67
55
1001
1001
1001
67
1001
54
60
53
1001
59
52
1001
1001
63
58
49
54
1001
51
57
45
1001
58
44
42
48
67
1001
65
56
1001
52
51
48
55
74
1001
58
70
49
58
74
1001
46
65
1001
64
36
53
1001
47
1001
105
1001
95
85
52
96
82
1001
99
1001
1001
89
1001
119
1001
95
1001
116
130
83
1001
87
120
1001
1001
129
132
1001
189
109
90
96
86
75
95
102
1001
81
90
86
69
1001
101
1001
77
91
95
1001
73
1001
105
86
61
117
84
85
87
76
64
101
69
89
100
1001
114
69
63
1001
100
78
80
84
99
82
90
102
1001
74
1001
79
91
69
82
1001
85
82
85
1001
93
84
72
1001
89
112
91
59
97
93
94
1001
98
98
1001
100
92
101
95
53
81
100
1001
93
104
86
109
79
84
68
104
87
90
86
82
1001
121
108
108
1001
103
88
88
107
83
98
110
86
94
76
90
93
96
79
84
114
1001
90
96
111
94
99
88
90
98
98
1001
66
90
1001
96
1001
75
77
115
100
1001
93
69
99
85
92
1001
105
1001
76
82
84
87
90
93
86
81
78
79
97
83
89
70
1001
1001
115
1001
91
110
99
78
1001
83
1001
86
1001
1001
1001
80
86
71
69
1001
81
104
1001
83
84
1001
102
80
89
82
1001
108
1001
1001
105
94
1001
101
102
105
91
87
1001
105
1001
1001
95
113
102
1001
1001
1001
79
93
79
1001
105
96
115
90
1001
103
96
45
92
106
100
113
81
1001
83
88
101
70
196
182
105
1001
71
75
86
1001
94
123
88
1001
39
80
1001
71
96
112
81
1001
1001
87
1001
69
64
61
58
70
76
62
55
1001
1001
73
1001
51
53
53
59
61
82
65
78
57
66
1001
49
57
1001
1001
61
57
63
1001
73
1001
51
71
50
52
1001
58
61
68
1001
51
62
70
57
52
48
129
149
126
187
1001
157
1001
141
126
124
155
128
169
1001
1001
123
148
101
114
1001
1001
113
120
1001
123
132
138
125
102
1001
1001
107
1001
81
78
97
117
106
105
1001
98
86
95
109
65
1001
92
1001
1001
109
1001
105
75
72
86
90
1001
86
95
1001
87
94
89
94
90
50
107
1001
83
1001
85
96
109
91
70
99
93
74
79
1001
94
93
1001
73
90
85
66
77
68
92
83
93
74
84
1001
87
1001
118
80
1001
1001
1001
69
81
91
77
1001
88
85
68
97
1001
90
1001
1001
79
62
77
74
79
75
1001
63
98
78
85
117
82
78
85
1001
84
100
84
72
100
89
84
96
56
1001
72
98
105
73
89
74
94
97
80
66
93
87
85
90
1001
1001
91
71
82
82
67
50
1001
1001
76
87
101
98
1001
92
86
1001
103
80
77
91
102
88
90
68
69
89
81
74
85
76
1001
1001
74
85
89
100
83
1001
1001
93
96
68
86
74
82
80
107
80
1001
80
88
88
95
103
76
66
1001
1001
79
84
86
83
87
95
94
1001
91
86
90
112
81
92
77
1001
102
79
76
78
1001
86
90
82
108
72
1001
94
1001
1001
75
1001
72
63
1001
74
84
88
74
88
87
88
101
1001
1001
104
73
93
65
103
64
83
1001
83
71
95
90
96
89
84
69
80
1001
87
1001
1001
86
81
87
1001
70
1001
91
1001
101
83
109
76
105
107
84
68
1001
90
92
95
67
81
92
86
67
78
88
77
74
89
73
77
74
75
73
67
70
76
1001
71
74
77
58
1001
77
92
1001
75
82
1001
1001
1001
94
70
70
98
94
84
98
91
1001
1001
1001
104
96
81
86
90
93
1001
83
96
104
90
95
96
85
106
93
68
75
95
1001
81
80
82
63
55
108
75
1001
69
99
1001
86
82
76
1001
105
1001
129
82
63
93
99
94
86
71
105
1001
49
80
86
79
84
84
76
80
84
78
79
79
60
86
1001
82
78
1001
90
76
92
105
87
90
86
74
72
95
75
86
42
1001
97
91
74
56
85
92
105
87
90
102
94
1001
71
71
95
1001
65
1001
98
1001
101
72
97
85
67
85
102
82
98
94
88
105
83
1001
77
102
94
78
87
73
102
43
107
97
89
92
91
1001
86
79
83
84
91
80
81
95
86
75
73
1001
88
80
1001
77
67
93
78
82
1001
1001
1001
1001
87
95
79
90
1001
92
82
67
1001
1001
78
1001
86
88
75
85
72
100
1001
95
78
84
85
99
86
93
1001
1001
114
113
141
1001
1001
131
104
91
77
67
1001
84
88
83
74
1001
101
85
1001
78
87
92
90
92
101
92
74
84
90
117
87
89
86
94
48
69
78
1001
86
94
86
91
1001
106
113
69
65
87
1001
102
1001
88
88
92
82
87
98
1001
102
1001
1001
107
1001
89
91
88
1001
1001
81
105
96
1001
103
95
86
83
89
82
86
78
1001
1001
1001
73
75
1001
1001
58
63
1001
1001
70
1001
100
96
1001
1001
1001
1001
98
85
103
83
102
1001
91
65
106
76
76
97
74
84
1001
1001
99
74
1001
33
43
47
71
66
50
53
63
51
49
88
58
71
85
79
1001
100
81
1001
98
43
68
67
60
1001
1001
53
60
57
61
1001
60
55
78
72
1001
1001
1001
67
66
62
1001
1001
69
1001
64
45
1001
52
1001
73
73
66
1001
59
56
64
69
54
1001
57
1001
56
1001
57
62
81
83
1001
1001
69
68
63
57
68
1001
82
89
90
81
86
99
95
69
1001
72
84
122
104
85
103
107
1001
85
104
1001
94
1001
92
84
106
1001
1001
89
1001
76
92
84
107
55
1001
90
89
91
70
74
94
71
84
71
91
1001
1001
93
1001
107
97
115
78
86
1001
90
78
69
80
66
87
87
72
74
70
82
1001
91
76
81
58
82
105
53
90
87
78
49
1001
81
75
79
79
90
1001
84
70
57
1001
1001
1001
50
70
73
83
70
82
88
1001
131
108
81
71
92
88
80
107
74
80
99
1001
1001
1001
1001
1001
79
99
1001
85
1001
103
88
95
1001
73
85
86
85
93
70
85
91
102
1001
72
1001
64
85
77
71
61
108
108
65
85
72
1001
111
97
83
77
83
1001
74
95
76
91
79
81
92
67
84
90
85
99
76
92
103
1001
108
86
96
78
1001
72
71
61
76
73
87
91
92
82
1001
86
92
86
78
1001
88
96
82
1001
1001
1001
1001
1001
98
70
101
70
97
96
88
83
122
1001
89
1001
91
100
88
1001
97
1001
100
75
1001
113
1001
43
91
94
86
89
93
90
77
91
86
1001
105
76
1001
1001
1001
87
88
78
128
48
77
93
98
1001
84
1001
1001
94
100
1001
73
1001
85
1001
87
1001
90
109
56
101
85
74
1001
1001
91
1001
75
1001
83
1001
1001
80
79
80
80
90
116
1001
86
97
92
58
91
92
90
95
80
91
1001
82
1001
1001
111
90
100
131
1001
86
119
131
118
122
100
119
115
112
1001
97
135
131
113
94
110
132
1001
131
1001
144
127
159
95
111
125
118
119
121
79
111
153
122
1001
115
1001
122
111
1001
124
126
103
104
147
83
85
104
116
138
103
111
127
109
116
112
112
134
1001
131
132
109
115
1001
116
108
1001
108
108
86
1001
1001
74
1001
1001
1001
1001
1001
1001
101
1001
1001
117
103
95
113
120
1001
1001
151
1001
83
136
1001
152
125
120
141
1001
116
1001
1001
131
137
132
1001
115
110
118
1001
139
133
121
134
143
132
122
108
1001
134
1001
107
123
117
114
139
120
102
116
133
104
106
119
98
146
118
119
1001
1001
1001
126
1001
1001
132
1001
121
1001
115
135
111
153
115
133
131
317
124
111
1001
129
105
97
120
107
1001
110
103
102
57
107
1001
135
124
115
1001
117
113
117
106
112
137
148
99
129
145
115
112
137
124
124
133
145
118
126
137
128
164
175
124
116
104
118
125
135
141
101
129
90
101
1001
1001
116
137
124
130
110
120
127
1001
122
1001
105
109
105
1001
1001
124
1001
1001
1001
1001
78
143
132
102
103
1001
122
1001
22
63
51
60
53
53
63
58
1001
67
58
72
68
69
50
50
55
73
1001
60
71
59
62
64
66
67
1001
56
1001
65
50
78
67
1001
1001
53
1001
48
62
73
71
1001
1001
57
1001
36
42
74
1001
62
1001
55
55
1001
45
51
1001
1001
1001
64
86
70
50
1001
56
1001
64
1001
63
1001
1001
63
62
62
55
59
1001
62
1001
1001
60
61
72
57
1001
58
53
51
46
60
52
56
58
57
79
1001
44
76
1001
53
60
67
1001
69
47
51
70
1001
74
1001
88
105
78
90
1001
103
76
80
1001
94
1001
68
78
1001
95
83
1001
86
80
1001
82
76
93
85
1001
1001
1001
97
71
84
86
1001
64
101
1001
84
84
88
76
83
89
1001
97
97
89
81
137
1001
1001
142
151
110
130
121
141
1001
132
1001
138
122
127
141
1001
129
142
122
1001
133
129
130
125
1001
114
116
1001
121
100
131
108
1001
87
124
122
134
123
115
131
117
101
1001
123
133
115
120
97
153
115
1001
105
97
132
108
114
136
1001
101
107
123
117
115
129
112
125
125
105
107
1001
119
97
118
123
118
111
1001
115
91
100
72
73
1001
126
123
103
138
121
87
153
114
87
119
91
121
112
1001
1001
115
104
136
131
123
114
129
98
143
112
133
131
119
103
109
107
125
1001
1001
1001
103
1001
1001
138
109
139
118
102
107
102
1001
106
99
123
1001
126
96
90
133
1001
98
1001
106
95
105
112
111
92
105
115
112
108
114
110
130
107
112
94
1001
85
117
117
117
130
1001
1001
127
154
120
129
110
110
111
1001
108
106
76
88
1001
119
120
116
116
105
131
101
88
116
1001
80
1001
128
118
124
125
111
120
122
122
106
125
129
118
1001
121
1001
1001
117
89
87
62
104
119
122
109
1001
116
111
127
121
1001
108
133
102
1001
94
1001
110
88
105
109
1001
1001
1001
124
91
122
118
115
1001
133
1001
111
106
134
123
129
108
94
1001
1001
118
114
127
108
112
121
107
96
123
149
1001
119
126
129
131
108
137
1001
115
112
1001
1001
133
107
130
88
97
124
1001
164
116
102
119
105
106
115
151
1001
157
160
160
87
133
1001
143
132
152
130
131
1001
125
119
130
1001
1001
124
112
112
76
98
91
129
1001
1001
138
1001
100
1001
1001
125
129
109
116
1001
125
109
123
131
1001
136
124
126
114
1001
116
128
118
120
118
113
1001
104
75
59
99
91
102
1001
103
125
99
102
140
101
102
94
108
114
1001
1001
157
116
130
89
103
117
116
1001
1001
114
118
138
134
123
127
114
1001
130
130
1001
122
111
116
92
121
109
141
137
1001
138
100
111
89
129
123
122
130
128
133
1001
127
169
1001
148
159
1001
147
151
97
107
1001
1001
121
146
116
1001
119
132
179
154
142
140
154
151
151
159
144
144
1001
88
109
1001
1001
132
111
103
109
130
1001
116
100
1001
1001
114
111
124
1001
122
122
128
144
113
112
1001
93
128
132
146
131
135
1001
152
125
117
115
112
126
128
115
94
113
1001
124
126
127
108
105
111
122
117
1001
123
126
129
108
130
91
1001
103
103
1001
160
153
163
124
186
1001
141
128
1001
107
139
1001
158
1001
128
91
94
127
128
64
56
60
49
1001
68
64
1001
54
1001
55
58
31
1001
63
1001
55
1001
1001
50
52
1001
55
66
56
65
45
56
1001
1001
68
66
49
56
60
1001
45
1001
1001
50
65
49
1001
1001
1001
1001
72
97
1001
80
80
69
97
1001
72
91
1001
75
107
97
78
1001
65
59
52
55
73
53
54
60
1001
1001
1001
52
59
55
53
63
75
1001
53
1001
60
50
50
1001
69
52
48
48
51
60
64
76
75
1001
64
43
56
1001
64
109
41
118
1001
103
87
95
87
1001
107
78
1001
104
95
94
102
77
1001
84
120
104
148
1001
1001
263
53
93
129
126
107
87
1001
1001
45
1001
79
161
192
107
1001
157
238
102
92
114
86
74
1001
112
128
57
1001
1001
1001
47
47
65
1001
62
61
55
68
41
37
69
69
1001
1001
79
1001
64
1001
52
56
51
71
47
59
90
98
90
108
76
85
88
1001
68
58
89
94
95
97
77
85
86
111
116
78
66
80
99
1001
102
78
94
81
72
77
79
84
96
93
129
92
112
91
93
1001
81
73
70
1001
96
94
1001
93
1001
1001
1001
64
1001
101
92
86
67
41
85
89
1001
67
106
1001
106
63
93
95
1001
1001
83
87
90
74
1001
84
96
83
90
1001
82
83
75
93
1001
87
93
97
85
104
86
1001
82
88
1001
100
87
85
83
113
78
41
79
95
79
99
1001
1001
1001
108
1001
1001
81
87
84
71
1001
1001
1001
1001
94
101
86
119
89
1001
1001
1001
78
113
1001
1001
1001
84
1001
105
1001
1001
64
96
86
93
89
1001
90
80
82
94
1001
78
69
102
104
86
89
106
131
110
145
1001
122
1001
1001
1001
76
90
100
1001
94
1001
95
106
84
1001
94
1001
82
72
72
107
65
1001
99
1001
99
1001
87
1001
103
71
97
82
123
1001
1001
80
105
89
1001
108
83
101
1001
1001
105
95
100
91
91
100
1001
1001
76
91
56
75
93
1001
101
115
76
29
100
1001
97
63
77
77
66
51
1001
52
64
71
56
76
1001
1001
62
1001
1001
60
68
1001
70
50
1001
53
62
61
61
1001
1001
50
1001
70
68
56
1001
84
77
89
90
87
66
90
112
85
106
67
118
90
85
93
83
74
87
70
1001
1001
86
1001
78
87
98
91
87
66
64
71
58
50
1001
62
55
62
1001
1001
88
69
102
98
81
80
1001
88
96
85
74
104
86
1001
1001
1001
81
90
101
81
63
1001
56
73
67
60
45
1001
53
1001
1001
79
1001
61
54
1001
54
64
45
70
48
55
58
48
1001
1001
28
85
1001
1001
197
166
181
195
1001
200
1001
196
117
155
185
188
1001
189
153
153
1001
1001
179
186
190
1001
218
210
1001
273
1001
1001
181
1001
209
140
172
1001
1001
150
1001
1001
1001
146
156
151
142
148
144
155
144
147
141
1001
137
192
207
194
204
193
201
195
191
121
148
213
144
158
167
127
128
139
152
193
185
179
1001
162
157
165
151
1001
156
1001
135
167
183
131
145
150
144
151
126
137
1001
173
158
148
160
196
131
157
147
158
126
135
124
1001
140
149
121
166
180
145
185
129
174
144
134
1001
1001
112
122
178
160
172
169
160
154
183
180
170
1001
173
166
1001
185
145
118
138
1001
1001
1001
140
140
145
121
142
138
144
1001
190
1001
141
170
161
1001
1001
1001
180
155
1001
195
172
152
163
205
163
1001
180
135
153
1001
212
191
184
173
189
190
175
199
1001
172
1001
179
177
1001
1001
180
1001
209
167
169
209
171
1001
1001
151
151
145
160
1001
1001
170
195
149
1001
176
193
177
152
144
1001
1001
1001
183
192
137
1001
141
182
191
167
181
1001
1001
201
161
1001
183
175
195
181
141
177
137
133
1001
159
208
214
193
216
217
1001
1001
188
173
169
206
203
163
188
192
187
1001
206
213
203
206
211
231
165
177
1001
186
130
175
135
160
157
204
177
172
181
157
183
186
146
1001
177
1001
1001
173
198
1001
192
198
1001
227
216
186
130
196
215
184
180
228
202
204
153
170
189
202
206
131
109
94
83
100
120
104
116
1001
106
107
1001
1001
141
139
138
195
1001
152
1001
1001
105
121
108
83
101
130
120
95
127
106
77
113
102
89
93
108
92
1001
101
74
1001
1001
137
99
83
102
105
1001
87
87
87
98
108
1001
91
81
77
94
95
1001
82
71
1001
91
1001
1001
104
95
80
73
1001
85
101
106
104
88
1001
1001
103
1001
1001
1001
89
87
1001
98
80
69
104
95
90
103
78
87
78
93
97
1001
1001
78
86
1001
83
1001
91
85
111
82
86
129
1001
1001
110
73
100
91
86
91
91
1001
84
74
74
1001
83
68
1001
72
86
93
93
46
78
87
100
83
96
85
90
76
92
92
87
106
1001
93
86
76
89
1001
88
111
82
95
68
101
111
88
1001
82
107
84
96
89
100
1001
93
83
87
81
1001
99
104
1001
91
78
78
105
1001
1001
91
78
99
89
84
102
1001
94
97
99
96
75
117
1001
97
1001
1001
89
96
94
81
96
1001
1001
68
98
97
99
94
104
93
1001
88
111
85
75
120
108
127
1001
123
107
1001
121
112
1001
1001
82
1001
97
97
103
79
112
49
55
91
31
133
71
87
102
1001
81
101
83
114
1001
1001
109
90
100
112
1001
87
109
88
96
108
99
79
70
68
1001
66
65
1001
80
78
69
1001
95
88
89
73
88
90
106
112
108
84
1001
1001
1001
78
79
1001
83
91
101
108
1001
100
99
92
1001
1001
97
100
97
89
1001
92
91
94
98
120
84
1001
1001
89
96
88
104
1001
82
97
79
100
96
118
108
105
108
88
1001
87
1001
64
82
102
96
94
96
92
97
98
88
65
93
83
93
95
98
90
102
106
83
87
97
92
95
93
87
84
90
80
80
107
92
1001
100
86
1001
77
60
90
87
88
64
94
80
109
103
92
88
87
91
83
77
95
89
69
1001
89
90
82
95
99
88
100
85
77
64
97
1001
83
92
95
85
98
1001
79
1001
102
92
88
92
88
95
1001
88
1001
1001
1001
1001
69
1001
74
73
71
56
83
105
71
85
86
79
75
1001
85
65
90
88
76
1001
70
86
79
71
65
76
77
1001
1001
70
85
74
90
85
107
87
96
94
91
79
92
1001
90
106
1001
89
1001
88
1001
1001
98
102
1001
97
97
92
91
103
85
95
104
66
87
1001
71
94
1001
103
90
81
75
80
79
86
1001
119
1001
1001
73
97
88
82
1001
84
79
72
76
74
60
97
96
1001
1001
1001
72
77
96
1001
98
85
84
92
89
97
98
79
76
72
83
76
86
100
1001
87
81
98
74
111
94
93
83
93
99
100
93
139
1001
1001
1001
75
85
107
61
393
1001
215
192
1001
235
212
209
1001
167
157
178
193
184
148
123
225
1001
1001
1001
152
188
189
213
103
195
184
181
1001
204
200
193
1001
205
154
132
130
118
142
100
212
1001
176
264
267
1001
1001
202
170
214
198
211
183
92
1001
99
92
98
103
95
94
78
1001
96
1001
71
90
114
1001
92
85
1001
1001
100
99
98
1001
1001
1001
87
84
76
97
97
1001
83
95
87
1001
102
75
1001
86
83
100
1001
80
1001
94
99
1001
84
106
79
65
1001
1001
1001
64
1001
62
65
17
65
67
66
1001
56
46
64
22
58
1001
60
55
51
1001
56
1001
61
49
1001
1001
52
1001
61
76
41
52
63
44
51
1001
1001
64
1001
69
52
58
54
52
1001
63
69
56
71
38
1001
43
53
1001
48
68
51
1001
58
65
70
53
70
69
66
62
66
72
70
56
65
52
1001
66
1001
63
56
1001
67
57
59
68
50
69
70
1001
62
74
56
1001
92
78
51
1001
56
1001
1001
61
58
59
58
1001
63
1001
58
62
58
78
68
79
53
1001
61
57
60
40
86
1001
56
50
66
62
69
1001
54
100
98
94
92
1001
1001
71
99
74
67
106
105
1001
1001
67
91
1001
75
85
1001
82
103
1001
97
67
1001
82
83
1001
96
84
77
82
65
78
76
100
1001
76
81
87
86
1001
74
79
79
85
1001
75
76
75
1001
99
80
54
79
60
71
1001
69
80
70
1001
83
84
76
94
93
89
1001
104
85
86
87
1001
1001
100
1001
1001
1001
89
83
68
84
97
102
1001
67
87
87
1001
97
77
76
85
1001
97
92
1001
1001
74
66
1001
88
89
80
93
1001
89
109
88
86
92
1001
92
83
83
91
89
83
88
89
93
99
78
1001
88
78
82
100
66
90
92
96
87
78
91
79
70
82
58
227
76
1001
1001
1001
1001
1001
114
17
1001
1001
77
74
69
63
64
1001
87
86
80
81
82
83
1001
76
76
88
98
83
75
1001
88
1001
90
74
1001
79
105
136
101
1001
1001
85
1001
73
99
91
112
92
82
80
92
1001
1001
90
92
85
1001
101
85
1001
89
1001
111
97
1001
76
101
89
1001
72
66
43
1001
108
1001
1001
1001
62
91
1001
82
91
104
67
1001
97
83
86
89
1001
1001
103
1001
1001
72
1001
89
102
1001
1001
88
80
75
91
98
65
1001
80
1001
76
82
114
112
68
1001
84
106
74
74
75
93
99
1001
96
90
82
82
88
101
69
84
85
114
1001
91
1001
103
54
104
99
109
96
1001
1001
82
77
92
97
72
74
1001
1001
82
1001
90
1001
105
1001
94
1001
87
82
80
80
1001
1001
88
1001
92
103
89
85
80
97
87
87
119
104
92
65
1001
85
84
96
85
1001
76
84
81
1001
94
101
88
88
92
74
80
86
71
99
74
95
89
82
90
84
89
100
63
78
92
89
77
86
79
110
88
80
111
139
155
133
145
140
131
87
99
84
111
94
95
84
113
85
95
91
1001
99
84
101
1001
91
1001
85
1001
91
84
97
78
104
1001
104
87
103
99
97
107
108
105
1001
1001
1001
1001
77
87
76
70
96
108
1001
97
94
1001
1001
78
94
110
94
92
1001
1001
85
79
1001
104
96
80
89
134
112
121
109
135
117
124
122
1001
127
119
126
1001
120
123
108
137
116
1001
108
95
131
176
162
1001
1001
94
155
161
170
195
1001
1001
159
153
140
130
127
143
104
160
177
129
1001
170
184
140
1001
1001
163
152
119
145
1001
162
1001
165
133
1001
166
1001
158
157
173
173
165
153
138
123
154
1001
1001
136
137
167
115
134
166
142
168
175
1001
179
155
1001
180
173
1001
191
210
1001
222
192
170
1001
165
1001
171
1001
1001
153
186
147
183
180
165
153
166
173
167
185
121
162
137
135
150
133
132
172
148
1001
1001
153
136
129
141
160
145
150
147
151
143
24
127
143
1001
156
172
156
136
151
141
176
136
148
160
128
136
144
143
144
140
173
140
154
145
163
156
148
170
1001
135
175
189
1001
133
150
1001
145
157
166
1001
165
1001
179
172
140
1001
150
1001
1001
1001
13
10
1001
43
1001
15
105
35
1001
26
53
69
1001
70
51
56
84
83
1001
1001
52
69
70
1001
71
64
65
39
1001
57
1001
67
64
44
58
61
48
1001
59
62
65
72
61
61
1001
62
60
49
63
74
1001
65
57
1001
1001
61
65
70
1001
57
74
68
57
71
64
60
55
67
1001
42
46
1001
1001
1001
59
56
59
39
57
61
60
64
56
57
57
61
46
52
59
60
1001
49
68
1001
1001
60
1001
76
1001
57
52
1001
60
1001
41
1001
50
65
1001
41
78
52
49
58
52
45
44
50
46
59
69
65
52
59
64
57
52
55
73
60
61
1001
70
87
56
56
1001
1001
54
53
48
1001
49
57
63
1001
1001
55
1001
58
51
76
50
55
68
48
55
57
51
56
58
52
58
53
1001
54
1001
55
50
83
62
51
55
41
54
1001
90
1001
90
77
1001
1001
1001
80
1001
97
109
1001
72
67
72
103
1001
71
62
1001
73
1001
79
84
85
71
86
74
82
63
88
82
90
74
65
73
98
1001
82
1001
92
94
1001
81
86
86
100
34
84
1001
83
79
80
82
82
90
96
97
1001
78
79
44
63
1001
74
74
1001
96
91
112
71
83
105
1001
84
79
92
88
73
98
103
98
86
75
87
71
77
71
93
86
111
84
64
101
95
77
84
1001
79
1001
89
114
71
89
95
83
80
89
85
104
63
86
1001
71
1001
85
110
83
87
1001
88
70
112
82
1001
1001
95
112
88
1001
66
89
1001
74
86
92
1001
1001
97
95
103
84
103
110
111
1001
86
106
1001
98
88
89
90
98
99
1001
122
24
109
94
82
98
92
1001
97
94
101
60
93
1001
77
88
80
118
1001
82
92
90
125
91
83
1001
1001
47
1001
1001
1001
71
78
78
92
1001
73
83
84
92
71
81
83
80
75
88
84
83
1001
79
81
72
109
74
90
99
78
97
66
91
1001
81
111
69
83
72
86
71
96
82
79
84
84
96
1001
46
90
100
92
93
78
1001
102
89
82
110
87
60
98
95
94
93
1001
83
73
1001
78
1001
89
105
1001
1001
74
89
68
1001
94
78
1001
74
81
93
80
74
71
1001
80
87
92
65
83
87
74
93
80
1001
26
81
72
1001
89
1001
77
104
97
96
50
85
82
100
77
72
1001
88
82
82
80
88
107
81
82
85
99
88
91
83
77
1001
1001
73
1001
75
81
82
84
94
84
96
87
1001
96
92
68
86
79
79
88
79
119
1001
97
83
61
95
116
136
118
1001
140
121
131
1001
82
1001
80
116
106
1001
1001
101
60
99
65
107
1001
101
90
93
96
69
113
147
112
1001
87
85
69
80
82
74
99
100
98
105
77
71
93
94
1001
118
87
1001
66
76
1001
83
73
1001
89
83
1001
70
97
85
100
86
90
100
68
77
105
79
1001
83
1001
97
108
61
94
73
1001
84
105
85
63
99
1001
99
1001
78
86
1001
89
98
84
92
85
97
105
66
100
88
104
103
1001
92
89
74
94
1001
83
75
97
93
87
94
92
92
89
84
1001
94
76
77
84
77
85
87
1001
71
85
91
94
99
66
100
94
1001
1001
1001
1001
102
103
72
67
1001
1001
79
1001
112
1001
83
77
106
77
83
121
93
81
99
99
89
83
110
82
1001
89
73
94
1001
1001
1001
1001
78
76
85
1001
76
81
80
99
84
101
45
1001
80
93
66
89
86
87
90
92
73
113
90
72
73
1001
97
89
100
101
137
107
65
1001
368
413
424
1001
322
362
1001
209
231
85
120
151
141
108
110
105
106
110
1001
130
102
120
1001
125
1001
92
118
1001
1001
135
1001
137
104
1001
148
83
97
90
86
1001
66
48
70
1001
82
91
100
92
79
84
1001
71
95
96
104
82
86
80
90
101
97
97
1001
98
68
69
100
93
80
94
1001
1001
95
83
79
1001
1001
97
84
72
60
71
90
1001
104
106
86
1001
112
86
1001
72
80
73
80
83
74
69
1001
74
85
86
101
104
105
86
103
1001
70
72
79
87
94
88
90
85
1001
103
83
98
88
62
80
97
142
115
130
132
137
1001
95
96
1001
97
82
90
90
100
84
91
114
1001
106
99
89
99
81
72
77
1001
1001
120
107
1001
83
97
1001
100
101
109
1001
122
79
120
119
64
94
86
82
72
88
87
99
106
88
1001
73
82
96
1001
89
76
68
113
122
1001
116
99
108
1001
98
85
1001
114
88
101
102
92
106
104
1001
1001
119
126
110
116
1001
122
107
1001
120
125
1001
110
1001
130
124
117
119
126
1001
124
136
1001
1001
1001
1001
124
94
109
125
157
1001
161
111
1001
161
137
140
1001
95
127
107
123
98
151
97
121
99
120
125
130
1001
1001
129
110
113
103
91
97
102
138
1001
125
126
112
139
106
82
95
113
98
1001
1001
113
1001
108
108
103
127
77
140
125
133
125
127
123
113
105
119
1001
132
118
142
144
120
1001
114
107
1001
115
130
1001
1001
115
149
134
138
1001
1001
1001
70
103
108
96
110
115
92
94
93
117
81
111
113
89
114
104
111
95
71
1001
1001
99
100
1001
87
1001
78
88
90
97
85
1001
79
90
89
89
1001
95
99
109
90
120
90
1001
85
77
1001
100
90
65
1001
114
84
110
1001
86
1001
103
78
83
93
96
80
90
106
67
1001
100
1001
74
105
92
88
1001
1001
129
1001
105
128
98
106
94
98
1001
63
104
92
126
92
162
1001
91
92
105
87
87
1001
88
94
1001
69
78
1001
102
108
84
77
95
88
67
92
96
94
94
1001
76
88
126
1001
83
88
88
1001
1001
80
96
1001
75
1001
77
78
84
64
93
1001
76
80
96
72
81
90
121
93
54
1001
72
101
1001
90
90
89
131
85
65
1001
99
1001
66
101
91
86
68
105
102
75
98
72
79
1001
80
1001
85
72
99
83
89
87
77
113
85
1001
88
1001
70
102
93
88
93
1001
82
98
101
1001
1001
93
85
94
83
82
72
94
82
108
89
1001
79
103
77
101
1001
100
84
86
102
1001
77
77
84
78
76
74
78
84
93
81
102
89
88
1001
74
96
85
93
68
93
74
75
92
86
81
69
69
96
87
1001
88
86
94
81
83
93
64
100
1001
71
68
91
76
1001
96
81
88
80
110
1001
109
88
88
149
107
81
1001
1001
87
102
1001
117
186
76
75
97
1001
83
88
99
53
73
81
77
113
137
149
173
89
1001
81
97
98
64
104
78
105
85
89
1001
1001
91
82
101
82
95
97
92
84
62
91
98
88
96
85
75
101
1001
92
101
1001
102
79
91
56
79
1001
76
64
70
52
62
67
48
56
60
56
38
73
30
1001
72
1001
1001
1001
83
1001
70
88
81
85
84
98
87
103
90
93
1001
1001
117
1001
52
77
58
1001
1001
80
80
106
73
1001
1001
1001
98
72
1001
78
99
108
98
107
67
55
71
55
1001
59
1001
80
82
111
93
101
1001
109
88
54
1001
96
94
1001
1001
107
1001
1001
97
98
85
1001
87
72
113
64
84
92
75
1001
1001
79
81
89
72
88
93
90
88
82
1001
97
62
76
91
91
1001
138
119
58
81
81
186
1001
99
80
174
94
84
1001
57
79
95
91
76
74
84
1001
1001
61
87
89
98
96
81
107
148
94
130
143
117
131
135
1001
1001
1001
128
148
139
139
130
147
137
145
137
119
1001
67
108
95
1001
89
84
86
108
76
89
85
84
1001
102
79
119
1001
80
113
103
115
1001
1001
1001
83
96
72
75
1001
1001
167
151
1001
128
110
146
138
102
110
1001
147
110
114
108
193
125
105
115
123
85
120
120
1001
1001
128
135
1001
108
159
75
134
116
154
123
144
140
131
136
131
126
133
147
142
1001
145
1001
122
1001
1001
117
1001
115
1001
137
121
1001
80
120
102
102
90
129
122
102
1001
1001
129
107
125
98
1001
1001
107
128
105
113
1001
107
152
136
165
105
102
1001
102
120
1001
126
78
119
110
107
122
115
1001
102
128
121
1001
124
1001
107
127
112
112
89
114
164
1001
147
53
98
109
125
117
116
103
120
114
130
123
124
130
95
117
1001
133
114
114
1001
1001
114
118
134
128
1001
150
171
136
158
125
1001
149
125
157
195
161
143
1001
167
1001
157
1001
153
157
152
174
131
1001
159
115
106
133
128
111
135
129
127
136
139
123
114
113
146
142
140
118
123
117
139
1001
1001
1001
115
1001
98
129
135
88
86
78
1001
68
88
92
1001
101
81
1001
77
77
1001
78
84
99
71
1001
87
88
91
77
91
100
74
82
86
50
91
77
87
90
113
1001
100
1001
83
78
81
105
1001
1001
1001
1001
81
74
97
1001
67
95
64
1001
78
91
110
1001
89
94
113
86
76
90
71
98
219
364
1001
109
118
1001
149
1001
82
91
81
90
104
102
80
87
79
94
97
102
1001
99
64
85
87
1001
82
100
1001
88
68
1001
93
1001
87
96
99
87
94
81
104
85
97
83
73
64
1001
89
1001
94
1001
76
1001
1001
102
62
74
108
75
79
92
77
82
88
1001
80
90
67
99
102
97
1001
109
114
91
80
65
86
1001
1001
1001
84
90
100
90
84
91
93
101
114
85
84
83
94
101
60
88
90
112
105
111
124
100
109
98
94
76
90
1001
102
1001
75
82
74
82
92
71
101
102
89
96
93
102
1001
86
88
92
79
125
1001
1001
119
131
122
98
85
1001
1001
87
1001
112
93
101
90
99
107
85
1001
93
95
72
72
79
82
86
101
83
1001
77
74
72
108
1001
72
85
1001
1001
87
88
1001
93
87
1001
74
81
82
87
91
76
112
82
96
109
88
95
88
1001
92
75
79
52
86
1001
94
70
73
89
95
1001
68
89
112
101
93
1001
106
83
92
89
97
83
78
72
78
1001
78
109
75
97
78
81
96
95
80
59
79
85
72
75
89
81
92
97
1001
66
82
100
1001
87
97
92
81
1001
81
86
96
80
76
69
1001
76
1001
1001
81
90
77
1001
81
97
1001
108
98
91
109
83
69
94
1001
65
90
95
1001
90
93
1001
97
81
74
88
73
104
95
105
90
88
84
89
126
94
83
82
98
100
61
54
47
56
33
21
1001
57
1001
58
60
65
1001
63
73
68
74
76
92
82
76
106
80
85
97
82
85
100
101
94
1001
117
1001
104
33
58
87
1001
100
88
82
71
85
109
80
75
97
106
104
1001
98
1001
1001
73
65
81
55
96
79
101
72
90
88
82
85
67
74
74
87
75
103
92
1001
86
1001
194
350
312
1001
1001
152
185
1001
226
243
195
230
195
223
182
256
232
99
1001
1001
207
243
1001
1007
931
1330
1346
1449
1001
1459
1386
749
302
256
300
1001
295
309
292
275
1001
270
273
1001
221
274
278
294
236
269
233
53
1001
66
46
1001
64
74
66
46
57
81
51
60
64
50
53
71
55
49
1001
52
68
65
60
56
65
65
43
57
1001
1001
59
37
65
61
64
57
53
1001
46
69
109
101
130
112
121
1001
109
113
105
85
119
154
129
1001
1001
1001
1001
115
118
1001
133
1001
1001
1001
1001
1001
102
1001
102
1001
1001
1001
1001
101
1001
170
1001
1001
71
88
93
96
115
118
100
85
1001
1001
58
108
62
84
1001
63
59
66
1001
60
1001
64
45
76
48
1001
54
57
1001
50
1001
54
67
75
59
51
1001
79
69
47
69
66
54
71
54
57
56
59
1001
1001
61
1001
61
1001
61
63
37
1001
1001
44
1001
61
80
62
58
64
1001
78
80
53
74
1001
1001
80
1001
90
74
129
88
69
74
109
1001
1001
85
68
86
82
82
101
1001
110
109
103
120
109
74
82
84
74
112
102
102
85
96
109
1001
100
86
105
91
90
52
91
1001
1001
78
97
94
87
84
88
75
76
1001
1001
85
63
100
96
93
106
88
84
90
96
108
76
103
1001
97
92
84
97
81
96
84
84
85
92
98
1001
1001
86
74
87
105
1001
1001
100
1001
92
1001
1001
1001
93
107
71
90
1001
1001
1001
101
86
1001
84
102
76
89
112
85
97
88
1001
1001
114
133
130
105
106
1001
104
1001
121
41
44
1001
101
124
130
1001
324
396
1001
46
70
119
165
184
247
200
236
192
131
130
1001
404
101
198
203
159
67
1001
74
85
1001
1001
89
87
1001
57
80
96
45
46
89
1001
94
100
80
88
82
80
1001
88
84
1001
61
65
77
73
80
69
99
71
68
99
94
97
69
82
66
84
85
1001
93
88
82
1001
76
77
98
1001
1001
75
84
75
95
74
78
86
84
100
114
93
76
100
1001
95
1001
79
80
1001
91
75
1001
92
1001
90
83
1001
104
83
1001
118
1001
87
111
1001
92
1001
91
82
87
93
83
75
77
1001
93
67
92
92
89
94
97
107
74
1001
100
87
93
88
70
1001
92
86
1001
97
88
1001
1001
62
46
55
1001
61
63
1001
118
102
1001
85
60
1001
1001
157
154
153
177
111
147
1001
59
250
85
1001
94
84
1001
100
77
94
79
82
66
110
95
95
88
91
62
106
119
93
1001
1001
98
89
1001
107
116
1001
101
1001
98
69
89
1001
108
88
93
86
93
1001
116
91
98
87
1001
102
1001
74
1001
93
79
119
102
78
1001
87
105
85
1001
89
1001
1001
1001
69
1001
50
56
1001
1001
50
57
78
66
59
1001
77
72
48
55
77
61
69
1001
1001
97
98
99
62
66
68
51
70
64
55
61
1001
1001
1001
66
41
68
75
54
65
58
53
65
64
67
48
