chromosome_index	start_position	end_position	major_cn	minor_cn	total_cn
1	809641	77204219	1	1	2
1	77204801	78066370	2	1	3
1	78068156	103284712	1	1	2
1	103285120	103853026	2	1	3
1	103853654	104024088	1	1	2
1	104026846	104054268	2	1	3
1	104055950	113307496	1	1	2
1	113308443	119232226	1	0	1
1	119233151	202902110	1	1	2
1	202905602	203037115	2	1	3
1	203040506	235408113	1	1	2
1	235408722	236207390	2	1	3
1	236207960	248916508	1	1	2
2	12091	19050777	2	1	3
2	19050927	43908175	1	1	2
2	43908858	44615348	2	1	3
2	44615656	69349015	1	1	2
2	69351160	69453303	2	1	3
2	69459154	162022942	1	1	2
2	162023873	162807677	2	1	3
2	162809160	164406054	1	1	2
2	164406707	164598525	2	1	3
2	164604606	186230858	1	1	2
2	186231247	187782976	2	1	3
2	187783161	205184465	1	1	2
2	205185631	205883338	2	1	3
2	205885824	241917917	1	1	2
3	12690	37548	2	2	4
3	38026	45518027	1	1	2
3	45519995	45645167	2	1	3
3	45651399	57665152	1	1	2
3	57665556	57722808	2	1	3
3	57727633	64008829	1	1	2
3	64009203	65436396	2	1	3
3	65437787	66421981	1	1	2
3	66422660	66902515	2	1	3
3	66902781	191182989	1	1	2
3	191183797	198038561	1	0	1
4	72156	31168664	1	1	2
4	31174679	31757319	2	1	3
4	31757508	34380605	1	1	2
4	34383681	35085878	2	1	3
4	35102229	56457785	1	1	2
4	56458942	57602532	2	1	3
4	57604514	70947088	1	1	2
4	70954051	72513654	2	1	3
4	72516190	100142234	1	1	2
4	100143105	101075287	2	1	3
4	101075655	102979044	1	1	2
4	102980538	103012410	2	1	3
4	103013743	115664713	1	1	2
4	115667442	116215168	2	1	3
4	116224190	123264524	1	1	2
4	123268346	123337330	2	1	3
4	123337604	138688248	1	1	2
4	138688391	139732427	2	1	3
4	139733835	157776388	1	1	2
4	157778986	158956624	2	0	2
4	158957051	189661459	1	0	1
5	44922	11289279	1	1	2
5	11295233	11878542	2	1	3
5	11890671	15605838	1	1	2
5	15609811	16460353	2	1	3
5	16469484	18220711	1	1	2
5	18221748	18241080	2	1	3
5	18244351	37765472	1	1	2
5	37765571	45018621	2	1	3
5	45024967	65635686	1	1	2
5	65637185	66258398	1	0	1
5	66261223	74817395	1	1	2
5	74819513	122119901	1	0	1
5	122121069	125439327	1	1	2
5	125453807	126820530	2	1	3
5	126823225	127028162	1	1	2
5	127037117	127777076	2	1	3
5	127778242	128123722	3	1	4
5	128124299	128157514	2	1	3
5	128158739	128213495	3	0	3
5	128213884	131252857	1	1	2
5	131253847	131291767	2	2	4
5	131293699	149989367	1	1	2
5	149990213	150207918	2	1	3
5	150208080	181170660	1	1	2
6	149609	828850	1	1	2
6	829032	836331	2	2	4
6	837998	6753875	1	1	2
6	6754858	8563878	1	0	1
6	8566027	8805120	2	0	2
6	8807667	32592655	1	0	1
6	32614205	33505184	2	0	2
6	33505457	34016643	2	1	3
6	34020664	35652773	3	1	4
6	35678658	38879462	2	1	3
6	38879909	75929011	1	1	2
6	75929233	76327341	2	1	3
6	76327961	80244794	1	1	2
6	80246429	80269336	2	1	3
6	80270340	152166339	1	1	2
6	152166695	152693657	2	1	3
6	152694033	153276379	3	1	4
6	153279550	153427199	2	1	3
6	153432150	157307856	1	1	2
6	157326675	158069747	1	0	1
6	158072350	165425464	1	1	2
6	165430763	165523850	1	0	1
6	165524168	165598149	1	1	2
6	165600054	165601943	2	1	3
6	165602205	170606038	1	0	1
7	198401	8323545	2	0	2
7	8323628	13755477	1	0	1
7	13761973	13973979	2	0	2
7	13977314	15745098	1	0	1
7	15747148	17020682	2	0	2
7	17022447	39533617	1	0	1
7	39544120	82618566	1	1	2
7	82631436	83609056	2	1	3
7	83613728	114010092	1	1	2
7	114010842	148743650	2	1	3
7	148744308	149798776	3	1	4
7	149802381	152137839	2	1	3
7	152142370	152833406	3	1	4
7	152834443	159293956	2	1	3
7	159294115	159325753	3	2	5
8	211532	1242724	1	0	1
8	1242770	2029238	0	0	0
8	2029949	2377773	1	0	1
8	2485144	2617842	0	0	0
8	2621954	23516167	1	0	1
8	23516941	23846782	2	0	2
8	23849388	39354697	1	0	1
8	39354936	39816367	0	0	0
8	39874020	41106368	1	0	1
8	41111201	41446377	1	1	2
8	41447954	42908351	1	0	1
8	42995933	53875691	1	1	2
8	53883108	54170772	3	1	4
8	54171419	56423075	2	1	3
8	56424802	56440971	3	1	4
8	56442206	74685001	2	1	3
8	74685614	74951987	2	2	4
8	74952150	99857123	2	1	3
8	99857130	100419816	2	2	4
8	100420074	121893473	2	1	3
8	121893666	122631042	2	2	4
8	122632418	125994764	2	1	3
8	125996672	128761867	3	1	4
8	128764253	138642602	2	1	3
8	138643699	139250364	1	1	2
8	139250447	139375058	2	1	3
8	139375778	140519277	2	2	4
8	140523719	145074901	2	1	3
9	57539	15756096	1	0	1
9	15757539	20187964	1	1	2
9	20188706	32814132	1	0	1
9	32826854	33425387	2	0	2
9	33426140	33956793	2	1	3
9	33957504	66902037	1	1	2
9	66938951	80157259	1	0	1
9	80160542	120809760	1	1	2
9	120820419	122475241	2	1	3
9	122476897	138181722	1	1	2
10	48486	15528870	1	0	1
10	15531634	20403299	1	1	2
10	20411533	24464217	1	0	1
10	24468265	29028820	1	1	2
10	29029241	41712918	1	0	1
10	41712982	41837943	1	1	2
10	42322981	43319773	4	1	5
10	43320044	43737786	3	1	4
10	43738055	47038030	4	1	5
10	47040792	50440580	3	1	4
10	50441174	52628266	4	1	5
10	52628488	53836742	3	1	4
10	53840088	54224789	3	2	5
10	54225861	55363387	3	1	4
10	55364916	56636399	4	1	5
10	56637192	57437336	3	1	4
10	57437389	59985400	4	1	5
10	59985815	61095876	3	1	4
10	61096991	79313758	4	1	5
10	79316720	79355203	2	1	3
10	79355682	79458745	4	1	5
10	79462390	81778171	2	1	3
10	81782260	81963701	4	1	5
10	81970265	84397747	2	1	3
10	84400536	127237031	1	1	2
10	127238296	128281656	2	1	3
10	128284447	130188458	1	1	2
10	130191312	133621484	1	0	1
11	199813	467339	2	1	3
11	467720	34887353	1	1	2
11	34887519	35223740	2	1	3
11	35228123	50638213	1	1	2
11	50639803	50655815	1	0	1
11	50656440	63787438	1	1	2
11	63803270	64043443	11	1	12
11	64043472	65551794	5	1	6
11	65568234	68131470	4	1	5
11	68135293	68872013	2	1	3
11	68875170	69385757	6	1	7
11	69386824	70018699	4	1	5
11	70023413	86449029	1	1	2
11	86449098	132241023	1	0	1
11	132242999	132252621	2	0	2
11	132253080	132340059	1	0	1
11	132340894	133016478	2	0	2
11	133019405	135031154	1	0	1
11	135032642	135075414	2	0	2
12	175764	3637829	1	1	2
12	3639943	3648757	2	1	3
12	3650048	43201547	1	1	2
12	43201807	43955595	2	1	3
12	43959670	87961145	1	1	2
12	87972077	88974911	2	1	3
12	88975765	106482257	1	1	2
12	106484023	112699726	2	1	3
12	112702236	124366874	3	1	4
12	124370357	126160140	4	1	5
12	126163248	126221351	4	2	6
12	126226527	126942836	3	2	5
12	126943083	133248987	3	1	4
13	18455821	20874861	1	0	1
13	20875553	21733778	2	0	2
13	21737964	43804602	1	0	1
13	43812130	43823785	2	1	3
13	43827964	72657754	1	0	1
13	72663217	76973656	2	0	2
13	76978474	77725263	3	0	3
13	77740284	114343518	2	0	2
14	19784736	55512820	1	1	2
14	55512994	56880568	2	1	3
14	56882204	106882543	1	1	2
15	19790523	28953057	2	1	3
15	28955721	29295617	1	0	1
15	29296883	29314370	4	0	4
15	29315349	32874701	1	0	1
15	32874801	57437091	1	1	2
15	57440545	58881444	2	1	3
15	58883029	81339736	1	1	2
15	81340042	101888846	2	1	3
16	34170	18811870	1	1	2
16	18816202	20306746	2	1	3
16	20309347	67621230	1	1	2
16	67637901	68218176	2	1	3
16	68225078	71708097	1	1	2
16	71711588	73384401	1	0	1
16	73384970	74680114	1	1	2
16	74685789	75127407	2	1	3
16	75129384	75643129	3	1	4
16	75651613	83734303	1	1	2
16	83735222	90096867	1	0	1
17	153794	7310375	1	1	2
17	7310516	8278649	1	0	1
17	8282584	29283579	1	1	2
17	29283844	29417117	3	1	4
17	29421159	30006367	2	1	3
17	30007692	30083259	1	0	1
17	30083306	36009796	1	1	2
17	36011795	36920301	1	0	1
17	36921067	37242969	0	0	0
17	37245660	37755176	1	0	1
17	37757069	39756124	1	1	2
17	39765489	39829548	2	1	3
17	39863888	40849738	3	1	4
17	40850590	41877828	2	1	3
17	41884877	43173473	1	0	1
17	43175604	68931279	2	1	3
17	68932674	69485813	3	1	4
17	69486173	69849659	2	1	3
17	69864054	75321429	3	1	4
17	75325036	83204151	2	1	3
18	64775	3143354	1	1	2
18	3145963	3694531	2	1	3
18	3696244	32980021	1	1	2
18	33008333	33917382	2	1	3
18	33918002	39863601	1	1	2
18	39866125	40879308	2	1	3
18	40883151	47533761	1	1	2
18	47537174	48344046	2	1	3
18	48348190	48783984	1	1	2
18	48786074	49742607	2	1	3
18	49743116	78218998	1	1	2
18	78221500	78245598	2	1	3
18	78245714	80256731	1	1	2
19	274479	8127406	1	0	1
19	8128718	24329194	1	1	2
19	27276949	28926423	5	1	6
19	28946102	29144370	1	1	2
19	29145550	29204464	5	1	6
19	29206227	29365853	30	1	31
19	29366032	29394876	41	1	42
19	29395122	29402378	41	3	44
19	29409939	29457006	19	1	20
19	29458031	29835140	7	1	8
19	29835387	30537370	6	1	7
19	30544460	45615103	1	0	1
19	45627922	49618017	3	0	3
19	49632177	58533199	2	0	2
20	68303	28917500	1	0	1
20	28920305	64283878	1	1	2
21	13224688	36967801	1	1	2
21	36968048	36984537	1	0	1
21	36985975	38469476	1	1	2
21	38472865	41477170	1	0	1
21	41477315	41487295	2	0	2
21	41487949	41648159	2	1	3
21	41653240	43034905	1	1	2
21	43188671	46681423	1	0	1
22	15513541	31701789	1	1	2
22	31708681	40343410	1	0	1
22	40345340	42253503	2	0	2
22	42254657	50757736	1	0	1
