chromosome_index	position	alt_count	ref_count
1	101458764	20	53
1	101611365	27	49
1	101634562	25	59
1	101658964	21	60
1	101658965	21	61
1	101718383	18	67
1	103005752	19	56
1	103108342	13	52
1	103123722	35	68
1	103253738	12	52
1	103471515	22	53
1	103924635	19	74
1	103998322	24	50
1	104193734	19	67
1	104263224	18	49
1	104679581	14	53
1	105358920	23	45
1	105628584	17	66
1	108084945	26	53
1	108997584	8	42
1	109063487	21	57
1	11046965	17	45
1	110985355	21	51
1	111493051	18	63
1	112975141	18	47
1	11352697	21	52
1	113840631	19	57
1	11637126	5	78
1	116961386	18	47
1	117152377	19	42
1	11732799	27	38
1	118421033	29	42
1	119809008	8	88
1	1198973	22	46
1	120936440	16	59
1	121582109	34	45
1	123657785	9	33
1	123946987	2	6
1	123986706	2	102
1	12527211	24	46
1	12539107	15	49
1	13419316	14	54
1	14294487	6	63
1	143246712	12	82
1	143285800	24	70
1	14354466	8	64
1	14368595	21	42
1	145970811	4	76
1	146339392	26	29
1	146963404	19	86
1	147625917	25	86
1	147785289	17	80
1	147842590	22	69
1	147971771	18	62
1	148018514	13	89
1	148639006	27	138
1	15024846	18	60
1	150463590	15	80
1	150489234	39	51
1	150773480	15	58
1	151947868	17	73
1	153263748	27	69
1	153353138	48	56
1	154078576	19	40
1	15670542	16	40
1	157405790	39	59
1	157603765	31	56
1	158250715	20	80
1	158769275	34	77
1	159267378	27	61
1	159599780	25	66
1	159831321	48	82
1	159948272	28	40
1	160628206	28	83
1	160733799	51	64
1	161167066	25	65
1	161282159	20	48
1	161925051	19	56
1	163458812	19	86
1	163548768	16	78
1	164084331	15	86
1	164084337	15	82
1	164165787	20	76
1	16419809	30	57
1	164207046	4	95
1	164568194	20	81
1	164810867	22	72
1	165409355	29	95
1	165422230	18	76
1	166015623	31	63
1	166152797	27	72
1	166167509	20	104
1	166414752	11	62
1	166487785	31	71
1	167689875	30	65
1	16797608	17	107
1	16857797	21	43
1	16908343	40	56
1	169277489	21	33
1	169547474	26	95
1	169924774	8	99
1	170110350	19	69
1	170284156	5	103
1	170299488	39	64
1	170386717	22	75
1	170406644	21	63
1	170907102	22	89
1	172459834	36	52
1	172859064	22	87
1	17312962	23	34
1	173348462	5	92
1	174447451	31	59
1	175332780	26	70
1	175449808	24	74
1	175669214	13	92
1	175696412	25	64
1	176436083	31	89
1	178657474	4	79
1	178854797	33	48
1	179743418	15	99
1	180360364	46	50
1	181547158	20	73
1	181597758	21	84
1	18311405	20	60
1	183365490	28	82
1	183402124	16	78
1	183444359	13	70
1	184075913	18	61
1	184288464	41	70
1	185696184	44	64
1	186129708	44	62
1	186136555	18	70
1	186138155	8	87
1	187024015	33	52
1	187563692	14	85
1	188472468	45	61
1	189451332	15	86
1	189461649	13	81
1	189821168	35	60
1	190428434	7	80
1	190493317	27	84
1	190503382	12	88
1	190503490	35	90
1	190994301	18	82
1	191418561	14	43
1	191448818	9	102
1	192605104	36	82
1	193298985	18	76
1	193927740	30	98
1	193940594	23	75
1	194419487	16	68
1	194446254	24	79
1	194540266	39	52
1	194541977	5	113
1	194705383	18	75
1	194858934	22	69
1	195079352	28	69
1	195601041	21	72
1	195779725	35	61
1	196006890	36	38
1	196255334	15	90
1	196293220	34	88
1	196299814	27	85
1	198086754	21	74
1	198129637	30	66
1	199215109	27	69
1	199363696	23	62
1	199415714	24	86
1	199427615	28	66
1	199432761	27	77
1	200990018	26	74
1	201624697	32	44
1	204729102	50	51
1	204907249	5	92
1	20527763	17	47
1	20688269	18	38
1	207306367	18	62
1	208954083	31	42
1	209306602	5	79
1	210613546	10	76
1	212179364	23	44
1	213578891	49	44
1	213948008	18	66
1	215323656	27	57
1	215776629	24	64
1	21737174	27	47
1	217889689	52	44
1	217934413	36	45
1	218714527	17	22
1	219248955	52	34
1	22014563	24	39
1	220216975	20	58
1	220745693	4	69
1	222188510	25	63
1	225392228	20	49
1	22637742	6	64
1	227149714	46	40
1	227399729	18	40
1	227886649	16	44
1	227933307	49	33
1	228274461	41	28
1	229654573	21	50
1	232569851	38	33
1	232885340	28	31
1	233292364	19	57
1	2339781	17	48
1	23449948	14	47
1	237155503	4	67
1	238145636	50	43
1	238881502	47	30
1	239450346	44	33
1	24057466	21	62
1	241089951	26	43
1	241361260	21	48
1	241702915	4	69
1	241705411	12	52
1	242135404	7	50
1	242647204	20	25
1	243897540	37	29
1	244324627	25	36
1	244968135	16	53
1	246250750	46	32
1	246471178	17	39
1	24904236	25	62
1	25707035	17	56
1	26302275	15	39
1	26684918	20	56
1	27513837	23	53
1	27819210	20	46
1	28128851	21	52
1	2872881	23	40
1	29578464	14	58
1	30176484	18	68
1	3100661	15	58
1	31195310	4	42
1	31926149	14	8
1	31951487	23	47
1	32287826	25	42
1	32652574	17	45
1	3335609	15	78
1	34242482	34	55
1	34258136	20	73
1	34525013	19	51
1	34547094	13	64
1	34794962	15	73
1	35646954	23	46
1	36308431	16	54
1	36908722	22	66
1	37062948	24	62
1	37783844	19	48
1	38017549	13	51
1	38070871	19	37
1	38597265	17	56
1	38621230	20	56
1	39863339	15	41
1	39936160	34	43
1	39965774	21	58
1	40209082	18	52
1	41219926	21	49
1	42089439	28	41
1	42355990	23	51
1	42616783	30	46
1	42805090	21	39
1	4345171	22	56
1	44519069	23	48
1	44543630	20	52
1	4629133	24	58
1	4629134	24	59
1	4636793	29	56
1	46447038	36	55
1	47222211	18	51
1	4772096	29	63
1	48133027	30	54
1	48529413	24	54
1	49549339	16	52
1	49603575	14	48
1	49961875	30	42
1	50391541	20	60
1	50395374	16	58
1	50638506	11	44
1	5133920	35	59
1	52123145	15	50
1	52619318	20	34
1	5379008	17	59
1	54368011	16	66
1	54847172	17	51
1	54907492	8	66
1	55766408	30	53
1	56468163	10	50
1	56468285	15	62
1	57189846	17	42
1	5729563	31	62
1	5750421	17	69
1	5931245	19	63
1	5988805	9	66
1	6004210	19	53
1	60170138	21	60
1	60207111	27	74
1	61374280	15	62
1	62570053	30	45
1	62856857	36	54
1	63214614	24	55
1	63284333	18	34
1	65697271	24	55
1	66738330	17	59
1	70687746	24	69
1	7106614	4	91
1	71969156	26	58
1	72003511	24	63
1	7267861	24	57
1	72873265	23	59
1	72893199	28	35
1	73963687	16	49
1	74543853	35	52
1	74901948	13	61
1	75132867	32	59
1	75169367	14	61
1	75172449	20	61
1	75222224	28	47
1	75255050	34	51
1	75843121	23	56
1	77324691	20	50
1	7736230	23	40
1	77998568	18	41
1	78237231	28	48
1	78975711	29	52
1	79337933	15	74
1	79592651	28	62
1	80253022	25	50
1	81710629	16	19
1	82919801	33	45
1	83452679	6	70
1	84791211	6	49
1	86028143	27	35
1	89101346	28	59
1	89533058	20	70
1	90123474	23	56
1	90243488	24	67
1	90559539	31	58
1	90612372	28	60
1	91152394	14	70
1	92486214	13	61
1	93023580	32	58
1	93573639	20	42
1	94127470	23	50
1	94127472	20	51
1	94134387	9	80
1	95491014	23	56
1	95753112	24	51
1	9674951	12	31
1	96792899	18	64
1	96990044	19	42
1	97995821	16	80
1	98557780	7	74
1	99018934	11	65
1	99283767	26	64
1	99939331	20	32
2	100337493	27	57
2	101592396	8	48
2	101642504	21	48
2	10292911	19	79
2	102947544	21	60
2	103012325	18	55
2	103631945	25	52
2	103727303	16	49
2	103962908	14	66
2	104058087	20	46
2	104823659	28	51
2	105353875	21	40
2	106067998	10	60
2	106948072	15	57
2	107182296	28	58
2	107183562	16	40
2	10723707	15	59
2	107469480	26	59
2	107756974	22	63
2	11051093	25	46
2	113758696	17	48
2	113810841	11	51
2	114245323	18	56
2	114763526	27	63
2	115100544	20	57
2	115319425	19	52
2	115707644	11	57
2	115880693	24	62
2	116213861	15	75
2	116213919	17	78
2	116213995	15	77
2	116214112	13	71
2	116214172	19	75
2	116214191	19	72
2	116214279	18	73
2	116214525	16	76
2	116214526	16	75
2	116214591	10	70
2	116214797	13	83
2	116586834	44	59
2	117130407	26	51
2	118251910	20	78
2	118705349	37	62
2	119041520	17	82
2	119719946	24	75
2	120478995	18	85
2	122805868	11	66
2	123251383	18	71
2	123327702	21	93
2	123532878	32	59
2	123916414	24	113
2	123954466	18	116
2	124121171	84	55
2	125001223	19	47
2	125157569	27	25
2	125633692	11	59
2	125816728	14	42
2	125971029	22	60
2	126302277	23	67
2	126627977	28	42
2	126991234	17	45
2	128334563	12	49
2	128360448	22	52
2	128817191	21	54
2	129015092	21	57
2	129144637	21	43
2	132099517	23	44
2	132120314	25	63
2	132254690	15	59
2	132417632	30	58
2	132496835	30	55
2	133299042	12	47
2	134718764	13	36
2	136026659	9	73
2	136174485	15	45
2	136680672	15	57
2	136711421	21	65
2	137264916	20	51
2	137669172	18	50
2	137787124	4	82
2	137882114	21	57
2	138312255	5	52
2	138618515	26	44
2	138963744	25	52
2	139153205	16	69
2	140130292	20	63
2	140203570	15	59
2	140622406	20	64
2	140622819	18	60
2	142063143	23	67
2	142107713	16	52
2	142357333	18	62
2	142412275	19	62
2	142543279	19	65
2	143088234	33	60
2	143268479	20	54
2	145288302	19	49
2	14534810	50	39
2	145666823	28	56
2	145913814	14	54
2	146190209	21	45
2	146214739	18	49
2	147056949	15	61
2	147238179	25	50
2	147749096	10	64
2	149177840	6	61
2	14940545	26	52
2	149798468	18	50
2	150145549	18	56
2	150344159	22	53
2	150579051	15	61
2	151062749	29	55
2	152050854	10	42
2	152608784	16	47
2	15287531	23	58
2	153324898	24	54
2	153864422	24	44
2	154658617	27	55
2	155687976	24	52
2	155765840	22	56
2	15603016	14	51
2	15732343	23	54
2	157607197	22	53
2	158457351	7	36
2	158803262	15	50
2	159046359	12	48
2	159296087	11	57
2	159376981	8	55
2	159884692	16	54
2	161446733	16	60
2	162014306	4	63
2	162441236	25	46
2	16281178	26	46
2	162865037	20	71
2	163145508	28	50
2	163470269	11	52
2	163737609	25	64
2	163740411	16	66
2	164258288	19	51
2	164450014	22	63
2	16472933	24	51
2	16548270	15	57
2	165906973	21	46
2	166662750	20	56
2	16680039	44	32
2	166874593	23	39
2	166974060	13	53
2	16826169	19	56
2	168972026	19	62
2	169084310	14	61
2	170150061	14	39
2	17081266	39	47
2	172746072	17	61
2	173503510	19	59
2	174090315	24	45
2	175779174	6	69
2	176049600	15	47
2	176160012	25	52
2	176353864	12	57
2	177225491	24	48
2	1783094	20	46
2	180011004	17	73
2	180508904	25	59
2	18080318	32	30
2	181975408	11	40
2	183702219	20	44
2	183905472	13	61
2	184153202	20	64
2	184675230	21	45
2	184838587	20	51
2	185013795	21	57
2	185160146	22	48
2	185378724	23	67
2	185676385	18	55
2	185695597	15	43
2	186227113	12	39
2	187130226	25	51
2	187323689	17	62
2	188198355	5	88
2	18979424	23	70
2	192989858	15	48
2	19467614	27	59
2	194815905	17	66
2	194930129	17	51
2	195085135	19	52
2	195208480	19	55
2	196061035	20	53
2	196993931	17	53
2	19745785	19	73
2	197464066	7	12
2	197605364	18	58
2	197729393	22	62
2	198807735	24	65
2	199318693	23	63
2	199661528	19	59
2	199752738	16	30
2	199979002	11	67
2	202317517	16	42
2	202745899	19	64
2	204296422	15	55
2	204803159	13	37
2	205085135	17	58
2	205136946	24	62
2	205932178	29	56
2	206216829	13	42
2	206891922	15	39
2	207551065	21	50
2	207595405	19	34
2	208385911	21	41
2	209876907	12	55
2	211578168	19	49
2	211696694	18	55
2	211859635	20	55
2	213137311	9	47
2	214293298	18	53
2	215641319	14	52
2	216107181	19	50
2	21616748	19	57
2	216378568	39	53
2	216758338	19	74
2	217320207	5	79
2	217408046	15	69
2	218501580	10	78
2	218687896	19	77
2	22055134	21	17
2	220930024	44	67
2	221111542	27	92
2	221554794	36	42
2	221720535	55	50
2	222217873	12	69
2	223158887	18	65
2	224236674	21	34
2	224378630	30	74
2	224816351	26	51
2	225904229	45	68
2	226050905	22	70
2	22631758	14	59
2	227217559	21	90
2	227235291	23	76
2	227417325	20	85
2	228027397	16	68
2	228804874	12	50
2	228938060	19	81
2	229013238	49	67
2	230055211	35	44
2	231817867	8	77
2	232502930	30	25
2	232945043	18	49
2	233068146	11	58
2	233944665	16	87
2	235337969	17	70
2	236000191	32	52
2	23693770	31	65
2	237126435	20	76
2	2382616	20	79
2	238804635	18	92
2	239276897	25	93
2	239582114	18	76
2	239616257	15	77
2	239827561	18	66
2	240104164	43	59
2	240249203	16	80
2	241218276	16	41
2	24247921	18	65
2	24850207	6	61
2	25385909	37	40
2	26448714	8	70
2	26824229	14	29
2	2797621	16	73
2	29762026	17	59
2	30958444	7	89
2	31471292	18	72
2	31718034	4	110
2	3224900	41	58
2	32432793	27	46
2	32509543	20	74
2	33549744	36	49
2	33768632	42	57
2	33917550	31	50
2	33981904	18	67
2	34118910	29	73
2	34214510	15	67
2	34754944	14	60
2	35244993	17	84
2	35613047	36	53
2	36602977	15	67
2	37376973	15	73
2	37593972	18	63
2	38505070	24	36
2	3973978	21	93
2	39857309	22	76
2	40463895	12	73
2	40870669	27	53
2	41040609	13	52
2	42291730	34	62
2	46403118	28	56
2	4722246	30	67
2	48034330	33	56
2	48647423	17	39
2	48905899	15	24
2	49273054	20	57
2	49461889	5	14
2	49862744	12	46
2	49880905	12	54
2	51873685	14	51
2	52007813	22	62
2	52429545	28	57
2	53123808	16	59
2	53160073	14	65
2	53236398	6	70
2	53562724	22	49
2	55462489	23	51
2	55666714	10	38
2	56273312	19	41
2	56853955	23	45
2	56881763	5	15
2	57681430	26	44
2	58360281	16	68
2	58540787	23	55
2	58701249	11	56
2	59307928	20	70
2	602082	39	81
2	6136849	7	94
2	61419042	20	44
2	62165637	7	46
2	62867146	29	38
2	6460970	47	59
2	66037549	21	67
2	66212982	22	59
2	66445418	25	45
2	67105425	27	57
2	67626189	6	83
2	67764246	22	69
2	68322067	19	53
2	69156435	9	63
2	70410942	19	39
2	70680110	7	63
2	70775707	19	51
2	7079022	21	80
2	72021513	18	69
2	72090672	28	46
2	73108252	19	70
2	74092318	16	53
2	76249211	16	55
2	76905009	20	59
2	77379282	5	76
2	77763085	17	52
2	77942535	12	54
2	78121890	15	55
2	78408403	15	47
2	78681985	18	45
2	78873505	21	62
2	79360222	23	68
2	80068935	28	58
2	80452550	17	48
2	80470654	16	48
2	81026287	11	62
2	8143350	18	78
2	82511805	14	46
2	83089229	27	50
2	83294990	18	57
2	83419544	21	69
2	83789132	12	59
2	84081896	25	61
2	85004939	16	38
2	85481373	17	42
2	85493590	16	32
2	86610692	17	48
2	88117664	8	50
2	88135739	18	49
2	89106233	21	46
2	89240215	20	52
2	90144598	23	25
2	9035332	14	53
2	91691336	15	57
2	93442341	7	22
2	94198205	11	100
2	94540154	37	100
2	96748997	17	35
2	98803426	26	51
2	99008647	18	49
3	100690202	23	85
3	102477493	7	104
3	102481139	43	60
3	102908244	27	68
3	103470988	56	32
3	103470993	59	33
3	103751605	8	14
3	10480552	14	63
3	104989222	15	71
3	106541736	23	77
3	107115893	57	36
3	107436578	26	90
3	108605314	18	94
3	108795932	51	18
3	108812019	49	44
3	110309351	26	63
3	111948883	57	44
3	112332779	10	82
3	112437957	11	84
3	112581452	66	31
3	113559439	7	80
3	113694714	20	59
3	114039712	54	30
3	116722156	25	77
3	117294816	59	39
3	117726129	24	84
3	118120375	54	39
3	118332126	54	49
3	118342862	23	67
3	118345951	71	42
3	118616191	22	77
3	118664149	69	45
3	118857479	59	36
3	120440148	23	83
3	120486406	5	102
3	121247595	63	35
3	125358591	13	65
3	125977491	25	54
3	126105345	21	73
3	126766659	20	73
3	126771227	45	35
3	126825376	18	79
3	129561559	9	94
3	13082236	48	32
3	13126341	18	88
3	131358338	15	81
3	131880303	49	93
3	132078938	22	144
3	132983833	62	81
3	133561621	34	68
3	134912283	20	136
3	135049921	39	101
3	135162114	18	123
3	135843352	55	66
3	135945804	13	106
3	1367702	60	47
3	137335474	44	93
3	137454817	19	122
3	137474041	6	132
3	137499382	17	123
3	137565585	39	84
3	137654287	19	131
3	137792536	33	85
3	138617697	2	38
3	139409156	22	112
3	139795990	73	77
3	140328973	18	135
3	140585856	23	139
3	140710546	14	101
3	141052349	51	69
3	141695926	25	108
3	14217455	20	64
3	142421212	64	72
3	142597465	28	89
3	142854908	22	113
3	143036476	16	125
3	143077474	25	127
3	143240946	17	135
3	143631177	16	133
3	14403955	27	83
3	144368161	13	122
3	144384763	61	99
3	144984756	46	96
3	145395594	65	104
3	145502811	22	87
3	146957794	14	100
3	147081314	30	90
3	148286150	44	98
3	148315020	62	67
3	148339881	15	131
3	148625573	48	100
3	149179360	19	120
3	150454977	59	54
3	152948759	23	62
3	153913081	25	111
3	1540448	19	74
3	154728567	74	80
3	156901834	62	74
3	157213254	10	123
3	157424891	20	108
3	157562385	13	110
3	157809298	6	139
3	157850255	17	126
3	157886054	77	85
3	157917371	9	135
3	158030942	55	59
3	15942347	19	65
3	159607101	43	102
3	159819235	19	111
3	161081342	23	115
3	162201105	36	83
3	162499841	37	97
3	162500862	21	77
3	162556623	14	122
3	162809541	17	114
3	163158877	40	97
3	163556946	48	85
3	163886480	60	75
3	164168175	47	89
3	165453323	42	87
3	165985405	51	65
3	166138051	42	76
3	166271060	12	114
3	16660079	17	84
3	167190976	46	104
3	167434846	17	120
3	167563827	35	91
3	167563828	36	92
3	168283158	46	81
3	168420265	22	112
3	168688146	54	79
3	169534676	15	122
3	169772235	20	88
3	171096559	19	113
3	172464666	8	105
3	172486552	14	100
3	172629860	73	65
3	172812439	5	105
3	172932206	16	126
3	173207790	61	91
3	173238404	52	84
3	174362334	68	61
3	17482680	52	68
3	175144541	32	101
3	175386508	18	117
3	175584714	37	95
3	176114467	22	127
3	176409886	41	102
3	176739791	30	99
3	176879266	27	96
3	176994675	8	96
3	177218575	11	79
3	178252013	25	102
3	179074507	18	111
3	179402634	35	87
3	179528801	16	122
3	179548566	17	84
3	179693325	16	98
3	179797601	25	76
3	180547463	52	113
3	180582270	19	107
3	181655309	48	74
3	181894533	9	84
3	182266275	10	79
3	183044146	14	107
3	183539787	15	103
3	185121801	22	88
3	185538382	13	79
3	185926076	29	87
3	18665679	18	102
3	187125851	16	115
3	187347451	6	89
3	187865792	16	97
3	188134753	18	82
3	188815916	79	49
3	189083930	15	107
3	189251423	21	96
3	191445405	58	47
3	191765256	16	96
3	192061991	17	80
3	192559060	68	48
3	192882367	23	90
3	193215873	26	94
3	193279284	5	104
3	194770622	29	75
3	195329091	19	74
3	196600876	59	43
3	19756210	23	68
3	20584018	60	39
3	2083560	40	50
3	20991323	20	94
3	2194045	75	30
3	22023124	64	36
3	23809396	10	52
3	24914091	55	31
3	25540452	26	67
3	27075742	63	41
3	28182685	21	93
3	28207133	50	25
3	28839876	22	93
3	29079572	52	38
3	30573814	34	57
3	32345634	7	73
3	32669841	50	22
3	35692739	23	78
3	35715033	14	86
3	36066227	62	35
3	36493935	39	40
3	36805179	21	77
3	38679689	52	35
3	39193614	6	91
3	39315222	19	65
3	40782549	15	59
3	42433481	61	31
3	42584464	16	79
3	44062907	24	79
3	4524243	54	32
3	45651432	19	65
3	45912689	23	83
3	46556725	52	31
3	47236439	16	78
3	48030308	45	27
3	48195903	6	63
3	52357059	51	30
3	5334834	13	86
3	53360619	11	64
3	54742830	18	76
3	55646069	59	44
3	55754903	8	104
3	5776190	7	84
3	58248623	7	76
3	58566201	15	76
3	59008875	62	44
3	5960525	8	50
3	60544114	45	37
3	60964001	21	72
3	6138043	62	37
3	6272879	13	78
3	62968004	26	68
3	64980532	23	86
3	65480081	18	71
3	65626393	39	67
3	67530560	48	36
3	68813645	24	81
3	70580082	29	76
3	71150986	60	29
3	74408286	17	79
3	75079181	60	53
3	75631523	7	129
3	75848970	62	32
3	75966153	15	79
3	7605268	69	40
3	76504036	50	26
3	76820360	12	72
3	76873573	21	65
3	77059023	47	30
3	77128210	51	39
3	77522970	9	88
3	77586141	10	85
3	78241721	60	33
3	78839243	6	79
3	79272771	19	71
3	7953975	19	89
3	80972538	10	69
3	81224336	24	73
3	81882541	20	82
3	82013854	29	96
3	82863505	63	28
3	83972687	40	54
3	84918632	18	85
3	85501107	19	65
3	85533683	52	40
3	85596800	68	42
3	85675028	61	36
3	85949928	60	33
3	86464385	11	70
3	86513812	55	45
3	86523933	15	68
3	86597929	18	75
3	8734557	53	26
3	87955655	51	32
3	88432690	40	29
3	88712101	42	53
3	89542888	10	78
3	8995639	20	56
3	90020931	5	88
3	90268944	56	35
3	90280134	16	63
3	90280160	18	70
3	90424081	9	56
3	91524408	24	53
3	934701	4	72
3	94848727	11	20
3	94848734	14	19
3	9550997	13	69
3	96017913	54	34
3	96088212	61	32
3	96198539	66	33
3	96606573	61	36
3	98700631	35	37
3	99545075	20	84
3	99873403	5	100
4	100819968	17	72
4	101027263	41	60
4	101371907	21	44
4	103056376	35	67
4	10326844	21	51
4	103972741	17	49
4	103979484	32	48
4	105754200	22	58
4	106379335	27	52
4	10650636	5	73
4	107953660	24	63
4	109975116	13	45
4	110322916	13	56
4	111654069	23	67
4	112959148	18	45
4	113878696	24	64
4	114687628	22	53
4	114797973	15	69
4	115434421	23	60
4	115942572	20	63
4	116295302	20	62
4	116363727	20	53
4	116544201	28	45
4	116866163	25	49
4	117548306	22	54
4	118355913	25	70
4	118466715	13	47
4	118616467	20	55
4	119251228	25	63
4	119857530	24	64
4	120408898	18	52
4	120471664	11	47
4	120648322	24	46
4	12138942	6	74
4	122454945	22	55
4	122747638	22	66
4	123328248	21	44
4	125404694	18	48
4	126097939	21	52
4	126365822	19	56
4	126366208	18	53
4	126373782	21	46
4	126717239	25	59
4	127074213	16	46
4	127219553	16	57
4	12729522	13	57
4	129710469	24	65
4	129710475	23	65
4	130010417	19	55
4	130235657	12	49
4	130271031	20	48
4	130285963	21	59
4	13050836	14	56
4	130511513	14	66
4	130664022	25	63
4	131525232	28	59
4	131536662	18	53
4	131635162	16	80
4	131724167	6	57
4	132145727	22	71
4	132220162	24	56
4	132607149	11	45
4	132739531	24	60
4	133313348	16	59
4	133438005	24	71
4	133709792	12	41
4	133769077	14	57
4	135020400	17	52
4	135307395	23	59
4	135540448	20	76
4	135741267	18	52
4	136291644	22	57
4	136532462	17	57
4	137202547	27	58
4	137223510	23	57
4	137235717	18	50
4	137775971	17	52
4	139554630	18	56
4	14075817	17	65
4	141282510	18	50
4	141838911	17	54
4	142459254	20	52
4	143225524	18	46
4	143862376	20	46
4	144207528	15	60
4	14421241	16	54
4	144247264	19	43
4	144460059	25	53
4	144681657	16	51
4	144773219	14	60
4	144859491	14	69
4	145444849	11	35
4	146160909	22	52
4	146655485	20	58
4	146672009	10	46
4	148117794	20	37
4	148644956	25	49
4	151264460	12	42
4	151628251	8	53
4	15184265	16	48
4	151845939	24	60
4	151967065	18	56
4	152041732	19	52
4	152570646	16	41
4	154281508	16	52
4	154551145	5	57
4	154740632	4	58
4	155027941	18	54
4	155124231	19	60
4	155149775	21	58
4	155810968	21	55
4	156049566	14	64
4	158559062	20	53
4	159658554	22	46
4	160066383	22	54
4	160445378	21	53
4	160595837	21	42
4	161055696	19	52
4	161703925	19	50
4	162848755	17	47
4	162942876	16	66
4	163038322	8	69
4	16307982	22	49
4	163964015	17	52
4	163998587	18	60
4	164064463	20	52
4	164498471	21	48
4	164738732	19	43
4	166049959	17	48
4	166171476	16	62
4	166901025	16	68
4	167003175	20	63
4	167407721	21	51
4	168228649	17	45
4	168499634	15	58
4	168671004	13	30
4	168916144	19	57
4	17033762	16	55
4	170422590	5	68
4	170458774	19	44
4	170875587	26	57
4	170986495	23	60
4	171147573	15	46
4	171410155	17	60
4	171516886	21	44
4	171644557	18	46
4	172017832	23	63
4	17210186	11	46
4	172134053	21	58
4	172455520	25	61
4	17266265	22	54
4	172866144	5	72
4	173630582	17	44
4	174110113	22	81
4	174929726	13	51
4	175864022	24	47
4	175903270	26	52
4	176001187	22	56
4	177251701	13	58
4	177528209	15	51
4	178518812	18	56
4	178863710	11	43
4	179335641	13	28
4	179888390	18	73
4	179919999	14	62
4	180360720	21	45
4	180729250	13	54
4	180946191	24	69
4	181181143	16	48
4	18129322	20	58
4	181342042	23	58
4	182000093	16	56
4	182670071	11	51
4	183411160	14	37
4	184141574	23	62
4	18414397	23	51
4	185168497	22	42
4	186264762	23	63
4	187482162	19	51
4	187483623	17	48
4	187995235	19	38
4	188845044	20	60
4	19610291	16	52
4	19972806	23	40
4	20006786	18	52
4	20434651	8	80
4	21013867	17	54
4	21431439	21	54
4	21504337	13	54
4	23853082	22	57
4	24014536	31	58
4	24446847	27	41
4	25528573	13	41
4	27912190	32	37
4	28808082	33	41
4	29785476	21	42
4	29799118	25	40
4	29867455	15	42
4	29931019	21	32
4	30353185	17	39
4	31744896	24	40
4	31770072	28	34
4	32158396	19	33
4	32651490	18	25
4	32793640	16	43
4	32793641	18	42
4	33153793	17	34
4	33197656	10	43
4	34000242	16	33
4	35318114	20	30
4	36894092	23	43
4	37787083	18	36
4	3973611	19	57
4	39812735	10	27
4	40657726	20	43
4	4067698	3	54
4	40981886	15	42
4	42533934	25	50
4	4330626	9	63
4	43398234	23	52
4	43721935	14	87
4	44395845	26	56
4	44658107	23	71
4	45724744	7	61
4	46148961	20	43
4	46196821	27	43
4	46291643	20	48
4	46309589	29	60
4	46545809	18	66
4	46727064	7	71
4	46942317	26	60
4	47350216	14	23
4	48095984	25	52
4	48178628	23	68
4	49721976	5	16
4	52073423	14	44
4	52097833	24	67
4	52153572	23	57
4	52619215	3	75
4	53002819	26	68
4	53271255	14	52
4	53764828	18	53
4	54330836	27	55
4	54501346	19	55
4	54811818	20	53
4	54902895	22	50
4	56098599	16	45
4	56538944	11	39
4	57153376	12	54
4	57844508	21	66
4	58115657	16	56
4	58211168	16	55
4	58421056	17	63
4	58664923	15	42
4	59216976	19	48
4	59349191	21	67
4	59760634	30	49
4	60681778	33	52
4	60697978	9	70
4	61131024	17	55
4	61158368	21	76
4	62705364	17	45
4	62941480	21	67
4	62958108	34	86
4	63068970	23	79
4	63468908	25	46
4	63761426	23	58
4	63882089	22	55
4	64500278	19	58
4	64937363	27	64
4	65040780	21	65
4	65960227	16	45
4	66603784	23	46
4	66810688	13	53
4	6695950	20	60
4	67218237	25	57
4	68103989	19	43
4	69198199	19	73
4	71543013	16	66
4	72039404	22	44
4	7225642	31	53
4	7600596	16	44
4	79211204	18	50
4	80338106	8	56
4	82231577	22	50
4	8243594	18	53
4	85574578	28	47
4	86374416	17	51
4	87722963	6	68
4	89294142	16	57
4	89829292	14	64
4	91015677	17	57
4	91637782	23	51
4	92698860	23	57
4	92850134	19	50
4	9512673	5	66
4	95516662	23	72
4	96332373	14	63
4	96466297	16	56
4	96627360	13	58
4	98013187	21	54
4	99726826	14	44
5	101116157	37	30
5	101136198	17	41
5	101307525	20	75
5	101339378	9	56
5	101341778	4	60
5	101357188	43	40
5	101438896	22	66
5	102044145	14	56
5	10233315	37	78
5	102583867	36	34
5	103809830	16	45
5	104255401	16	44
5	105269328	43	32
5	105807016	17	34
5	107811817	41	31
5	107845677	26	52
5	108421657	30	30
5	108479697	19	57
5	108904029	18	48
5	110034588	38	31
5	110410858	16	67
5	111074715	38	36
5	112236852	20	59
5	112706292	20	61
5	11332982	20	103
5	11504070	34	63
5	116466598	48	38
5	116556505	47	48
5	117250343	21	37
5	117576644	45	40
5	120166635	32	68
5	120458244	21	52
5	12145155	38	84
5	121921749	42	33
5	122057741	23	64
5	12535191	10	103
5	125441100	47	33
5	127352521	36	32
5	127499032	8	70
5	12866570	25	87
5	128693849	20	65
5	129184956	25	33
5	129376430	6	93
5	129716854	40	33
5	13007389	33	72
5	130886853	29	45
5	133529959	42	42
5	134378969	39	22
5	13464003	42	74
5	134894177	26	22
5	135138173	19	59
5	13574234	49	74
5	136022665	12	65
5	136584564	36	40
5	13723593	17	124
5	138237830	5	95
5	139003946	25	96
5	139680853	17	76
5	140424223	14	73
5	141729218	15	69
5	142681185	14	56
5	142795057	21	66
5	142863723	21	89
5	143640711	24	67
5	143800609	13	62
5	144150405	51	66
5	14418554	20	106
5	146236270	37	37
5	147123967	17	66
5	147707066	19	89
5	148109673	20	80
5	148708084	20	64
5	149392969	30	29
5	150485986	15	38
5	150643282	20	72
5	151012880	44	57
5	151766032	19	79
5	151947906	12	68
5	152052202	18	51
5	15244644	12	82
5	152545757	17	72
5	15256903	24	104
5	152575012	21	59
5	153604344	42	67
5	153687178	18	72
5	153738799	22	62
5	153928915	20	67
5	154174071	23	72
5	154736104	32	42
5	155348460	53	50
5	155805187	21	79
5	156360503	31	89
5	156567784	35	52
5	156792715	14	74
5	156857228	16	47
5	156957462	35	55
5	157231893	30	52
5	157785283	16	67
5	158105304	30	49
5	158240016	43	42
5	159130453	38	41
5	159217675	39	63
5	159677338	18	73
5	160044595	18	57
5	160820187	33	64
5	161075339	33	102
5	161100623	44	70
5	161551211	43	62
5	16168421	45	73
5	162246701	18	62
5	162308686	21	88
5	163126989	19	68
5	163523522	19	67
5	163658073	15	59
5	163743620	37	63
5	163835663	43	39
5	163945767	46	63
5	164131218	12	89
5	164278836	16	71
5	164449459	37	43
5	164492958	23	87
5	164965023	22	71
5	165175567	9	67
5	165333531	27	54
5	165334051	13	60
5	166142963	15	74
5	166422040	44	51
5	166859525	37	51
5	166927442	16	65
5	166974215	16	72
5	167207353	16	68
5	168755319	37	56
5	169175643	21	89
5	16966664	4	85
5	169730565	22	64
5	170171777	16	19
5	170579936	24	68
5	170613190	15	85
5	171090181	15	63
5	171763109	18	70
5	172533531	29	84
5	172675031	21	56
5	1730193	39	54
5	17358706	22	71
5	174813463	16	60
5	174931780	16	72
5	174967494	24	34
5	175045054	11	61
5	175344812	19	73
5	175664467	15	74
5	176335569	19	47
5	177228337	27	41
5	177228338	27	39
5	177703615	5	59
5	178127547	20	79
5	178493317	21	64
5	179103420	30	70
5	179116784	16	96
5	179144560	19	67
5	179302078	30	53
5	179326311	11	64
5	179685106	37	31
5	179832915	16	73
5	179971472	40	57
5	17999477	29	73
5	180453178	40	55
5	18471662	14	90
5	18892381	43	90
5	19012367	40	84
5	19606190	15	96
5	19694520	38	74
5	20024989	33	83
5	20749260	48	63
5	21135320	13	78
5	21435670	26	67
5	21971695	38	71
5	22442644	17	86
5	22549271	32	69
5	23199945	26	74
5	23226423	22	113
5	23444693	15	82
5	23510157	45	57
5	24237672	34	61
5	24511228	24	98
5	24852858	37	91
5	24901783	39	78
5	24925307	15	80
5	25171026	42	73
5	25252050	23	102
5	25349211	38	61
5	25795860	6	81
5	25828279	12	94
5	26081004	19	97
5	26324489	37	53
5	26445236	36	68
5	26501450	30	82
5	26513243	41	72
5	26535633	19	86
5	2660517	40	82
5	27044981	21	84
5	27045045	21	75
5	27144099	47	75
5	28388161	22	80
5	28431447	40	53
5	28717361	25	68
5	28891134	20	91
5	29589529	14	103
5	30419056	42	63
5	30675819	17	105
5	30748182	19	100
5	31370190	16	96
5	31695278	52	48
5	33137145	21	79
5	33169965	18	97
5	33306230	31	69
5	33387970	31	26
5	33450588	26	105
5	34154048	33	58
5	34786702	5	104
5	35166982	49	73
5	36651615	43	58
5	37170783	25	75
5	37241487	18	91
5	37528688	40	67
5	37529574	19	77
5	37786579	17	99
5	37895060	44	90
5	39980802	29	62
5	39984760	19	91
5	40862996	12	58
5	40928571	17	90
5	41177309	15	94
5	41749475	20	75
5	42025198	49	83
5	4279754	20	81
5	43304021	26	101
5	43774439	39	82
5	44390859	45	82
5	44671691	19	113
5	44858960	57	70
5	44931708	35	86
5	4502166	47	74
5	45429485	29	58
5	45486195	14	93
5	45705765	32	72
5	45835786	52	60
5	46245092	21	76
5	46269032	26	68
5	46283327	34	54
5	46359997	19	79
5	478238	22	115
5	4898268	27	113
5	4941204	6	91
5	50659522	24	96
5	5105556	21	91
5	51335094	15	127
5	51429535	20	83
5	52253173	27	89
5	53232561	48	84
5	53498094	19	88
5	53963692	12	86
5	54297972	30	76
5	54778536	50	73
5	55569689	35	54
5	56219339	25	23
5	57572883	17	55
5	5866090	51	74
5	58761067	31	28
5	60532992	47	32
5	60893243	37	37
5	62753846	47	27
5	63253279	18	57
5	63728310	20	60
5	67663689	42	33
5	6767349	39	73
5	73729820	57	30
5	74876897	9	34
5	74906908	30	31
5	75091975	5	84
5	76208024	38	34
5	76723589	46	27
5	76784480	41	19
5	77097254	23	46
5	77510875	32	21
5	78121942	11	66
5	79253888	19	42
5	8024514	18	90
5	80640498	14	44
5	80932904	28	34
5	82185438	39	32
5	8247084	24	106
5	83346080	15	52
5	83734750	22	43
5	84546105	22	43
5	84583385	9	47
5	8510487	42	78
5	85352818	19	29
5	85352819	30	22
5	85423497	41	31
5	85555776	18	49
5	85640423	19	50
5	85747920	6	64
5	85832838	26	23
5	85832896	26	27
5	85987326	26	58
5	86440275	19	54
5	8658818	33	59
5	86803390	8	23
5	88288211	34	35
5	88447952	31	41
5	9024921	25	87
5	90803625	39	34
5	91348228	15	41
5	91528743	13	45
5	9165653	45	72
5	92164203	21	54
5	92267923	39	32
5	92318237	46	47
5	92812726	12	80
5	935805	20	117
5	94725468	45	29
5	96549875	44	38
5	96788095	38	31
5	97093890	42	39
5	98181077	40	38
5	98260698	11	46
5	9828373	44	81
5	98561922	43	39
5	98664877	14	59
5	9942254	25	97
6	100150338	11	71
6	100234171	18	74
6	10030638	39	45
6	100383563	38	40
6	10144449	37	54
6	101994772	5	78
6	102116425	39	54
6	102170327	45	71
6	102178873	29	54
6	102834465	19	75
6	103142175	20	63
6	103260236	28	69
6	103274310	28	71
6	103367592	29	62
6	104661259	42	70
6	104700179	27	51
6	104715595	20	70
6	105645758	40	61
6	105726210	17	66
6	105742955	27	71
6	107434875	19	53
6	107720604	5	89
6	107965188	40	46
6	108159154	17	66
6	108431508	23	54
6	110104894	35	49
6	110554687	37	52
6	110629580	19	58
6	111663977	18	63
6	111694005	27	70
6	111980383	23	67
6	112195386	17	66
6	112360298	6	96
6	11403517	28	38
6	114514580	9	90
6	114726589	38	49
6	114903000	33	69
6	117064642	20	71
6	117165796	46	62
6	117423997	16	68
6	11770207	5	67
6	117777755	39	59
6	117996905	43	62
6	119102452	17	63
6	120147670	32	49
6	121398520	16	58
6	121671999	33	54
6	121711246	25	52
6	121997629	27	18
6	122099770	31	65
6	122723801	23	72
6	122892769	17	70
6	123081938	14	93
6	123446915	22	65
6	123801885	19	75
6	124208665	24	59
6	124472565	20	84
6	124591374	17	78
6	124601068	19	62
6	124901973	18	88
6	125113149	21	78
6	125480483	45	59
6	125715460	37	50
6	12587247	38	45
6	127319181	16	47
6	128665982	24	76
6	128947788	13	38
6	130030390	32	40
6	13177381	6	39
6	132340510	36	55
6	132515623	25	72
6	132905442	25	48
6	133350590	22	63
6	133813409	23	75
6	134186824	18	46
6	134770641	10	73
6	137513785	12	66
6	138024746	16	80
6	13919501	14	52
6	139297784	34	39
6	13958243	32	37
6	139840558	14	76
6	141833535	27	66
6	142184315	32	58
6	143000920	26	48
6	143158346	13	78
6	143371858	16	74
6	143902324	29	71
6	144133579	4	76
6	144295651	23	81
6	145202897	25	73
6	14567082	9	74
6	146367626	19	81
6	146456503	13	76
6	146564396	43	54
6	146755022	33	66
6	146924713	21	78
6	14695631	17	53
6	147313832	19	80
6	147366050	24	83
6	14800411	25	66
6	148442835	15	71
6	148450620	31	35
6	148745203	26	65
6	149380312	10	73
6	150076524	19	75
6	15191651	16	37
6	152093933	16	86
6	152341849	28	64
6	152714310	33	53
6	153106149	33	47
6	153260761	19	65
6	153369921	38	53
6	153427029	21	79
6	153608432	13	69
6	153629405	28	50
6	154215183	15	77
6	154276223	25	42
6	154574187	12	75
6	155993592	23	59
6	156062183	36	54
6	156596880	16	70
6	157543272	17	78
6	15765888	6	93
6	1577258	7	84
6	158240326	4	37
6	158850777	20	53
6	159762094	30	37
6	159889306	25	67
6	160117110	19	68
6	160500261	18	86
6	160572296	30	42
6	160756914	9	76
6	160764529	16	82
6	161579611	20	63
6	161735909	22	59
6	162117345	15	63
6	162727920	24	57
6	162859869	39	53
6	163703951	14	67
6	164082180	20	75
6	164473945	17	78
6	165577817	15	56
6	165661100	39	49
6	166265590	19	74
6	16736352	9	54
6	167754957	17	72
6	1685145	50	40
6	168964040	24	100
6	169167851	21	66
6	169964535	11	80
6	17057601	5	65
6	17086463	6	71
6	19291215	6	66
6	19684676	29	29
6	20044741	26	53
6	20409611	7	59
6	20462953	14	39
6	21040590	36	41
6	22830304	5	64
6	25170846	11	64
6	2583885	39	38
6	25943601	16	52
6	26906948	27	27
6	27061439	28	50
6	27523508	13	51
6	28230537	34	42
6	328533	22	194
6	34017390	43	42
6	36516144	29	39
6	37340939	20	45
6	37353081	9	49
6	39197052	50	38
6	39590429	28	32
6	40955298	5	76
6	41353480	5	58
6	42139095	3	87
6	42139113	3	72
6	42267652	37	27
6	42505618	7	58
6	42968250	9	54
6	43985185	40	39
6	44225623	31	41
6	44416966	6	60
6	44430114	39	40
6	44465092	21	60
6	45485699	39	39
6	46646709	40	43
6	48044999	43	52
6	49097496	32	28
6	49514326	48	54
6	4971817	16	56
6	50249163	13	41
6	50416207	35	33
6	50950072	24	66
6	51665314	12	65
6	52348792	41	37
6	52788239	40	43
6	53799572	14	76
6	54357660	7	76
6	55010692	6	70
6	5705132	18	63
6	60403325	32	35
6	60705262	22	49
6	6077156	9	55
6	61155231	12	59
6	62097454	20	54
6	62140728	31	37
6	62151251	23	33
6	62152091	38	48
6	63727739	8	26
6	63903738	15	87
6	64312102	8	62
6	64406948	9	84
6	64448037	8	71
6	64707233	6	69
6	65252803	13	60
6	65695628	31	42
6	66091341	38	52
6	66105622	11	71
6	66155336	37	41
6	6626825	24	55
6	66272142	35	38
6	66490681	19	59
6	68244946	4	64
6	69152410	41	39
6	69376150	26	36
6	6939991	25	38
6	6981357	28	32
6	70402951	17	21
6	71682560	24	71
6	71795667	24	50
6	7242643	17	43
6	72546748	35	39
6	73037253	32	38
6	74042305	5	57
6	74646483	29	48
6	74987735	6	66
6	74989499	34	45
6	75116980	29	53
6	75820773	16	62
6	76121689	20	66
6	76616824	4	66
6	77169900	28	36
6	77446018	6	87
6	77449526	5	86
6	77464562	8	70
6	77682645	39	40
6	77991804	8	91
6	79315062	37	44
6	80171032	35	45
6	8104441	8	44
6	82323072	13	68
6	82652255	8	61
6	84419076	19	77
6	84451008	25	48
6	84515235	6	64
6	84774797	30	46
6	84902443	18	65
6	85046449	12	60
6	85993093	20	14
6	86261965	8	55
6	86461302	17	36
6	86536596	27	44
6	88099085	4	69
6	88298944	4	60
6	88384864	42	44
6	8975221	18	52
6	8975263	19	55
6	90525492	4	71
6	91145182	18	74
6	91619249	19	41
6	91754187	36	39
6	91821521	4	72
6	92280527	10	61
6	92410099	14	64
6	92800723	23	70
6	93780270	37	30
6	93793159	43	41
6	94316186	14	67
6	94322000	34	28
6	94449647	18	64
6	94709056	11	48
6	95794518	21	61
6	95941157	20	49
6	96863772	15	75
6	96964944	18	76
6	97001751	15	69
6	9765555	4	70
6	98094397	28	43
6	98279178	22	73
6	98391966	19	68
6	99038469	26	59
6	99223469	35	51
6	9945334	20	58
6	99654296	14	58
6	9966611	28	76
6	99822214	6	75
6	99879694	13	76
7	100631424	22	89
7	100903860	58	65
7	101841231	48	68
7	102373424	10	88
7	102753372	24	105
7	10288328	9	109
7	10328239	66	86
7	103506310	27	105
7	103970228	17	107
7	104154426	44	69
7	104731350	16	114
7	105097497	18	121
7	105304938	21	103
7	105774647	16	94
7	105872874	10	106
7	106272656	21	112
7	106415225	55	77
7	106738416	11	74
7	10814048	37	78
7	108241069	61	82
7	108637590	44	110
7	108738907	42	97
7	109814570	31	103
7	109929272	17	110
7	109996740	37	103
7	110519403	19	101
7	110854417	16	117
7	110858517	33	115
7	11110083	25	110
7	111146916	6	145
7	111603282	18	102
7	111909264	20	117
7	113187606	45	77
7	113980441	41	90
7	114232534	49	80
7	114266881	22	125
7	114726483	14	116
7	115182867	58	79
7	115362608	51	60
7	115618882	6	100
7	115701874	21	112
7	115911715	23	121
7	116583564	10	120
7	11709879	17	138
7	118127450	69	81
7	118373213	22	110
7	118422536	17	113
7	118573975	16	102
7	118964117	3	135
7	119339140	30	133
7	119431229	19	117
7	120511026	16	59
7	12109344	18	140
7	121487814	16	74
7	121674370	17	62
7	122458316	44	38
7	12286096	9	129
7	12508352	15	99
7	125734412	25	95
7	125984035	15	81
7	126240762	15	66
7	126442034	49	34
7	126764715	62	38
7	128239836	52	28
7	129277114	10	60
7	130473061	6	78
7	130724243	60	45
7	131074607	15	69
7	131540759	21	66
7	13184047	24	114
7	132239875	5	109
7	13234110	19	117
7	132616182	51	30
7	13313395	19	93
7	133418746	52	34
7	135648063	52	32
7	136978452	52	41
7	137550170	11	91
7	140648585	4	65
7	141869714	13	70
7	143502812	15	72
7	144862593	54	36
7	147280637	20	73
7	149667181	7	94
7	149692247	12	64
7	151398967	12	89
7	15309657	44	83
7	153288812	17	85
7	153529972	63	38
7	154211553	16	82
7	155119557	18	67
7	156297500	58	33
7	156374356	22	77
7	156721400	48	28
7	15706867	14	120
7	157538335	16	74
7	159036991	84	42
7	16622778	28	78
7	17302810	57	71
7	17310437	43	83
7	17515716	14	112
7	18756287	68	81
7	18869149	10	140
7	19119712	61	91
7	19260456	16	98
7	19344011	18	111
7	19729446	7	118
7	19802793	18	111
7	22099661	21	101
7	22689115	11	107
7	22804287	25	97
7	2290918	14	110
7	23140370	21	101
7	23228272	4	114
7	23443416	29	70
7	23488691	29	75
7	25079162	35	87
7	25107347	44	73
7	25671545	45	90
7	26138542	44	86
7	2628598	37	89
7	26524483	64	85
7	27144842	20	125
7	2738147	41	92
7	27938910	18	115
7	29309427	49	106
7	29410547	23	123
7	2978226	13	93
7	30478421	39	106
7	31005190	15	121
7	31103317	26	103
7	31649259	37	92
7	31730357	22	122
7	31741397	61	61
7	32230093	32	108
7	32717404	26	107
7	32831550	39	85
7	35302964	19	111
7	35310206	68	66
7	36069442	8	107
7	36289783	40	100
7	36607070	18	107
7	36711727	22	129
7	36711981	53	65
7	37030007	29	90
7	37306771	41	94
7	3768018	42	92
7	37689857	43	106
7	40031330	21	93
7	41270940	13	106
7	41943215	19	106
7	42224566	16	126
7	42308045	21	125
7	42565257	8	45
7	43071569	5	129
7	43313557	13	104
7	45482122	13	122
7	45779384	15	106
7	46685374	56	75
7	47521369	24	136
7	48516175	33	119
7	48538897	28	100
7	48550741	20	109
7	48941225	19	116
7	48996647	26	94
7	49057835	42	88
7	49306501	6	107
7	49347085	19	129
7	49708845	33	90
7	50153840	52	64
7	51101090	41	99
7	51101289	37	89
7	52329441	44	85
7	52732690	61	70
7	53244778	15	135
7	53547833	61	88
7	53661933	53	88
7	54072570	39	93
7	54468135	19	137
7	54484400	24	125
7	54593528	27	137
7	54640077	21	107
7	5630989	27	108
7	56459257	59	72
7	56465763	39	88
7	56810985	48	65
7	56829550	39	89
7	56883034	20	100
7	56936219	18	45
7	57099404	53	62
7	57103866	26	107
7	57291687	17	94
7	57345546	20	103
7	57829292	51	143
7	57986322	32	65
7	58106200	18	86
7	5901008	30	83
7	61035325	27	141
7	61066836	21	111
7	61741947	17	144
7	61949147	26	96
7	62246826	11	112
7	62346738	16	81
7	62423705	17	100
7	62547765	20	70
7	62550542	24	79
7	62867653	16	87
7	62900725	39	72
7	63180544	36	84
7	63245165	27	41
7	63501570	23	90
7	63857311	11	102
7	63883291	36	82
7	63954713	19	90
7	64192359	20	95
7	64260303	41	52
7	64260311	40	52
7	64347322	41	87
7	64432401	15	99
7	64439958	16	120
7	64645266	23	58
7	64804919	15	106
7	648176	34	54
7	64913291	17	98
7	65181824	10	97
7	65337554	34	75
7	6572340	14	103
7	67703186	53	66
7	68367083	40	82
7	68373819	46	67
7	68489166	14	102
7	69767628	14	92
7	70222226	7	116
7	7051996	22	110
7	71543038	19	87
7	71822538	14	84
7	71882203	55	71
7	71932270	9	89
7	72027784	17	72
7	72247245	13	48
7	74116732	12	66
7	74314285	15	94
7	74387953	10	112
7	7489015	17	113
7	75031546	5	103
7	76164546	27	49
7	76190265	15	92
7	77117642	16	103
7	77508205	28	106
7	77753522	17	87
7	78813581	66	70
7	79003772	21	114
7	79116739	14	133
7	79301920	17	123
7	79740329	19	103
7	79882040	31	104
7	79953666	74	79
7	80484440	22	81
7	8113966	13	96
7	81293562	20	116
7	81881959	42	102
7	82630584	12	39
7	82630920	15	89
7	83253131	36	94
7	83717363	17	137
7	8374432	66	75
7	83745653	61	79
7	84155354	36	84
7	84156593	5	113
7	84403848	20	120
7	84486493	62	73
7	84654775	67	74
7	84838162	12	109
7	8527378	27	125
7	85850640	31	120
7	86283111	40	83
7	86435330	48	99
7	86579020	28	104
7	87823791	34	74
7	8801836	67	95
7	89147240	56	63
7	89544148	17	115
7	90176907	23	128
7	9026113	59	76
7	90956138	38	82
7	91205202	48	91
7	91334659	15	131
7	91418309	20	102
7	92252092	36	112
7	92351717	38	59
7	92901147	14	107
7	93257664	45	102
7	93484002	24	111
7	93536412	17	131
7	93575059	18	98
7	93716857	14	76
7	94226253	44	55
7	9434001	29	106
7	94421046	22	112
7	94675180	16	120
7	94746363	18	111
7	95971912	70	93
7	9626513	19	112
7	96545459	14	107
7	96563411	29	77
7	96660920	19	99
7	97315088	44	67
7	9739293	63	90
7	97508532	61	71
7	98717068	46	54
7	99120907	15	104
7	99223698	18	40
7	99554496	18	95
7	99717833	14	106
8	100264696	48	140
8	10028250	43	49
8	100711775	15	133
8	101516181	115	42
8	101845686	117	44
8	102534575	20	178
8	102552725	24	131
8	102957881	37	119
8	103285709	39	117
8	103315097	117	68
8	104282186	46	119
8	104650713	140	63
8	104722029	40	144
8	105069675	23	171
8	105451407	8	154
8	105704392	23	172
8	105780608	6	195
8	106012251	25	147
8	106376372	28	143
8	106739862	18	141
8	106971230	130	47
8	107173977	38	144
8	107863086	21	160
8	108305408	19	144
8	108313028	33	119
8	109145682	112	49
8	109148786	128	50
8	109664756	133	47
8	109793395	21	142
8	110052711	125	65
8	110052989	22	151
8	110191576	16	131
8	110906758	26	147
8	110931100	33	139
8	111043639	18	148
8	111077403	22	153
8	111154195	118	58
8	111508543	17	140
8	111545327	16	168
8	111669338	11	173
8	111910024	45	151
8	111935111	8	166
8	111945097	46	126
8	112178654	20	156
8	112297698	19	157
8	112452009	114	70
8	112495599	23	150
8	112667520	100	56
8	112722297	13	156
8	112832369	24	167
8	112907322	18	161
8	112998806	20	154
8	113231341	11	146
8	113580673	75	98
8	113691050	19	166
8	113857814	23	150
8	113884343	25	140
8	113997763	20	143
8	114132326	30	137
8	114281690	35	129
8	11464500	12	75
8	115566668	25	138
8	115737993	23	168
8	115855916	42	120
8	116193242	21	151
8	116253346	18	151
8	116414323	117	54
8	116900393	23	150
8	116934828	6	132
8	117490391	44	138
8	117518641	16	147
8	117700825	41	128
8	118303248	6	156
8	119159404	15	153
8	119497712	14	138
8	120862355	30	150
8	121024789	20	164
8	121105397	129	67
8	121744645	26	126
8	122133490	17	171
8	122266611	37	119
8	122273620	15	158
8	12228174	15	14
8	122420592	14	162
8	122627856	23	155
8	123133875	17	141
8	123627123	20	191
8	123916226	17	163
8	124290398	14	134
8	124421733	24	162
8	125184459	33	116
8	125228229	27	171
8	126064540	26	168
8	12782424	4	94
8	127987182	44	136
8	128190815	5	175
8	12914825	19	76
8	129513501	5	158
8	129611982	113	46
8	129617152	18	151
8	130271516	33	154
8	130369126	20	158
8	130573076	17	145
8	13072091	18	74
8	130853332	35	152
8	131133285	105	31
8	131198825	5	180
8	131212909	17	139
8	131312286	117	63
8	131436472	16	144
8	131517059	133	69
8	132372774	14	123
8	132447147	23	139
8	133114927	58	143
8	133500565	22	159
8	133599802	20	160
8	133724251	23	176
8	133862975	125	56
8	134164061	27	132
8	134330623	16	167
8	134851675	7	179
8	134938691	5	173
8	134950400	11	172
8	135874597	33	133
8	136353852	20	101
8	136600354	21	176
8	136977055	12	167
8	137180683	135	58
8	137379096	15	169
8	137564053	22	170
8	137578019	126	54
8	137743255	20	178
8	138440290	114	49
8	138579350	20	154
8	138853556	23	158
8	138927960	41	118
8	13909126	41	58
8	139919089	22	155
8	140051848	19	130
8	140136382	45	169
8	140535597	19	141
8	140786434	13	172
8	140866483	79	92
8	140922033	11	132
8	141022385	43	132
8	14121546	13	90
8	141496664	14	163
8	141648760	38	139
8	142017984	5	165
8	142207420	5	95
8	142315318	17	162
8	142950180	25	66
8	142957836	6	169
8	144258086	22	156
8	144261272	14	144
8	144851461	35	147
8	14533099	36	52
8	14835827	25	79
8	15038577	22	73
8	15089706	5	89
8	15372867	21	69
8	16925468	27	41
8	16976887	14	77
8	17006025	19	57
8	17492436	23	64
8	18970147	15	67
8	19242034	10	51
8	19573339	23	72
8	19877324	24	77
8	20523997	20	73
8	20587607	22	46
8	21166177	21	74
8	21860280	25	70
8	22854999	4	18
8	23192132	19	60
8	2348579	25	58
8	25786722	18	75
8	25954279	13	73
8	26128003	33	37
8	26970560	22	72
8	27211972	23	70
8	27937285	14	58
8	2877832	13	69
8	28984884	19	77
8	29395162	7	83
8	31239765	19	139
8	31708476	15	113
8	31861953	15	148
8	32307188	22	174
8	32549324	21	154
8	32683232	12	145
8	327392	37	47
8	32809852	26	114
8	32890247	27	170
8	32919523	19	167
8	33045105	98	104
8	3318359	11	70
8	33712368	20	123
8	33745088	43	128
8	33799791	18	151
8	33830715	36	107
8	33879016	70	48
8	33896440	98	45
8	34312261	22	151
8	34421426	23	181
8	34517219	112	50
8	34566979	13	134
8	34570877	97	53
8	34674721	112	63
8	34745020	15	163
8	34989546	42	93
8	35178847	93	26
8	35420301	118	34
8	35469897	37	104
8	35522742	47	104
8	35933123	19	135
8	36649724	25	167
8	37033231	19	132
8	38084239	39	136
8	38549023	83	34
8	40279093	35	127
8	40279101	34	129
8	40558863	23	169
8	4057582	17	73
8	4107954	13	76
8	41418223	14	114
8	41511759	11	166
8	41553302	8	113
8	41882723	4	186
8	42376810	33	147
8	4329715	21	85
8	43752850	17	164
8	43869195	16	128
8	4411792	38	61
8	44490000	16	209
8	44836361	11	118
8	46281020	22	162
8	46540444	27	124
8	46876017	31	160
8	46942978	23	168
8	4772034	19	99
8	48373076	24	175
8	49099821	26	197
8	49101411	56	137
8	49105604	34	160
8	49291307	53	135
8	49323731	22	152
8	49389988	30	158
8	49613047	45	141
8	49721969	17	138
8	49985508	17	165
8	50069943	16	148
8	50095336	17	129
8	50171505	21	169
8	5043167	5	87
8	50769618	122	49
8	50783400	25	162
8	5084753	18	73
8	50980847	14	157
8	51261652	12	116
8	51306455	41	117
8	51356498	35	151
8	5140864	18	70
8	51674830	31	156
8	52962213	19	149
8	53036616	13	150
8	53375584	14	185
8	53678310	12	147
8	53831080	81	59
8	54283886	40	123
8	54486695	23	170
8	54505922	17	125
8	54696426	16	195
8	54874668	122	56
8	55059087	16	124
8	55085717	16	151
8	55278188	28	144
8	55314536	26	161
8	55560282	28	180
8	55561073	46	122
8	55641380	122	43
8	55857380	33	105
8	55972633	37	118
8	56021264	115	59
8	56111965	113	46
8	5642409	47	36
8	56499430	12	167
8	56893048	24	141
8	57129472	13	140
8	57137408	18	139
8	57152036	14	144
8	57415576	16	160
8	5757981	32	85
8	57799761	14	149
8	57919439	30	102
8	58269330	41	152
8	58384061	17	90
8	59017000	15	177
8	59085986	25	143
8	59129062	21	146
8	59413291	17	154
8	59915041	16	156
8	60187721	17	155
8	60551262	98	55
8	60560948	15	147
8	61088358	19	160
8	6128903	40	46
8	6133672	10	66
8	61699922	8	184
8	61797153	35	153
8	6241068	20	65
8	62497050	17	169
8	62557858	17	142
8	62674884	18	161
8	62900307	18	159
8	63317510	46	122
8	63375895	25	126
8	63400974	115	62
8	63561721	25	170
8	63568139	7	188
8	63586789	15	187
8	63689607	21	150
8	63721017	11	185
8	63985795	18	158
8	64370331	25	147
8	64410594	17	138
8	64453864	22	115
8	64928632	38	97
8	65435865	40	103
8	66237759	46	123
8	66263640	42	109
8	6650767	18	61
8	66636601	14	114
8	67017555	18	112
8	6708588	7	56
8	67392399	22	121
8	67443863	14	127
8	67822491	98	58
8	68412827	26	95
8	69082278	20	141
8	69199069	10	153
8	69312704	89	61
8	69321509	24	127
8	69326342	7	127
8	69435736	35	94
8	70086971	18	116
8	70975311	20	133
8	71112751	21	137
8	71320109	28	138
8	71492893	24	154
8	72357715	104	60
8	72395013	15	154
8	72682875	12	160
8	7362626	17	140
8	73649758	48	25
8	75317660	37	106
8	75507321	17	137
8	75730843	15	146
8	76222410	16	130
8	76568604	21	133
8	76810833	14	122
8	76902175	21	134
8	76954823	25	49
8	77569726	24	149
8	78288328	17	150
8	78538351	28	152
8	78826545	15	156
8	80113555	42	110
8	80465644	30	91
8	81920145	98	54
8	82318229	96	46
8	82392759	23	109
8	82604019	105	68
8	82788601	34	113
8	83653148	39	104
8	85221227	6	118
8	85226626	18	129
8	85237906	12	133
8	85459490	96	63
8	85651363	51	3626
8	86151924	22	127
8	86279739	42	109
8	86965997	89	69
8	87077439	71	44
8	87602759	95	51
8	87648294	34	109
8	88301318	17	120
8	88350963	21	155
8	88701034	19	140
8	89209185	30	124
8	89358920	92	60
8	90068672	31	118
8	90266951	120	65
8	90357312	33	110
8	90615429	112	51
8	91167626	5	143
8	91257565	88	83
8	91958639	14	113
8	92594485	32	96
8	93059631	103	60
8	93181980	20	138
8	93834179	14	116
8	95115604	48	114
8	95992644	24	121
8	97446781	19	151
8	97534403	15	121
8	98314590	107	55
8	98983534	15	161
8	99585825	107	54
8	99888506	24	168
9	100307903	38	52
9	100339806	18	65
9	100703203	17	65
9	101464485	22	68
9	101722354	44	59
9	101842853	16	95
9	102461310	44	58
9	102749805	24	80
9	102870420	16	85
9	103174317	20	50
9	103471431	23	69
9	103638985	4	83
9	10442771	32	38
9	104820533	42	39
9	10616379	14	75
9	108165649	22	76
9	108608885	52	52
9	109115257	23	69
9	109866908	20	60
9	11107503	41	45
9	112730438	20	42
9	115003107	18	84
9	115820781	38	63
9	116043738	19	76
9	11668821	13	58
9	116839881	30	40
9	11708580	15	61
9	1184490	11	49
9	119560915	18	65
9	119673378	16	63
9	120766174	33	39
9	122885551	15	54
9	122969519	26	49
9	12401974	32	30
9	124758973	15	64
9	125411173	18	60
9	127044454	12	67
9	127794903	41	53
9	129609522	16	75
9	132128660	9	80
9	133023972	21	74
9	133492070	36	49
9	135104636	31	55
9	135180580	18	71
9	135660997	43	61
9	135761913	14	73
9	136390443	13	69
9	136426321	44	34
9	136534500	23	69
9	137547416	6	46
9	137939853	31	48
9	138062557	42	56
9	14068845	27	58
9	15369191	19	51
9	15369739	18	76
9	15384543	15	46
9	1738294	45	44
9	17733757	37	53
9	18822930	37	59
9	19415729	37	37
9	19472849	5	72
9	20280040	11	91
9	21522588	14	65
9	22010371	38	61
9	22464044	24	29
9	22639734	29	80
9	23110416	16	70
9	23214148	37	56
9	24019801	17	73
9	24180877	48	65
9	25168395	15	63
9	25301972	13	78
9	25306347	33	40
9	25725932	16	78
9	26601739	20	87
9	27252064	7	92
9	27690683	14	79
9	28734539	46	43
9	28829868	26	75
9	28879770	19	65
9	29221994	46	56
9	29475926	19	85
9	29520906	22	51
9	29813630	35	60
9	29922253	16	78
9	30133754	13	68
9	30277745	8	80
9	30732038	21	86
9	31294507	10	116
9	31474713	49	69
9	31651639	21	82
9	32152884	15	71
9	33353905	43	38
9	34739471	26	78
9	35124009	42	43
9	36667472	15	48
9	37045498	22	86
9	38071351	31	13
9	38274803	20	83
9	38748816	29	31
9	38878577	24	33
9	41038258	17	159
9	41076314	38	156
9	41619336	17	209
9	41797956	13	189
9	42036146	15	145
9	42424416	11	140
9	42904624	18	60
9	4379084	36	34
9	45441254	9	22
9	45456927	4	60
9	5334621	23	57
9	60568790	21	88
9	61972277	16	132
9	62861672	17	304
9	63579122	23	124
9	65974369	12	103
9	68725074	67	57
9	68826152	24	76
9	69272675	21	41
9	69272677	18	40
9	69580219	18	85
9	70372108	41	49
9	71934925	27	48
9	72008692	19	65
9	72174765	13	53
9	72201778	40	39
9	72344303	41	43
9	72642414	29	40
9	73189551	17	73
9	73800395	17	93
9	73886534	9	62
9	74032798	34	49
9	74128549	26	76
9	74314000	21	74
9	74534172	25	85
9	74917948	5	83
9	75257000	27	63
9	75684627	14	57
9	76860868	34	55
9	77765161	47	50
9	78189696	18	61
9	78191040	19	73
9	78638979	19	71
9	78669565	15	72
9	79162172	13	74
9	80245328	7	102
9	8136975	12	54
9	81469608	10	56
9	81605419	40	40
9	81960754	27	62
9	82921177	20	75
9	83254676	17	63
9	84944215	12	68
9	85913046	14	59
9	86538510	25	64
9	87450067	34	50
9	87548078	6	71
9	87754923	13	62
9	87791278	13	82
9	87941009	8	59
9	8857204	16	48
9	88851050	10	77
9	90349618	24	75
9	90895968	25	97
9	9134363	27	43
9	91742732	15	55
9	91884196	14	78
9	94255792	8	37
9	94698281	16	49
9	95694731	17	71
9	96648197	11	75
9	96797713	20	71
9	97039495	10	60
9	97204558	15	84
9	97385024	15	71
9	9785257	43	41
9	98113007	13	56
9	98329355	25	84
9	98562381	16	59
9	98677054	29	66
9	99089513	13	61
9	99302508	25	77
9	99335983	25	83
9	99378127	22	71
9	99719966	50	49
9	99893993	24	94
10	100339643	40	40
10	101254764	19	57
10	102510547	6	25
10	103273168	26	42
10	104361405	24	62
10	104437975	20	74
10	104478980	40	43
10	104581771	11	67
10	104742367	17	69
10	104960074	35	39
10	105491848	14	70
10	105861865	22	66
10	106167983	21	60
10	106208178	16	83
10	106261497	5	87
10	106311335	35	57
10	106610918	14	53
10	10662525	31	31
10	106769937	16	64
10	106785576	23	49
10	106946174	19	60
10	10716697	11	57
10	107359778	28	72
10	107364646	39	44
10	107604231	33	47
10	108064374	23	75
10	108155517	41	61
10	108243293	17	66
10	108307675	45	54
10	108367905	12	57
10	108387397	19	73
10	10848322	17	94
10	108686380	12	82
10	108686382	12	83
10	108978656	38	56
10	109206103	39	46
10	10937297	33	63
10	109652460	34	61
10	109753225	28	54
10	110328252	17	56
10	110558998	20	67
10	110997295	15	81
10	111393306	17	67
10	111789632	47	48
10	111878756	6	88
10	11219816	18	138
10	112353771	13	14
10	113863689	17	69
10	115171092	20	68
10	115474395	18	62
10	115587833	33	67
10	115789573	4	102
10	115916861	30	56
10	115977636	15	83
10	11613662	42	89
10	116215373	19	76
10	116462718	33	57
10	116760408	37	59
10	116803310	10	69
10	116882193	20	77
10	117713429	37	56
10	11928901	4	115
10	12068343	4	91
10	121845888	9	66
10	122800945	12	74
10	123282135	11	62
10	123537900	23	81
10	12360698	31	97
10	127496503	17	78
10	127925953	17	67
10	128745374	11	98
10	129339488	18	76
10	129934390	18	66
10	130063117	29	52
10	130146361	8	80
10	130708680	16	65
10	130755967	18	70
10	130992628	24	59
10	131116065	16	75
10	131472195	25	67
10	131714036	13	61
10	132114846	17	69
10	132932904	5	93
10	13535617	8	119
10	136413	30	97
10	14026506	16	134
10	14194536	43	81
10	14296131	24	95
10	14492183	19	123
10	14521570	85	64
10	1457020	75	72
10	14858266	39	104
10	16001292	73	70
10	16132925	17	118
10	16414285	15	111
10	1665663	102	81
10	17482368	12	127
10	17543532	13	110
10	1869680	14	145
10	18808913	84	70
10	19289862	34	95
10	19501508	26	105
10	20530150	34	114
10	20688681	10	154
10	21185471	27	67
10	2123063	16	137
10	2137687	62	78
10	21972706	11	121
10	22022988	49	125
10	22361784	21	130
10	22583476	21	133
10	22929633	20	109
10	23419259	20	122
10	23566341	21	62
10	23822479	18	117
10	23838553	15	132
10	23847824	21	111
10	23867009	35	55
10	24438882	21	137
10	24872809	22	47
10	25232625	26	32
10	25256836	19	70
10	25515060	18	67
10	25705129	19	60
10	26094704	23	59
10	26191363	18	73
10	26438792	11	59
10	26513723	26	43
10	26943170	15	76
10	27775937	22	79
10	2816919	13	106
10	28311426	14	58
10	2852319	60	53
10	28836612	8	52
10	29089874	20	52
10	29648862	13	80
10	30144803	8	57
10	30234604	4	77
10	30664190	5	89
10	31278422	25	44
10	31296603	9	63
10	31995986	36	111
10	32269298	45	97
10	32933495	21	109
10	33146960	25	131
10	33167154	23	115
10	33176025	26	129
10	33401732	36	27
10	34701257	22	108
10	35324710	7	123
10	35577578	36	99
10	35614541	44	85
10	35814294	67	87
10	36004030	35	95
10	3606203	22	104
10	36443112	24	94
10	36670431	56	65
10	36820228	59	79
10	36999446	16	101
10	37201699	30	84
10	37261034	46	65
10	37553551	45	58
10	37752608	15	61
10	37818106	8	75
10	3806740	18	146
10	38740649	18	63
10	38897015	15	30
10	39938518	1	36
10	40543939	24	159
10	4100627	33	96
10	43728095	45	24
10	43762239	23	43
10	44244138	12	43
10	44395462	23	51
10	45763724	29	31
10	45816769	45	33
10	45980931	27	24
10	4800176	83	62
10	4918077	17	134
10	50353342	16	117
10	50843884	33	43
10	5115842	17	123
10	52340069	32	33
10	5242458	22	107
10	52572394	13	58
10	5271012	16	118
10	5301514	35	137
10	53461822	21	53
10	5414683	16	133
10	55437906	24	52
10	5590553	13	143
10	56004081	34	35
10	56167925	20	53
10	56214439	45	39
10	57173019	15	35
10	57483322	14	46
10	57607984	4	69
10	57992477	18	59
10	58113512	38	39
10	59096190	8	65
10	5981979	9	115
10	6025459	82	59
10	62169398	37	25
10	62383847	16	57
10	6474286	42	68
10	6647662	9	102
10	66618466	17	58
10	68515844	25	25
10	69033125	6	41
10	72784481	19	45
10	7550901	19	106
10	77331026	16	42
10	78859394	36	42
10	80603789	15	42
10	81363722	31	38
10	81823673	4	68
10	81862683	25	47
10	81920330	16	59
10	8211773	16	130
10	8224487	26	122
10	8269068	8	8
10	82739475	42	42
10	83202935	19	57
10	83650162	19	61
10	8385108	20	118
10	8422534	18	101
10	8473022	17	104
10	8513823	10	120
10	85285848	20	50
10	85904102	43	33
10	86300327	22	45
10	8869896	19	71
10	90511624	5	59
10	9091165	34	78
10	91060945	41	45
10	91093869	34	35
10	9185035	25	97
10	9315949	53	64
10	93714987	41	29
10	94673104	25	31
10	95049753	40	37
10	9546321	14	53
10	965666	7	148
10	97412642	15	46
10	97911585	16	64
10	99290194	17	65
10	99577823	8	60
10	99645182	10	58
11	100096411	21	73
11	100720650	13	61
11	100720651	13	60
11	100933295	18	61
11	101085569	12	68
11	101239862	42	59
11	101266468	17	58
11	101448932	27	82
11	101518157	22	82
11	101529846	19	83
11	102078719	30	50
11	102597974	23	76
11	102895304	29	61
11	103344873	26	74
11	103902556	45	53
11	103948856	23	67
11	104162171	13	89
11	104535874	18	81
11	104619677	35	49
11	105771354	20	59
11	105827622	22	75
11	105908310	18	95
11	106228417	25	91
11	106452008	45	46
11	106592949	36	56
11	106657756	10	74
11	106657990	19	81
11	10713087	29	75
11	107258935	43	72
11	107610228	12	63
11	107670121	20	62
11	108096116	11	52
11	108479378	11	70
11	10862321	18	73
11	109450774	21	70
11	111222484	9	69
11	111303590	13	87
11	111390251	23	50
11	11204767	30	80
11	112214737	17	72
11	112314976	41	48
11	112565328	7	71
11	112760813	17	72
11	113499083	30	51
11	113697956	42	51
11	115158605	42	45
11	115404546	17	69
11	115421943	26	65
11	115671400	22	61
11	116016269	25	74
11	116358368	33	69
11	116479339	24	66
11	116699099	15	62
11	117460657	17	60
11	117621504	17	59
11	119201941	17	53
11	121745774	20	73
11	122313237	49	50
11	122634157	12	66
11	122727518	41	53
11	122870533	18	60
11	123656257	21	73
11	124157090	16	35
11	124166299	13	46
11	124388978	26	51
11	124630179	18	81
11	125057785	13	83
11	126285701	14	51
11	126683999	20	57
11	127663452	41	53
11	127670909	11	62
11	128227008	19	44
11	128227024	14	49
11	128366794	27	94
11	128812408	17	86
11	129153918	45	53
11	130098131	24	57
11	130954950	20	76
11	131000790	18	72
11	131328558	29	50
11	131758891	25	82
11	132582849	25	68
11	132638732	20	77
11	133510112	41	61
11	133880475	18	76
11	133970401	29	48
11	134482755	27	78
11	135017143	19	80
11	14505180	25	78
11	15151184	22	80
11	15214562	15	85
11	15218560	20	74
11	15289157	25	76
11	15725533	50	75
11	15911357	16	81
11	18892442	13	65
11	1894657	28	66
11	19481666	22	86
11	19772421	48	42
11	20159725	37	65
11	20346608	20	72
11	20944338	40	48
11	21075826	20	82
11	21510897	17	62
11	22205741	20	84
11	23938294	35	62
11	2394506	12	78
11	24846946	30	43
11	25325512	45	52
11	25534885	20	82
11	25644201	25	79
11	25802434	21	75
11	26632171	3	98
11	2727943	18	84
11	27726796	25	79
11	27809208	37	60
11	29112409	15	67
11	29269821	21	87
11	29704103	17	85
11	29724920	32	50
11	29951246	17	71
11	30142130	22	82
11	31058564	39	55
11	31962973	16	78
11	32558593	13	71
11	33954980	41	58
11	34843963	26	81
11	35317815	22	79
11	35710254	17	63
11	36957924	19	75
11	37481710	20	74
11	37558568	32	56
11	37613057	22	80
11	38066016	21	72
11	38110985	23	64
11	38195454	15	74
11	38398553	19	78
11	38581336	23	95
11	38700465	8	75
11	38742857	20	68
11	39084002	38	70
11	39159475	10	79
11	39661144	17	74
11	39681018	24	83
11	40968114	19	85
11	41231090	39	45
11	41421810	18	77
11	41795430	18	70
11	4185216	26	85
11	42638623	8	91
11	4283378	8	41
11	42978751	44	44
11	4334574	7	112
11	45398711	23	55
11	45640819	16	68
11	46612585	27	40
11	46633003	7	18
11	46868638	24	79
11	46910119	12	56
11	47347595	3	60
11	48405939	27	64
11	49026228	16	62
11	49780984	10	59
11	49864397	20	63
11	49911248	7	63
11	49943045	23	67
11	50217223	25	42
11	50269209	20	70
11	50313892	40	57
11	50330434	23	63
11	50477843	20	79
11	50495028	18	58
11	50555012	18	59
11	51142434	5	15
11	54417773	11	10
11	54885205	13	69
11	55075939	14	57
11	55077688	37	36
11	55764932	20	82
11	55940003	20	74
11	56151542	37	69
11	56385618	20	69
11	56471244	38	45
11	57011361	20	62
11	5760995	21	71
11	58234638	25	65
11	58371338	18	66
11	58445564	38	37
11	59747354	23	75
11	60350305	36	54
11	60568304	20	64
11	61674812	25	71
11	61692334	20	71
11	62246058	42	59
11	62883627	25	68
11	6386005	22	73
11	63886278	17	76
11	64493866	21	75
11	6480559	37	51
11	65464466	20	68
11	6552077	41	48
11	66389712	21	55
11	66424707	14	63
11	66427200	24	66
11	67569262	35	51
11	67854666	16	89
11	68148091	28	48
11	68477741	9	20
11	68499116	15	59
11	68737845	5	87
11	68784632	12	59
11	69143356	4	90
11	69422673	19	80
11	69748029	14	50
11	69773957	21	69
11	7118076	17	72
11	71339249	16	72
11	71665505	23	69
11	7191151	11	62
11	7191242	10	70
11	72239787	21	63
11	72682003	29	45
11	72836499	15	89
11	72908048	17	69
11	74143112	16	51
11	74526094	13	68
11	7478629	20	81
11	75120362	43	52
11	75355522	14	65
11	75693942	11	66
11	75990254	11	66
11	7650921	22	70
11	77056329	34	54
11	77124031	38	65
11	77612599	33	47
11	777391	10	50
11	79904094	21	80
11	80457992	21	69
11	80754391	18	76
11	80914740	44	62
11	81458766	36	33
11	81970508	26	69
11	83807823	56	63
11	85186681	23	81
11	85496392	23	65
11	85646865	49	46
11	86633494	38	66
11	87622315	15	79
11	88138786	9	83
11	88367322	25	65
11	89504258	22	88
11	89531915	50	72
11	90721835	19	73
11	90774285	13	78
11	91108992	16	48
11	91500769	18	77
11	92514032	8	92
11	92514566	20	58
11	94325908	17	77
11	94475186	25	68
11	95347076	50	54
11	96198154	18	72
11	96924927	20	84
11	96972926	24	84
11	96981692	18	57
11	97495307	24	70
11	97782067	25	79
11	97829728	16	63
11	98330631	17	85
11	98354560	29	64
11	98389816	17	80
11	98875568	37	54
11	98983368	22	71
11	99506579	13	74
12	100748064	43	56
12	102169288	24	68
12	102730875	20	87
12	103121160	19	77
12	103121161	19	78
12	104324412	22	77
12	104427746	34	52
12	104808285	38	56
12	104887574	13	64
12	105289233	25	78
12	105506196	9	61
12	105832342	17	71
12	107210031	38	51
12	108108480	8	99
12	109355207	17	71
12	111580802	13	43
12	112540882	23	33
12	113077841	10	32
12	114032751	38	40
12	11583880	16	67
12	115921384	35	53
12	117272975	19	66
12	117875243	22	63
12	118362110	35	39
12	118522352	19	68
12	118538358	20	63
12	118643579	19	64
12	120872574	15	51
12	121046948	8	29
12	12116367	20	68
12	121685484	19	60
12	12174491	17	75
12	122479414	5	60
12	122827672	33	51
12	123532581	20	60
12	123669309	39	44
12	12464600	22	71
12	125496702	36	66
12	125563404	12	74
12	126753211	24	76
12	126805966	33	48
12	126892123	16	85
12	126897783	39	70
12	126900966	18	70
12	127243960	19	76
12	127555808	21	75
12	127735940	11	83
12	128089870	20	78
12	128448773	21	72
12	128618898	9	82
12	12950334	15	58
12	129904158	20	65
12	130411645	21	71
12	130573842	18	53
12	13161420	24	84
12	131841563	33	40
12	131846380	21	51
12	132180306	22	77
12	132689874	17	68
12	133260676	21	72
12	13521243	19	95
12	13767208	22	76
12	14002374	12	50
12	14794058	34	44
12	15474201	15	78
12	16208681	8	88
12	16960464	37	76
12	17053966	19	84
12	17219563	21	65
12	17425986	17	78
12	17434272	44	58
12	17621202	16	77
12	17858759	15	58
12	17871273	41	47
12	17879878	19	83
12	18168211	21	82
12	18461489	40	50
12	18498006	14	81
12	18532486	44	61
12	18771960	15	90
12	19459530	19	61
12	20065070	34	37
12	20574091	14	61
12	2175644	27	79
12	23065785	9	74
12	23615788	23	77
12	23895233	17	57
12	24296719	22	55
12	24499235	24	80
12	2451013	14	87
12	24565120	45	57
12	24618933	14	75
12	25941502	14	65
12	27635548	21	72
12	27720581	31	35
12	28416040	25	67
12	29433247	19	87
12	30866717	15	84
12	31119756	2	37
12	31612629	17	46
12	31900935	12	67
12	31961886	12	54
12	31962221	48	37
12	3233555	34	34
12	32773313	22	72
12	33409404	46	48
12	33753761	15	74
12	34350971	16	85
12	34616238	16	54
12	34616239	16	54
12	37668266	19	49
12	38514462	26	88
12	3951644	29	41
12	39532623	21	61
12	40157736	17	78
12	40211457	19	86
12	40679075	11	65
12	40809547	37	51
12	4126515	37	32
12	41273863	16	86
12	41307002	23	73
12	41340193	19	73
12	41340202	18	74
12	41579687	30	51
12	43026037	39	60
12	43045966	16	91
12	43951740	22	26
12	44398661	15	85
12	44435868	23	81
12	46036847	15	68
12	47495274	31	54
12	47551122	54	44
12	49319758	21	52
12	50559890	11	62
12	50897953	15	58
12	51260823	13	68
12	52588417	17	100
12	53187592	22	52
12	53272966	26	46
12	53469703	22	67
12	54597902	40	63
12	55467628	22	54
12	55509499	22	65
12	57530949	21	71
12	57680931	8	58
12	59469798	5	80
12	59807644	16	71
12	60429461	29	56
12	60907002	43	63
12	61407954	41	59
12	61639926	24	71
12	61724651	6	75
12	61972088	17	63
12	62821530	21	60
12	6331465	58	79
12	64024423	46	41
12	64125904	17	57
12	64403835	20	52
12	6541354	14	79
12	65425667	35	51
12	65426109	17	81
12	65818409	22	84
12	66664821	22	90
12	67203643	15	68
12	67529430	23	74
12	67977189	41	46
12	68987695	13	51
12	69147639	6	89
12	69401023	36	48
12	69869668	20	80
12	70053271	15	56
12	71336083	6	98
12	72658517	37	55
12	73132973	24	67
12	73266662	43	55
12	75323248	24	69
12	75670093	19	59
12	76037711	36	53
12	76705036	25	70
12	77130224	11	80
12	77534965	40	53
12	77579228	47	61
12	77593754	12	67
12	78222720	27	77
12	78441850	32	50
12	78500799	31	71
12	79298099	13	61
12	80343517	8	67
12	81298075	50	63
12	81831352	6	40
12	82606296	44	51
12	83044954	19	76
12	83253173	17	75
12	83547411	26	78
12	83555576	22	91
12	83955677	20	73
12	84217609	25	75
12	85155231	16	72
12	85231027	18	68
12	85886885	21	61
12	85935623	19	82
12	85978818	15	60
12	86135502	43	64
12	86416395	34	55
12	86517628	23	74
12	86539279	14	70
12	86753592	17	78
12	86839804	11	63
12	86862934	18	70
12	87250906	29	77
12	87897540	6	93
12	88989681	31	41
12	89333795	19	71
12	8962141	31	51
12	89787828	39	57
12	9075578	18	79
12	90825933	41	41
12	91347938	19	74
12	91498385	15	71
12	91678363	14	82
12	91792115	18	70
12	92470788	20	77
12	93333494	6	72
12	9336854	22	83
12	93368817	13	71
12	93651023	20	57
12	94707536	36	49
12	96569070	44	45
12	96828022	4	11
12	97649683	19	90
12	98429398	37	56
12	9910826	17	65
12	99382270	46	52
12	99679553	11	68
13	100172608	25	54
13	100835603	14	54
13	101011104	11	35
13	101462415	23	61
13	101916833	9	41
13	102023697	24	51
13	102752206	19	62
13	103694795	15	56
13	103702614	28	73
13	104527342	32	50
13	106754993	18	69
13	108974499	19	52
13	109024668	23	77
13	109728958	26	75
13	109891079	13	22
13	109970831	18	42
13	111045574	26	57
13	111620547	8	69
13	112093353	21	56
13	112171818	20	58
13	113822246	18	59
13	16274762	18	763
13	16661345	3	83
13	18194250	14	109
13	18207187	23	78
13	18253292	22	63
13	18920776	23	71
13	18930748	17	71
13	19047377	21	72
13	19379058	39	53
13	19443633	14	60
13	19500005	23	47
13	20674870	29	29
13	21735147	5	82
13	21797032	21	67
13	21883050	44	60
13	21988953	16	72
13	22126198	46	56
13	22282710	17	83
13	22407831	35	67
13	22434454	50	50
13	23778385	18	66
13	23921494	32	42
13	24750613	4	91
13	25101177	18	49
13	26110559	49	57
13	27459581	42	50
13	28078425	18	58
13	28646735	8	81
13	29061009	13	80
13	29103486	13	83
13	30290754	21	80
13	30297432	40	60
13	33310911	31	54
13	34518292	36	50
13	34863332	45	53
13	35570035	47	69
13	36230630	11	101
13	36300442	30	58
13	36489179	45	39
13	36912441	31	46
13	37979539	16	40
13	38821913	25	26
13	38952246	20	30
13	38977846	15	22
13	39236897	18	35
13	39451771	10	37
13	43384455	18	25
13	45458104	20	36
13	47105334	17	38
13	48958760	14	28
13	49220963	22	25
13	49928267	16	29
13	49931415	14	29
13	50052372	14	44
13	53768789	7	57
13	55393288	13	29
13	55515602	14	41
13	56119821	18	36
13	56338447	22	27
13	57068070	20	40
13	57205715	15	26
13	57266771	20	29
13	57421513	20	38
13	57993645	20	27
13	58112465	24	18
13	58603714	22	43
13	60681721	15	15
13	64959500	19	38
13	66545450	19	33
13	66986562	4	48
13	67109360	27	46
13	68167767	12	38
13	68970402	20	32
13	69384003	16	36
13	71727441	21	35
13	72611202	28	38
13	73105963	13	31
13	74941885	16	33
13	78463068	15	38
13	80237237	16	26
13	80490549	33	39
13	80514810	17	29
13	80706414	12	24
13	80865471	33	42
13	81658892	13	41
13	81715548	17	43
13	82863641	13	43
13	82987245	17	41
13	83163589	19	36
13	84442132	24	26
13	85453801	10	63
13	85695845	23	33
13	85815620	8	48
13	85816117	22	34
13	86112591	21	33
13	86430115	18	34
13	87913548	19	41
13	88884890	16	28
13	92438004	22	44
13	94495875	8	59
13	94753774	23	46
13	96577679	7	67
13	96801512	24	54
13	97273010	14	65
13	99668577	30	49
14	100333444	6	117
14	101016396	38	80
14	101100966	9	66
14	101227403	60	65
14	101399737	19	83
14	101680947	10	83
14	102523852	13	99
14	102674476	27	88
14	103782150	12	83
14	103807652	12	83
14	104343874	19	93
14	105241829	18	88
14	18494042	17	48
14	20109810	5	81
14	20222646	23	52
14	20840740	19	67
14	20844813	4	68
14	22610933	24	50
14	24118750	23	62
14	24576368	35	49
14	24582003	15	64
14	26700281	10	59
14	26893457	6	72
14	27151383	9	81
14	27238692	39	39
14	27309215	31	44
14	28015473	5	75
14	28583150	17	65
14	28861240	12	63
14	29387182	7	83
14	29475342	4	60
14	30841520	21	49
14	31497445	41	40
14	32070940	17	57
14	32528615	29	43
14	32583763	26	80
14	34259374	12	77
14	36977942	13	42
14	37447449	34	40
14	38958734	12	56
14	40121764	50	45
14	40330930	5	72
14	40625667	7	79
14	40679989	22	60
14	40851869	33	37
14	41021562	34	39
14	41217325	21	52
14	41647189	30	46
14	41940982	25	73
14	42313635	23	53
14	42473534	5	74
14	42598493	32	39
14	42729075	6	66
14	42811672	8	64
14	43139653	29	39
14	43370522	29	45
14	43388509	24	28
14	43388510	25	26
14	43964496	6	75
14	44200954	21	60
14	44824664	8	71
14	44861551	35	41
14	45607302	28	38
14	45830548	39	41
14	45977296	10	94
14	46270861	10	71
14	46370554	17	58
14	46479019	16	49
14	47231227	13	64
14	47627981	47	56
14	48155570	35	48
14	48262948	9	63
14	48735182	5	73
14	49093176	24	52
14	49170025	9	105
14	49363559	41	34
14	49588413	50	40
14	51590235	36	40
14	52184862	50	36
14	52451264	7	73
14	53158574	11	30
14	53888371	34	44
14	54122158	24	53
14	55353951	14	51
14	55599532	19	67
14	55623848	33	32
14	55785184	16	49
14	56380345	4	87
14	56729728	7	62
14	57275088	5	67
14	57509852	7	71
14	57865180	13	46
14	59283065	49	50
14	61650711	5	75
14	62745161	24	73
14	63355531	5	77
14	65366302	28	24
14	65690869	21	54
14	66596656	51	44
14	67289932	6	70
14	67358666	6	75
14	68273132	38	33
14	68459750	8	83
14	68913096	6	78
14	69051609	36	34
14	69118492	16	59
14	69282930	6	79
14	69898697	21	75
14	70455946	18	54
14	70964076	9	77
14	71177963	8	60
14	71227630	42	31
14	71619517	13	66
14	71832281	4	70
14	71862090	7	75
14	71947605	31	34
14	72313574	5	82
14	73012801	24	31
14	76627214	34	20
14	78281826	43	51
14	79911161	14	56
14	82263217	15	53
14	82568861	28	31
14	83634822	6	70
14	84452010	20	59
14	84508363	17	59
14	85023957	23	59
14	85139819	35	24
14	85674983	28	38
14	86761408	27	73
14	86771786	5	76
14	86838003	5	73
14	87003968	43	41
14	87230260	38	44
14	87883781	9	69
14	89686784	7	54
14	89704497	40	38
14	90207405	37	36
14	90394921	18	62
14	92731345	18	96
14	94679792	21	104
14	95122948	30	38
14	95296047	45	85
14	95818398	52	85
14	95872112	14	81
14	95907340	19	83
14	96212448	22	97
14	96345031	38	62
14	96510490	32	41
14	96595128	36	73
14	96935859	47	82
14	97115294	34	87
14	97430492	41	77
14	97431220	23	91
14	97483278	23	88
14	97489888	45	85
14	98155147	30	44
14	98516970	41	86
14	98692984	22	91
14	98842065	12	112
14	99041207	20	106
15	100055090	24	40
15	101313372	15	33
15	19851223	12	39
15	20295670	20	147
15	24257703	9	13
15	24275753	47	35
15	25238715	4	79
15	25938669	12	37
15	26062110	20	60
15	26483396	49	38
15	26670213	42	33
15	26686225	47	22
15	33210904	41	35
15	35825310	41	33
15	35908128	16	71
15	37240177	22	57
15	37344710	31	34
15	37742002	36	36
15	39311402	39	34
15	41026423	3	61
15	41274249	27	27
15	41665850	23	54
15	44292203	9	40
15	44942018	4	73
15	45028543	33	45
15	45110107	22	65
15	45517661	27	12
15	46423878	10	52
15	47993494	16	47
15	48245414	25	31
15	48724122	24	107
15	49561237	17	99
15	49857144	30	65
15	49982449	32	86
15	50088332	40	66
15	50164114	21	88
15	51982107	39	34
15	52924841	40	38
15	53405570	39	39
15	53773466	5	78
15	54563177	39	30
15	54822719	43	33
15	55030679	19	41
15	55470344	25	31
15	56347464	44	31
15	58769858	9	44
15	59157848	19	49
15	59196714	40	37
15	59537814	17	44
15	61087750	41	44
15	63255966	23	63
15	65516147	5	51
15	66987753	17	48
15	69063806	29	52
15	70694739	31	33
15	71114222	34	30
15	71907392	31	56
15	72384557	4	67
15	75318003	18	51
15	78224520	25	47
15	79953927	36	32
15	81272432	23	45
15	84402189	45	36
15	86434944	61	37
15	87463933	15	60
15	89606587	22	42
15	89964762	18	50
15	90088475	39	32
15	92000405	23	31
15	92442614	15	52
15	93952361	15	34
15	94208291	19	34
15	95025250	14	24
15	95054774	17	24
15	96225127	20	28
15	96790736	7	50
15	97522938	14	41
15	98266951	15	32
15	98650360	21	38
16	1066382	39	59
16	10739498	15	84
16	1086631	32	75
16	12699419	24	81
16	12785951	41	35
16	12878448	34	55
16	13053662	17	92
16	13335982	26	101
16	13609253	61	53
16	13743209	66	37
16	17067849	19	55
16	17430758	15	88
16	182341	17	68
16	19022750	47	48
16	20157129	24	75
16	20289023	13	46
16	20537506	20	76
16	20999084	21	73
16	22551496	21	145
16	26130679	5	108
16	2954935	17	104
16	3059202	19	85
16	31221325	60	43
16	31574881	37	66
16	31658242	15	97
16	31789035	10	89
16	32387723	30	53
16	32620457	27	70
16	33623551	28	98
16	33897548	52	55
16	34575824	24	44
16	34575826	24	43
16	34629833	39	34
16	34938366	33	36
16	36239454	7	86
16	3742102	17	85
16	4552204	11	74
16	47953847	35	32
16	48297339	10	40
16	49055250	39	39
16	49186948	36	28
16	50989845	29	34
16	51722834	10	56
16	51892554	36	49
16	5241583	64	54
16	52498882	43	29
16	54294802	41	30
16	5463207	51	51
16	55161432	35	46
16	55420821	37	31
16	55764544	13	53
16	57585981	17	42
16	58080205	38	26
16	58834542	44	36
16	58876934	31	43
16	58916908	44	32
16	5942059	5	93
16	5948680	15	76
16	5953727	12	75
16	60649919	34	26
16	60834537	23	36
16	61392390	33	42
16	61457475	31	39
16	6153832	28	105
16	62033774	51	32
16	62232418	42	39
16	62385709	16	42
16	62745031	23	43
16	62891318	31	29
16	63938011	28	26
16	63966318	21	58
16	64065858	34	24
16	64463736	43	23
16	6485485	18	79
16	68497021	50	29
16	6918817	28	80
16	6939036	59	48
16	72005892	33	23
16	7359333	22	97
16	73966503	32	41
16	74240791	39	34
16	7447737	18	97
16	74495	21	106
16	74683512	43	27
16	75305916	46	33
16	77361837	46	41
16	7768976	23	97
16	78056621	18	35
16	7938823	52	51
16	79936593	57	44
16	80394924	41	32
16	8045424	33	60
16	82015865	25	38
16	82375826	38	38
16	82595183	15	78
16	82917533	36	29
16	83000576	34	25
16	83193671	39	24
16	8401120	32	60
16	8412692	45	36
16	84779647	24	42
16	86252317	37	30
16	86431673	39	37
16	86918995	30	47
16	87183772	44	31
16	89193180	4	52
16	90094204	6	77
16	9368217	17	83
16	9372784	40	38
17	10138261	15	52
17	11261810	21	65
17	11290460	61	25
17	12074181	19	64
17	13540420	22	73
17	13651732	18	69
17	14252953	17	81
17	15066660	37	49
17	15259169	29	76
17	15407404	19	62
17	15734845	20	72
17	16020465	19	62
17	16493944	20	72
17	16515905	23	70
17	17216051	41	48
17	20534979	18	33
17	21331596	44	73
17	21821315	15	134
17	22197210	20	66
17	22409236	15	44
17	22410346	11	55
17	22469496	13	74
17	22517736	12	67
17	22739007	17	52
17	22743730	7	62
17	22918093	5	7
17	26838308	12	57
17	26883855	13	9
17	27742471	10	71
17	28199538	14	54
17	28849300	33	32
17	29207868	24	71
17	29754071	24	66
17	30050789	15	68
17	30924878	27	50
17	31187740	44	51
17	31310401	30	47
17	31935447	12	65
17	33068433	22	79
17	33330592	44	58
17	34458698	26	89
17	34632784	18	71
17	34642387	17	63
17	35196401	31	45
17	3849279	17	34
17	39595794	10	85
17	40380138	27	42
17	41532979	26	59
17	41852468	11	58
17	42672113	15	61
17	43206186	10	63
17	44267885	19	72
17	4446153	5	66
17	45087112	20	57
17	47726642	20	72
17	48207522	20	59
17	51073709	37	38
17	51717256	18	79
17	53022625	37	45
17	53297116	33	60
17	53817088	19	79
17	53907565	22	66
17	54109576	21	68
17	55877648	22	89
17	55974741	17	63
17	56344828	23	81
17	56805565	44	47
17	58140127	9	35
17	61104340	17	65
17	61681288	19	73
17	61835424	33	36
17	62417868	17	66
17	63449346	37	48
17	63605600	25	65
17	6398729	11	66
17	6433617	18	32
17	64425291	39	46
17	65179306	44	45
17	65241244	35	39
17	6564261	22	56
17	65671601	35	51
17	6571342	24	61
17	66126862	12	60
17	66392933	11	60
17	68662845	24	75
17	68837817	17	76
17	69799410	13	58
17	69886328	18	78
17	70817191	16	88
17	70973551	17	55
17	71390700	21	72
17	72198856	12	73
17	73234113	15	63
17	73446890	24	89
17	74201423	35	55
17	74687077	52	47
17	74914842	14	68
17	76081692	8	75
17	76485198	18	71
17	76742648	11	70
17	77727674	25	40
17	78236155	38	50
17	79511157	38	52
17	80699167	20	93
17	82218120	17	76
17	9799403	12	61
18	10026891	41	98
18	10075011	21	95
18	10653859	25	98
18	11068078	36	65
18	11225902	53	56
18	11364193	32	60
18	11518310	54	61
18	12083991	60	60
18	12383773	16	81
18	12705572	31	55
18	12837785	21	94
18	13593731	62	49
18	14272257	3	92
18	14324783	5	112
18	14642103	15	72
18	15198797	44	46
18	1620152	40	48
18	1620154	40	48
18	1620156	48	46
18	1631319	12	82
18	18798330	20	70
18	21223533	13	71
18	2177513	19	108
18	2208139	57	56
18	22317893	26	78
18	23426542	15	88
18	23761117	25	90
18	23994905	20	82
18	2453935	23	71
18	25707157	49	71
18	26231542	15	62
18	2763226	38	73
18	27762766	19	100
18	27819828	53	62
18	27820098	47	58
18	27820132	43	55
18	27820211	43	64
18	27820519	57	54
18	28698924	21	39
18	28806023	17	51
18	29410607	15	35
18	29566840	21	42
18	29800293	21	29
18	31837378	15	26
18	3217605	22	88
18	33334861	21	34
18	36998291	17	26
18	37183508	22	38
18	37387041	13	38
18	37673683	23	45
18	37679614	9	50
18	38177452	20	38
18	38497045	16	47
18	39122190	2	38
18	39378064	22	27
18	39618551	23	20
18	39866346	8	39
18	401821	31	40
18	40308805	16	22
18	42274853	21	33
18	4240386	43	51
18	43364620	14	37
18	43500520	13	27
18	43918334	5	47
18	4735754	12	91
18	47600257	26	43
18	49159816	14	30
18	4953079	20	83
18	49886286	15	33
18	50695271	14	23
18	50893199	19	21
18	51295027	15	29
18	52140001	19	27
18	52630450	25	39
18	52683702	16	39
18	53111644	16	28
18	54115067	20	26
18	5416353	57	67
18	55804829	17	32
18	56367012	23	28
18	59641826	17	25
18	5979331	45	71
18	60018732	20	37
18	60782583	24	37
18	61102486	12	39
18	6134470	23	91
18	61660645	27	36
18	63629064	24	39
18	64433783	20	43
18	67564787	9	19
18	68862430	14	35
18	69317717	16	33
18	7009312	23	96
18	7039542	23	101
18	70794681	15	33
18	71431224	21	35
18	72007663	18	44
18	72277183	20	44
18	7266537	65	52
18	74010864	28	40
18	75915813	17	36
18	77010892	29	35
18	7713823	13	104
18	77289354	18	33
18	78047281	15	39
18	78792590	25	34
18	79989386	15	28
18	8465507	40	73
18	8965343	27	104
18	9195475	18	101
18	9413940	43	42
19	11248999	19	62
19	11986095	32	39
19	14775296	16	48
19	15011246	18	45
19	15174043	16	51
19	15668625	15	72
19	15936310	5	72
19	1608788	9	56
19	17144987	29	38
19	18657293	5	60
19	19213508	14	42
19	20296689	13	58
19	20545291	16	70
19	21549840	12	85
19	22083472	15	63
19	22114632	13	57
19	22304911	17	68
19	22393878	12	75
19	22491432	31	66
19	23116713	15	51
19	23190944	36	46
19	23741580	10	64
19	23896206	42	40
19	2395901	4	35
19	27247583	22	51
19	27339594	13	265
19	27353559	23	193
19	27889260	13	98
19	27969916	6	85
19	28369834	17	75
19	28622721	18	67
19	29099260	25	93
19	31039431	8	97
19	31554952	25	83
19	32412474	6	56
19	33221870	23	75
19	33315910	45	59
19	33338131	36	31
19	33393256	32	32
19	33506050	3	46
19	3463423	17	38
19	37005665	8	76
19	37261666	19	57
19	37391592	9	39
19	38470510	14	68
19	38673291	5	49
19	38951192	18	52
19	38951889	32	37
19	3951970	4	48
19	40430177	15	51
19	40488537	33	41
19	40585947	16	59
19	40934744	19	50
19	42387999	14	77
19	42408839	36	41
19	42650548	4	95
19	43268125	52	52
19	44514591	18	76
19	44548622	38	43
19	46303843	7	53
19	47067708	21	73
19	49036392	20	61
19	49637487	16	71
19	49697950	19	58
19	49698024	15	48
19	50642566	38	58
19	51481550	18	67
19	51516490	16	69
19	51981367	17	57
19	52163911	11	65
19	52736060	20	59
19	53729137	10	54
19	53983082	16	44
19	55237751	33	53
19	55805542	17	73
19	56763782	29	47
19	57038750	14	60
19	57664072	20	58
19	6768827	18	29
19	6809085	8	39
19	7845839	26	32
19	8822833	5	34
20	11156739	46	39
20	11495026	22	26
20	13526188	16	51
20	14338852	22	49
20	1445661	48	36
20	16784180	17	64
20	16865398	21	64
20	18353692	23	46
20	19533421	20	62
20	21405569	45	33
20	21725967	18	46
20	22082484	20	13
20	23265634	37	50
20	23832915	15	50
20	245472	11	36
20	24901684	9	14
20	26376663	17	38
20	28783092	17	313
20	28826668	32	22
20	30143237	36	21
20	30292205	31	23
20	30833313	33	234
20	30868627	36	33
20	30885507	48	36
20	30920060	35	36
20	32129958	48	44
20	32910078	14	69
20	33182928	58	31
20	33426438	7	51
20	36274891	15	77
20	37304124	23	61
20	37476750	68	37
20	38846774	54	34
20	40118674	12	84
20	40542115	55	36
20	41037549	33	46
20	41799093	42	28
20	41886913	26	63
20	42324709	19	93
20	42599908	42	35
20	43586104	45	28
20	43836991	18	62
20	46748237	34	47
20	47130267	20	64
20	47690359	12	75
20	4775940	34	24
20	48442359	11	81
20	48506896	33	17
20	48519124	16	39
20	49524306	5	69
20	50114604	56	19
20	50841829	31	35
20	50961735	45	29
20	520983	20	45
20	52238781	40	47
20	52558295	60	35
20	5412674	31	57
20	54256045	41	50
20	56143003	19	74
20	60370905	20	62
20	60665184	57	49
20	60777451	61	33
20	61403534	61	31
20	61431975	19	73
20	61507991	18	82
20	6158222	49	37
20	6294580	20	68
20	63109791	35	38
20	63479860	21	68
20	6369353	22	49
20	63803811	13	66
20	63858137	22	60
20	6484494	38	54
20	6593096	18	44
20	7056205	15	61
20	7195143	29	39
20	7548828	20	46
20	8916252	3	63
21	10343651	37	347
21	10358974	27	364
21	10449473	29	507
21	13398876	45	52
21	13499555	11	76
21	14156941	23	55
21	14280750	16	61
21	14347525	17	71
21	14580453	51	61
21	14580518	49	56
21	15404501	17	53
21	16054890	17	91
21	16507601	38	49
21	17458761	36	28
21	17875707	12	79
21	18687343	19	72
21	18815333	45	68
21	18921453	16	83
21	19056153	22	90
21	20026946	26	39
21	20153344	44	49
21	20671399	16	68
21	20672983	45	53
21	21635907	29	72
21	22524799	17	61
21	22682921	33	42
21	22908111	15	76
21	23428082	40	50
21	23677350	19	73
21	23776372	27	38
21	23816650	25	67
21	24345979	17	81
21	24539598	25	69
21	25032453	41	57
21	25159988	43	51
21	25244807	38	49
21	27117576	16	63
21	27372587	25	59
21	28039399	13	67
21	28128083	11	73
21	28432452	26	65
21	30201057	44	61
21	30770886	11	44
21	30938158	15	66
21	30989669	43	55
21	32610113	38	33
21	33665456	11	73
21	34996185	15	69
21	35135639	7	111
21	35931231	18	79
21	35931232	19	81
21	36281567	20	65
21	36645777	11	55
21	38399653	67	89
21	39002345	7	116
21	39074436	45	98
21	39165697	51	71
21	39414744	38	67
21	39551648	36	96
21	40062085	8	141
21	40212247	24	91
21	40531103	21	106
21	40973208	31	98
21	41274812	4	131
21	44401502	26	84
21	44501563	56	100
21	44925817	6	116
21	45650549	5	110
21	45892375	7	140
21	45897946	74	69
21	46080258	6	125
21	46689754	9	75
21	5254930	12	147
21	5349757	12	6
21	7311598	30	127
21	7926792	40	130
21	7934039	31	130
21	8600861	8	27
21	9737677	16	251
21	9743286	28	201
21	9750841	24	264
21	9771469	9	247
21	9773459	19	215
21	9972713	17	249
22	12420238	30	169
22	12566091	65	73
22	12797110	39	40
22	12797111	38	40
22	16078297	22	84
22	16170959	11	75
22	16221236	10	61
22	16418801	18	106
22	16450581	24	173
22	16455177	49	71
22	16617149	18	101
22	16660697	17	90
22	16805758	17	82
22	16888616	23	124
22	20191292	27	29
22	21125580	22	25
22	21164182	4	7
22	23566614	21	63
22	23600553	59	44
22	24705602	20	65
22	25955310	23	97
22	25992214	41	59
22	26208055	43	41
22	26670956	12	86
22	27970948	13	87
22	28372041	14	46
22	28913420	22	41
22	29729269	13	51
22	29890704	18	49
22	30257208	14	45
22	31018484	6	26
22	31618019	21	41
22	32201899	30	64
22	32217254	15	40
22	32718846	18	41
22	33072640	20	47
22	33243240	14	53
22	33409906	13	42
22	33689971	20	61
22	33969814	16	34
22	34166848	20	51
22	34944679	18	63
22	35550706	25	45
22	36367193	24	61
22	36938416	19	53
22	40151952	19	24
22	40304950	12	44
22	40345817	15	56
22	41854156	23	49
22	42692395	19	35
22	42926901	22	50
22	43181327	12	53
22	43619019	21	47
22	43619056	20	45
22	44269884	22	66
22	44471528	14	36
22	44646052	29	36
22	45939064	17	54
22	46309542	25	66
22	47215855	9	78
22	47815444	11	53
22	48054911	22	44
22	48094106	9	52
22	48478623	26	56
22	49289398	13	49
22	49402205	13	72
22	49434676	17	53
22	49616169	23	59
22	49845351	25	31
22	50301868	25	42
22	50484143	27	42
