1 7 2 1
1 12 3 1
1 17 3 1
1 22 1 1
1 27 4 1
1 32 3 1
1 37 2 1
1 42 2 1
1 47 2 1
1 52 2 1
1 57 3 1
1 62 3 1
1 67 4 1
1 72 1 1
1 77 3 1
1 82 3 1
1 87 4 1
1 92 4 1
1 97 2 1
1 102 2 1
1 107 2 1
1 112 3 1
1 117 2 1
1 122 2 1
1 127 2 1
1 132 4 1
1 137 2 1
1 142 3 1
1 147 2 1
1 152 4 1
1 157 4 1
1 162 2 1
1 167 3 1
1 172 2 1
1 177 4 1
1 182 3 1
1 187 3 1
1 192 1 1
1 197 3 1
1 202 3 1
1 207 2 1
1 212 3 1
1 217 3 1
1 222 3 1
1 227 2 1
1 232 3 1
1 237 3 1
1 242 4 1
1 247 2 1
1 252 3 2
1 257 2 1
1 262 4 1
1 267 2 1
1 272 2 1
1 277 4 1
1 282 2 1
1 287 3 1
1 292 2 1
1 297 4 1
1 302 4 1
1 307 4 1
1 312 1 1
1 317 2 1
1 322 4 3
1 327 4 1
1 332 4 1
1 337 2 1
1 342 3 1
1 347 2 1
1 352 2 1
1 357 4 1
1 362 3 1
1 367 4 1
1 372 3 1
1 377 2 1
1 382 2 1
1 387 4 1
1 392 4 1
1 397 2 1
1 402 2 1
1 407 2 1
1 412 2 1
1 417 2 1
1 422 2 1
1 427 2 1
1 432 2 1
1 437 2 1
1 442 3 1
1 447 3 1
1 452 2 1
1 457 2 1
1 462 3 1
1 467 3 1
1 472 4 1
1 477 2 1
1 482 3 1
1 487 3 1
1 492 2 1
1 497 2 1
1 502 4 1
