chromosome_index	position	alt_count	ref_count
1	7	10	103
1	12	12	102
1	17	22	58
1	22	9	100
1	27	19	73
1	32	11	93
1	37	10	92
1	42	27	63
1	47	10	89
1	52	5	79
1	57	21	66
1	62	12	68
1	67	14	70
1	72	17	66
1	77	14	87
1	82	12	78
1	87	16	85
1	92	11	92
1	97	10	93
1	102	5	105
1	107	18	82
1	112	17	87
1	117	12	93
1	122	13	89
1	127	7	98
1	132	8	91
1	137	8	93
1	142	9	92
1	147	11	81
1	152	6	84
1	157	5	82
1	162	34	61
1	167	17	81
1	172	10	98
1	177	14	97
1	182	4	103
1	187	12	81
1	192	9	97
1	197	4	84
1	202	9	91
1	207	11	95
1	212	19	91
1	217	17	95
1	222	22	85
1	227	3	113
1	232	3	98
1	237	9	93
1	242	14	76
1	247	6	96
1	252	44	52
1	257	7	89
1	262	21	63
1	267	22	68
1	272	5	85
1	277	25	75
1	282	17	76
1	287	6	98
1	292	37	76
1	297	7	96
1	302	9	106
1	307	2	115
1	312	8	92
1	317	9	99
1	322	56	35
1	327	5	101
1	332	2	93
1	337	4	103
1	342	7	80
1	347	8	84
1	352	10	92
1	357	16	101
1	362	17	83
1	367	10	80
1	372	5	106
1	377	12	106
1	382	8	85
1	387	14	84
1	392	5	86
1	397	32	69
1	402	7	84
1	407	29	73
1	412	8	79
1	417	8	98
1	422	6	92
1	427	8	78
1	432	17	76
1	437	6	81
1	442	10	103
1	447	10	73
1	452	30	61
1	457	10	94
1	462	22	82
1	467	8	93
1	472	14	101
1	477	15	84
1	482	5	93
1	487	10	104
1	492	8	83
1	497	8	93
1	502	9	96
