chromosome_index	position	alt_count	ref_count
1	7	42	60
1	12	1	92
1	17	53	54
1	22	3	99
1	27	22	82
1	32	24	65
1	37	6	100
1	42	6	87
1	47	21	67
1	52	1	93
1	57	1	81
1	62	19	99
1	67	14	91
1	72	1	97
1	77	6	88
1	82	1	93
1	87	26	91
1	92	18	90
1	97	20	85
1	102	1	104
1	107	7	101
1	112	14	70
1	117	1	79
1	122	1	112
1	127	33	93
1	132	13	87
1	137	7	85
1	142	23	96
1	147	24	71
1	152	4	92
1	157	1	110
1	162	1	102
1	167	32	45
1	172	1	111
1	177	21	85
1	182	42	87
1	187	21	83
1	192	10	91
1	197	1	97
1	202	1	110
1	207	7	91
1	212	1	96
1	217	10	60
1	222	13	84
1	227	19	95
1	232	6	100
1	237	1	84
1	242	6	80
1	247	15	62
1	252	1	101
1	257	33	50
1	262	27	64
1	267	12	81
1	272	18	83
1	277	13	96
1	282	20	83
1	287	6	95
1	292	20	67
1	297	47	38
1	302	30	70
1	307	24	78
1	312	13	76
1	317	13	90
1	322	11	78
1	327	17	90
1	332	14	65
1	337	27	51
1	342	24	64
1	347	5	104
1	352	8	93
1	357	10	87
1	362	14	96
1	367	15	82
1	372	9	79
1	377	9	93
1	382	1	98
1	387	1	107
1	392	4	86
1	397	9	96
1	402	8	87
1	407	15	90
1	412	6	82
1	417	15	79
1	422	5	102
1	427	23	77
1	432	6	87
1	437	47	50
1	442	1	98
1	447	34	57
1	452	5	93
1	457	9	75
1	462	9	93
1	467	26	70
1	472	6	81
1	477	1	114
1	482	1	90
1	487	7	91
1	492	11	96
1	497	4	95
1	502	42	62
