237
108
126
97
116
1001
114
51
129
132
138
113
137
158
120
138
113
118
128
102
116
78
1001
120
116
1001
95
90
107
95
105
119
115
1001
118
1001
120
85
131
114
113
118
130
105
71
130
1001
1001
121
117
108
99
134
135
117
102
114
130
104
113
1001
1001
326
164
126
97
129
115
133
1001
131
115
108
117
88
123
106
110
96
1001
1001
1001
108
104
110
134
83
87
118
1001
107
108
98
94
84
1001
115
136
111
99
96
98
98
90
127
1001
108
136
106
113
109
135
110
97
114
119
127
123
106
134
135
120
118
110
127
102
118
107
119
109
129
79
93
91
126
1001
1001
99
117
120
1001
111
1001
110
130
91
108
1001
1001
124
55
117
1001
138
106
119
107
119
1001
120
103
116
98
91
100
131
141
98
118
115
106
101
129
116
113
124
115
104
117
120
108
113
138
1001
1001
110
97
147
123
120
133
126
128
97
97
127
106
117
1001
103
134
1001
96
105
113
113
119
98
106
120
135
99
106
114
128
115
1001
121
101
115
82
109
98
99
98
137
125
115
93
126
114
129
118
114
117
112
1001
124
120
108
110
1001
1001
125
100
1001
97
1001
93
117
117
112
127
99
1001
109
106
94
103
122
99
124
1001
121
90
115
1001
123
80
109
58
126
112
109
96
99
117
96
99
117
113
115
95
131
113
113
101
99
117
110
105
90
127
1001
112
102
109
160
159
133
138
96
1001
96
93
110
1001
115
97
120
103
118
102
118
117
92
1001
113
100
118
107
111
111
1001
116
111
106
118
114
130
116
1001
109
121
124
117
116
118
144
112
124
103
95
100
99
125
132
114
127
103
122
133
120
102
90
126
119
104
130
1001
108
115
88
104
1001
1001
1001
112
109
113
146
1001
127
121
1001
114
116
122
112
119
1001
120
108
114
111
117
133
104
129
108
90
80
90
107
97
107
117
111
96
118
116
105
113
1001
113
127
115
96
117
1001
122
1001
107
101
97
121
125
100
110
123
111
106
103
157
105
124
136
120
121
91
91
114
108
116
109
107
112
112
96
121
133
101
121
130
109
109
131
103
115
142
110
135
121
115
117
114
105
117
1001
55
72
55
1001
1001
60
69
63
73
67
123
114
128
15
73
1001
70
1001
223
61
1001
67
69
47
1001
1001
1001
1001
1001
1001
1001
58
1001
1001
1001
1001
49
107
120
100
1001
117
131
171
152
189
266
118
154
99
1001
113
81
128
95
105
106
109
121
96
126
116
117
96
123
70
114
1001
115
122
118
145
112
1001
93
95
1001
109
101
113
112
1001
96
115
1001
94
120
135
118
108
119
1001
104
128
103
111
113
93
99
1001
103
115
1001
1001
93
133
136
110
125
1001
127
111
117
1001
116
121
109
112
125
132
124
123
119
105
130
117
117
98
107
93
104
107
120
111
90
138
113
151
123
106
123
117
106
97
115
123
92
104
112
120
1001
143
116
121
127
114
110
133
144
124
1001
126
118
119
1001
1001
117
126
139
125
1001
128
99
112
1001
113
95
123
113
118
107
91
121
128
105
124
101
121
114
126
114
1001
115
1001
122
97
104
94
113
100
126
118
140
99
1001
121
106
87
141
122
128
115
103
107
98
1001
104
112
103
106
105
134
111
103
100
113
125
105
124
110
102
107
125
1001
116
1001
1001
1001
102
120
112
123
98
107
104
99
1001
104
1001
92
79
121
103
102
106
110
102
102
118
108
111
96
161
162
107
106
105
60
132
106
96
95
113
114
110
95
112
109
91
106
89
138
127
113
130
104
96
122
100
113
119
1001
121
1001
125
91
118
103
1001
126
98
122
140
119
81
1001
122
148
90
131
119
131
100
96
108
111
103
97
114
124
120
119
117
116
107
91
103
97
119
110
1001
93
98
113
121
1001
101
96
129
121
104
128
101
103
1001
114
123
122
121
1001
18
110
122
1001
1001
112
1001
105
137
1001
113
122
103
134
1001
1001
127
117
108
112
137
108
118
121
124
108
128
98
90
109
160
1001
117
112
1001
1001
1001
112
135
124
128
108
92
129
125
1001
118
114
149
118
100
120
110
110
1001
106
80
78
88
126
161
177
159
157
1001
1001
91
98
1001
127
74
108
118
1001
102
111
106
117
123
114
97
113
1001
113
116
108
111
78
84
77
116
113
94
114
103
111
124
118
127
105
89
66
99
111
133
115
1001
1001
138
124
101
113
127
103
115
1001
215
189
191
1001
205
197
209
210
189
212
221
207
200
190
202
180
200
206
183
192
189
149
180
179
173
209
182
227
195
186
202
180
184
221
185
202
234
218
1001
222
174
226
188
201
194
166
211
1001
1001
195
179
198
1001
175
223
194
181
188
195
156
195
215
195
176
195
186
236
1001
185
197
204
207
205
192
213
1001
179
199
1001
229
1001
1001
137
123
136
1001
137
104
130
143
112
1001
151
126
1001
90
121
111
129
122
118
113
143
99
117
1001
125
126
111
91
135
123
134
109
126
117
1001
117
116
115
99
1001
118
131
128
118
120
91
105
1001
116
123
114
115
119
102
107
101
100
118
120
145
109
99
114
119
114
121
111
1001
140
106
122
124
104
103
101
116
89
124
121
129
114
1001
98
102
115
1001
1001
101
133
1001
104
130
110
115
115
125
102
143
126
1001
105
114
129
274
252
203
214
211
1001
1001
110
97
104
1001
103
102
140
1001
115
1001
112
1001
126
109
108
121
102
127
119
1001
111
134
113
96
113
91
114
95
134
114
115
101
118
86
123
105
114
107
131
130
134
1001
117
115
128
120
107
133
109
122
95
1001
93
108
121
106
99
129
94
106
107
123
105
89
95
97
111
112
1001
117
124
129
102
116
118
1001
117
108
101
135
112
1001
95
107
106
122
1001
106
132
93
145
128
124
131
112
105
1001
112
83
108
126
131
97
1001
114
103
85
134
111
103
120
125
82
112
135
103
117
118
134
1001
119
124
114
135
109
144
115
96
1001
108
134
110
127
105
132
126
99
98
99
98
116
107
109
117
122
108
104
79
99
28
109
111
100
101
95
125
96
135
114
96
1001
122
127
112
110
113
94
153
110
107
99
90
112
110
103
97
212
1001
211
232
216
207
105
104
112
231
1001
259
142
61
41
35
1001
1001
1001
243
99
118
125
98
95
117
118
102
125
114
87
98
111
114
120
100
119
126
99
93
117
103
120
104
128
101
125
107
133
118
124
114
125
107
123
85
116
108
121
1001
112
95
122
129
94
91
119
1001
134
1001
124
92
126
147
1001
1001
116
1001
105
1001
1001
118
1001
105
1001
1001
132
122
105
93
126
166
102
110
114
96
86
100
110
120
117
104
115
82
76
102
82
114
108
111
118
112
108
110
119
1001
130
100
113
117
102
133
98
1001
133
127
102
111
128
118
101
116
119
125
122
89
1001
116
108
105
94
120
94
128
112
108
121
115
84
102
113
99
90
111
120
1001
101
133
131
113
125
133
133
116
1001
126
104
96
113
136
121
110
103
122
112
94
110
1001
115
1001
1001
137
123
99
122
112
135
122
109
119
104
113
107
108
121
117
109
104
119
102
100
136
107
116
115
106
125
1001
1001
127
118
123
104
112
102
127
123
98
108
130
111
129
107
97
113
123
99
110
1001
56
107
121
106
99
105
101
111
103
113
116
97
128
123
108
118
99
107
1001
71
114
79
108
119
115
112
111
1001
1001
109
112
113
111
91
89
124
98
113
115
108
102
1001
126
115
112
87
104
99
130
113
101
84
106
116
111
1001
108
106
1001
115
139
145
125
110
112
124
146
1001
129
95
1001
114
88
102
132
109
146
1001
122
174
92
119
133
98
1001
99
126
115
1001
128
1001
169
139
138
120
109
123
123
98
110
112
114
117
119
138
88
109
1001
106
1001
120
122
120
76
1001
104
86
119
117
91
106
122
120
134
122
118
113
102
106
103
132
120
1001
131
103
124
1001
119
109
92
115
1001
120
107
120
109
1001
105
109
115
133
116
140
1001
110
121
1001
166
129
1001
90
1001
1001
110
143
1001
84
1001
123
122
108
105
96
109
130
111
1001
133
1001
109
1001
160
152
1001
171
161
165
153
187
1001
143
1001
65
108
1001
135
60
122
110
91
112
124
117
132
109
121
141
121
122
110
133
125
105
108
95
1001
121
143
121
127
140
131
1001
104
94
116
72
123
126
106
96
139
126
113
132
129
114
101
129
134
108
113
105
138
118
110
134
95
1001
119
109
130
103
134
120
1001
132
112
115
91
131
92
108
112
75
109
97
109
141
1001
161
161
160
156
98
129
137
1001
126
124
126
81
1001
91
111
121
111
118
110
1001
101
116
116
105
106
121
1001
140
117
109
1001
117
107
106
124
106
122
100
110
109
119
99
113
90
125
94
85
98
101
101
109
90
1001
145
118
111
98
103
104
105
127
1001
111
122
109
120
116
107
113
106
120
105
109
112
138
110
119
126
106
133
1001
121
1001
103
117
93
102
100
127
107
1001
1001
1001
121
130
100
109
1001
98
120
128
99
111
115
108
89
101
116
103
98
107
1001
1001
112
111
106
113
111
116
120
101
91
91
104
104
101
111
1001
78
100
116
112
120
87
101
126
95
120
129
113
105
101
96
110
111
138
109
117
102
95
101
1001
119
102
124
109
111
106
1001
133
130
120
104
91
126
93
112
119
101
113
123
119
101
99
113
114
111
1001
127
108
126
101
125
112
126
124
120
125
116
89
86
127
104
116
111
113
135
96
104
126
1001
91
115
125
1001
1001
117
113
125
103
147
1001
1001
126
80
144
126
123
112
107
105
124
111
103
62
123
103
138
121
125
1001
124
128
106
131
131
115
127
126
128
114
108
1001
125
60
108
1001
104
123
108
102
109
124
97
111
106
100
99
126
108
113
1001
93
126
92
123
116
1001
118
109
117
134
109
111
110
112
107
105
99
102
115
1001
104
1001
112
112
106
132
122
110
121
138
121
128
126
117
118
1001
128
81
128
112
145
106
87
112
102
110
108
1001
97
99
98
91
145
103
119
106
126
112
91
80
115
118
94
103
123
1001
1001
125
114
132
82
108
1001
101
106
110
108
122
100
112
145
105
98
1001
1001
122
115
102
113
149
104
128
123
112
105
117
126
124
127
122
135
177
120
114
107
83
1001
1001
134
105
109
94
110
1001
89
111
101
119
102
124
111
120
86
118
97
111
116
127
123
111
107
105
1001
140
103
118
106
129
1001
1001
114
100
125
122
119
92
100
85
106
105
122
159
129
92
116
100
104
116
82
120
112
108
102
91
110
107
116
109
104
104
1001
108
102
104
82
82
110
133
1001
1001
111
1001
157
116
119
160
145
174
115
116
93
105
112
1001
116
146
98
128
1001
113
105
1001
114
143
114
104
134
1001
111
110
115
1001
124
109
117
123
131
131
1001
106
121
129
110
114
127
107
113
135
117
85
101
111
121
132
1001
105
116
94
121
92
122
100
1001
108
120
103
124
128
1001
124
100
108
103
98
115
128
103
110
88
95
109
104
124
104
99
105
93
1001
100
76
109
131
106
112
111
88
106
95
122
99
118
124
127
145
98
117
85
85
113
72
107
110
123
118
120
101
111
96
86
128
103
148
1001
110
70
80
107
110
130
101
101
95
130
92
130
115
113
130
1001
117
104
107
112
117
106
123
94
1001
109
113
103
103
101
1001
99
122
110
119
88
109
92
99
105
102
117
1001
1001
105
120
137
123
111
111
113
110
106
134
122
126
1001
94
136
114
110
82
118
106
144
119
117
117
1001
117
99
117
104
107
113
113
115
119
115
102
102
109
121
119
103
94
106
1001
124
119
112
134
107
110
1001
125
1001
108
80
133
118
109
1001
125
40
114
129
88
120
104
142
119
119
130
118
1001
90
113
115
116
95
132
138
115
1001
140
129
130
148
112
1001
114
115
96
106
107
102
102
1001
95
125
105
120
128
1001
119
150
100
133
115
130
115
124
1001
126
87
117
124
108
131
120
1001
118
128
126
130
83
115
109
135
104
133
99
113
115
139
112
132
110
119
102
117
114
98
121
79
107
132
96
124
98
122
1001
100
120
122
111
117
139
120
100
139
132
111
101
98
122
124
96
96
117
1001
1001
129
85
114
123
79
110
88
116
1001
118
98
128
120
124
115
130
115
1001
118
92
126
118
124
107
112
113
115
111
133
104
94
105
94
101
103
99
126
117
1001
109
83
88
105
110
121
1001
132
110
116
121
123
112
118
120
1001
86
99
90
115
111
133
106
99
108
98
100
112
96
102
43
119
92
113
108
101
71
119
117
107
126
1001
106
116
111
129
114
108
112
134
105
1001
102
60
1001
104
111
96
102
106
115
105
104
131
103
113
104
105
125
102
110
85
108
95
1001
1001
111
106
123
105
99
102
112
102
1001
105
105
1001
115
97
121
120
120
110
127
103
1001
122
137
105
108
118
111
118
118
1001
94
131
129
102
89
101
105
104
140
1001
111
129
111
85
113
65
98
81
103
104
95
102
97
99
101
99
127
123
102
1001
117
90
1001
123
109
110
103
103
76
1001
147
112
106
115
128
122
110
115
124
1001
104
129
116
105
104
44
71
67
73
61
55
1001
58
69
1001
79
49
73
89
36
38
75
70
61
1001
136
129
129
120
104
117
110
80
104
108
113
93
125
91
1001
122
109
137
141
108
107
115
124
1001
92
118
106
121
99
131
133
128
1001
79
135
137
107
104
113
129
106
105
1001
131
136
106
120
107
127
85
111
1001
107
126
134
105
126
135
118
110
107
111
104
95
112
93
124
117
99
113
105
90
100
120
108
118
135
124
120
109
126
106
110
100
111
1001
95
107
92
113
98
103
129
107
114
104
131
124
112
111
1001
100
115
116
147
120
92
137
108
117
92
114
106
107
112
116
103
122
90
104
114
116
128
1001
102
1001
112
124
118
103
107
128
114
93
108
160
116
96
106
122
112
1001
1001
114
88
112
88
109
105
109
99
94
110
78
104
1001
181
153
159
187
143
105
116
95
117
74
106
98
95
106
98
114
108
76
100
97
116
114
118
90
128
103
1001
1001
107
105
118
99
1001
1001
176
92
100
115
115
99
126
111
103
109
127
1001
1001
103
104
1001
131
107
118
120
112
99
99
85
1001
107
107
1001
109
124
115
125
105
94
106
133
101
106
105
99
99
102
109
137
1001
135
111
97
129
119
98
126
120
107
130
91
115
114
109
121
112
113
113
99
102
106
122
67
140
74
62
51
1001
124
111
109
109
1001
1001
1001
125
111
100
96
116
1001
1001
138
94
108
114
151
143
126
169
154
1001
1001
176
144
140
161
129
102
124
98
111
106
84
46
93
117
117
110
1001
113
125
1001
98
23
1001
93
93
95
102
103
109
125
102
103
95
110
119
105
83
93
1001
68
112
91
109
91
134
127
90
88
90
140
110
97
111
1001
1001
121
109
1001
91
104
117
1001
112
110
1001
104
102
113
115
121
132
125
125
1001
94
110
94
60
110
116
118
120
103
98
163
166
198
182
115
91
125
115
1001
119
112
129
124
108
109
125
118
105
1001
131
100
146
115
1001
117
124
144
1001
98
123
104
93
1001
110
119
100
107
1001
101
1001
117
121
118
105
97
138
150
119
89
106
101
1001
103
119
121
1001
130
108
94
106
95
98
90
111
1001
106
113
111
97
112
115
115
111
131
129
115
113
107
119
117
118
127
128
1001
102
115
95
97
127
99
146
111
94
122
128
117
98
93
124
106
100
95
117
137
112
101
117
101
93
1001
102
1001
128
137
101
81
123
1001
96
106
123
101
104
97
113
1001
123
1001
113
114
105
98
83
108
80
128
106
1001
112
104
102
131
104
95
116
109
143
176
185
163
113
187
126
125
133
125
127
128
113
127
159
102
101
93
1001
95
127
117
102
118
103
103
120
1001
111
117
114
116
105
118
1001
121
118
111
91
91
108
126
123
86
113
105
113
99
107
95
228
112
110
95
85
108
111
92
107
105
110
91
120
115
131
108
1001
113
143
158
1001
1001
172
158
115
99
115
1001
100
107
118
100
111
111
1001
132
93
88
119
86
132
103
121
129
104
117
111
100
1001
120
97
124
133
1001
122
63
103
94
116
116
108
101
120
158
130
1001
127
121
1001
138
114
142
103
93
114
111
128
109
93
115
104
81
129
128
127
88
93
108
99
1001
101
104
97
92
117
111
90
100
115
98
98
1001
1001
58
1001
1001
127
93
100
119
103
109
102
120
115
111
117
105
106
122
142
1001
123
1001
155
186
99
1001
113
110
101
103
121
130
112
1001
1001
122
126
119
126
105
137
122
120
102
110
1001
130
62
100
1001
104
1001
136
96
102
1001
1001
117
125
1001
114
106
100
120
126
100
112
127
115
125
109
127
109
110
1001
87
110
96
91
123
102
45
132
123
117
1001
142
85
126
112
108
126
121
126
114
94
123
137
116
93
92
110
115
133
1001
1001
1001
101
97
126
116
91
121
103
84
87
114
107
1001
106
109
109
83
1001
58
65
63
1001
69
83
67
58
62
67
53
58
71
66
55
63
65
63
56
57
1001
34
52
67
55
45
70
38
55
69
73
1001
1001
1001
73
60
52
51
62
78
105
1001
58
1001
69
63
60
45
67
70
1001
65
1001
52
59
1001
58
53
72
51
57
64
52
49
48
60
49
69
62
65
58
67
1001
43
77
50
62
1001
70
62
68
52
56
50
30
49
48
58
60
66
100
126
1001
120
1001
134
112
122
121
100
106
116
116
102
1001
114
120
123
1001
107
123
102
107
1001
99
95
127
130
140
111
140
1001
118
129
141
130
97
100
95
111
107
100
126
106
127
101
115
131
170
172
157
160
113
106
115
109
103
85
111
116
110
143
138
1001
136
1001
93
94
124
121
104
1001
109
112
1001
109
133
97
107
98
84
106
119
119
119
1001
98
78
66
125
114
107
95
101
103
102
99
108
87
98
85
159
103
116
93
112
110
108
93
62
110
115
91
83
103
108
114
1001
132
105
120
1001
128
127
113
119
97
97
122
111
100
110
104
117
120
1001
94
77
116
109
113
126
126
291
106
105
100
95
113
124
1001
110
120
115
140
120
114
182
147
160
121
115
133
171
168
139
174
136
136
1001
162
1001
166
110
163
119
144
159
142
164
129
142
176
174
156
179
170
168
170
136
151
1001
129
159
139
159
106
108
109
136
111
1001
125
1001
103
97
93
119
119
105
101
112
88
103
42
1001
107
122
1001
96
1001
88
85
1001
113
126
134
105
80
111
65
1001
1001
121
98
120
105
1001
128
130
125
103
1001
140
122
127
116
135
118
115
110
1001
1001
100
113
101
114
1001
114
102
113
97
117
133
115
111
1001
86
123
106
118
129
60
57
73
73
153
141
145
150
107
1001
1001
1001
128
110
120
141
122
98
1001
96
104
1001
123
111
56
52
59
56
66
63
68
59
82
74
70
1001
72
52
57
75
1001
69
1001
1001
58
61
57
71
59
63
69
63
1001
54
59
67
52
67
51
67
1001
66
65
64
73
66
1001
61
59
71
76
69
1001
1001
74
54
49
62
77
67
63
64
51
60
28
61
62
72
65
57
72
50
1001
72
51
51
73
65
57
62
69
53
54
51
63
51
61
47
52
59
78
70
55
79
67
67
74
72
55
66
68
76
65
62
1001
75
70
50
57
68
42
55
54
75
41
137
94
133
107
82
100
103
119
97
114
123
117
133
157
131
119
175
161
1001
1001
137
139
193
150
195
183
186
100
1001
164
116
1001
1001
114
112
111
98
111
123
123
110
109
125
100
97
123
109
108
94
112
119
91
87
121
95
1001
124
1001
61
123
106
122
120
129
112
92
86
126
129
113
101
1001
1001
112
114
1001
124
114
116
133
116
1001
117
126
1001
108
104
89
114
106
1001
109
101
111
131
82
122
128
138
143
121
1001
132
112
1001
104
124
94
91
97
176
130
133
105
123
1001
120
86
108
1001
128
138
135
118
123
121
112
142
118
1001
126
1001
108
1001
1001
132
160
134
103
91
1001
105
98
130
114
114
105
1001
1001
107
109
112
99
122
139
114
111
79
117
140
1001
1001
112
91
117
129
79
119
96
1001
119
105
106
143
109
107
120
108
1001
133
98
114
98
122
111
111
106
103
110
96
103
131
110
115
126
111
111
115
128
110
115
106
1001
92
72
74
126
98
118
113
118
98
116
114
111
103
89
117
106
134
112
1001
121
123
116
122
110
101
109
107
99
121
116
116
1001
137
97
133
116
100
119
1001
114
113
115
116
112
116
110
118
1001
119
140
111
1001
105
113
1001
1001
100
79
187
192
72
85
82
84
91
105
71
75
66
80
1001
75
70
1001
1001
82
88
88
66
65
63
1001
60
1001
61
79
75
1001
65
70
84
72
67
68
1001
65
66
1001
55
1001
71
72
69
64
60
1001
72
71
54
49
60
58
1001
67
66
68
49
61
56
71
62
67
76
50
69
1001
1001
73
41
1001
205
1001
233
231
246
199
1001
158
163
224
201
215
231
172
181
179
152
151
154
154
141
174
182
161
1001
157
153
1001
178
197
1001
107
131
99
110
1001
105
110
111
101
134
135
132
73
111
1001
138
120
80
114
108
100
1001
152
120
135
130
111
120
114
126
91
127
122
60
140
113
137
106
103
131
122
103
136
103
118
116
99
99
99
118
105
1001
112
126
104
98
1001
114
148
1001
97
122
80
1001
112
120
98
116
111
106
111
99
116
117
117
110
126
105
118
117
1001
112
121
125
101
86
96
1001
105
133
82
104
107
1001
115
128
104
120
118
112
116
114
114
1001
92
112
109
103
76
101
126
103
112
107
122
111
1001
113
104
109
114
127
104
102
107
93
97
1001
113
94
89
106
112
101
130
136
114
94
107
111
111
120
111
1001
114
109
115
1001
107
98
116
103
1001
93
112
90
135
118
104
124
152
114
118
107
117
1001
90
137
107
96
1001
121
112
125
135
112
109
122
108
90
96
129
115
117
140
120
109
131
105
112
105
98
1001
108
134
120
120
99
119
134
128
90
108
123
131
118
99
120
112
99
125
106
89
104
116
118
131
113
124
1001
111
85
114
1001
1001
105
134
135
103
95
1001
102
119
96
130
114
116
118
120
131
115
103
119
129
119
93
99
122
117
104
1001
107
101
116
133
109
124
120
96
132
118
137
136
130
1001
96
113
100
117
98
112
110
126
85
108
117
110
101
114
85
84
128
95
86
86
94
128
114
89
115
104
97
110
114
128
99
131
113
83
127
117
108
93
1001
119
120
104
1001
103
116
111
90
121
1001
1001
115
1001
139
167
160
165
171
152
91
121
106
1001
133
110
1001
128
100
1001
119
136
137
66
1001
109
109
121
106
116
126
102
107
102
130
109
129
117
77
122
108
103
104
106
1001
110
88
113
97
1001
110
113
131
100
100
124
106
109
90
115
111
124
100
113
97
95
107
111
94
118
97
108
114
136
119
111
56
93
106
102
116
95
103
115
105
96
103
114
109
88
106
91
103
116
97
100
114
115
103
117
1001
110
76
1001
109
102
111
94
118
93
103
107
124
1001
107
101
106
1001
107
53
1001
1001
107
121
102
108
110
83
112
1001
100
115
107
118
95
119
122
83
110
116
108
106
115
103
106
1001
126
98
97
115
101
104
110
119
94
1001
94
85
92
100
103
78
79
75
83
76
78
86
108
101
62
1001
1001
86
87
79
148
104
136
135
1001
161
185
175
107
76
68
60
78
76
82
88
86
88
1001
63
74
73
64
1001
90
1001
75
71
66
84
63
79
77
1001
82
82
54
83
80
106
95
115
89
110
109
128
116
1001
91
117
112
123
117
110
115
139
108
113
98
87
116
92
104
124
109
120
100
120
113
117
1001
112
1001
118
105
118
106
114
120
122
134
116
67
66
64
77
81
70
97
65
69
52
129
104
81
118
1001
99
70
41
30
127
124
1001
103
1001
132
132
107
105
1001
100
131
97
1001
121
120
114
119
112
40
66
74
72
64
86
59
71
84
70
81
68
81
135
1001
115
109
117
136
1001
67
60
52
59
62
78
66
83
69
1001
59
84
50
74
54
75
84
67
1001
1001
1001
66
87
1001
68
81
56
63
60
78
68
62
71
73
61
72
69
1001
1001
63
1001
62
62
64
47
79
71
79
66
62
82
71
56
116
86
107
129
102
115
123
105
111
98
98
122
1001
119
143
116
108
114
1001
93
119
121
140
109
109
131
126
104
119
123
124
116
108
122
97
1001
96
133
112
1001
104
113
98
90
104
111
98
115
88
135
117
117
127
95
1001
125
106
105
119
115
106
1001
1001
118
100
118
108
84
88
119
125
106
113
97
100
139
93
110
112
102
78
96
1001
109
115
131
125
117
1001
109
102
38
196
143
97
97
112
91
78
128
109
130
157
162
98
102
122
1001
1001
114
90
106
103
98
114
129
100
116
103
126
103
1001
87
117
110
110
96
114
102
124
122
109
115
110
93
94
102
87
102
85
95
111
1001
66
112
85
115
98
98
108
104
113
139
93
120
123
108
106
115
1001
1001
123
139
135
124
112
1001
109
114
117
171
164
136
117
112
130
126
109
1001
77
130
94
131
113
140
132
99
1001
131
107
108
125
127
138
105
126
113
115
125
107
130
139
134
92
128
132
131
118
155
113
162
116
135
1001
1001
120
121
109
116
117
119
141
146
46
115
112
1001
124
1001
122
127
101
98
112
100
135
119
123
117
123
109
123
143
65
108
116
103
135
1001
122
125
98
126
98
121
108
108
172
139
114
139
1001
87
145
118
119
117
70
137
120
110
108
107
119
121
124
129
124
113
124
115
100
1001
80
111
1001
1001
1001
127
1001
87
109
82
131
139
97
120
1001
120
155
171
157
145
163
184
1001
201
171
160
160
161
167
185
139
138
1001
172
146
181
196
152
183
148
146
1001
146
169
154
163
171
131
1001
173
161
198
147
166
151
174
190
182
163
160
165
172
132
132
179
139
165
178
1001
187
162
165
172
162
184
180
167
191
166
150
174
165
1001
133
151
135
1001
151
195
149
158
160
175
167
139
129
135
144
147
145
160
185
156
164
189
163
1001
189
1001
183
189
174
169
1001
195
140
171
159
158
179
155
165
172
1001
170
177
166
1001
197
168
190
176
189
175
157
156
172
128
145
190
1001
181
160
187
182
169
197
155
131
171
175
1001
147
148
169
157
143
1001
196
146
171
167
169
174
157
192
168
195
140
205
169
397
177
185
174
169
1001
1001
1001
1001
180
171
179
1001
56
1001
176
155
142
182
168
174
1001
128
1001
138
215
206
128
201
190
157
169
172
176
165
170
171
149
158
193
1001
208
208
1001
144
141
178
146
172
164
162
174
124
136
138
159
1001
149
159
184
170
1001
189
185
160
200
1001
130
160
144
149
176
234
174
184
188
133
1001
1001
130
159
175
156
157
15
1001
66
45
60
66
49
72
56
76
1001
72
76
58
57
69
72
67
17
69
68
1001
70
63
55
55
59
55
53
64
57
74
63
80
73
42
66
70
71
68
75
73
66
71
75
29
59
78
63
1001
72
78
1001
69
61
68
60
71
79
56
1001
55
1001
65
72
81
69
69
1001
64
68
43
62
54
64
1001
58
62
64
75
1001
53
79
54
69
64
53
85
66
65
53
1001
59
64
83
63
57
58
69
59
64
59
65
1001
51
56
93
103
108
108
101
112
120
107
94
108
108
1001
105
113
106
107
118
115
107
124
116
131
125
115
111
1001
111
99
116
109
98
116
109
98
118
104
115
119
84
102
112
122
115
123
113
125
118
114
115
100
176
203
201
215
261
167
169
150
1001
195
146
140
1001
166
173
172
170
165
155
165
163
1001
167
1001
157
146
194
189
77
195
133
187
147
169
102
193
164
1001
161
168
176
159
167
182
158
161
162
149
162
171
154
140
154
146
1001
172
133
198
170
163
138
146
155
162
151
1001
163
183
157
148
176
146
135
174
1001
170
150
139
169
117
155
123
121
176
176
163
154
171
169
155
1001
153
144
148
155
181
145
189
167
176
189
166
1001
173
160
152
176
217
145
148
151
162
148
148
169
165
169
165
166
176
159
153
163
153
180
138
164
148
189
155
177
183
160
145
169
165
146
1001
144
161
144
171
133
152
157
1001
1001
173
164
158
177
143
160
153
160
165
154
163
152
152
144
1001
177
185
167
174
1001
156
198
138
173
139
193
176
155
137
143
131
1001
1001
165
155
142
200
149
1001
151
181
151
147
146
163
161
180
175
122
168
169
1001
163
160
174
165
1001
152
166
150
147
143
1001
126
127
129
160
163
181
151
161
139
149
128
162
141
149
136
158
141
154
164
163
154
169
169
183
159
159
157
167
178
1001
134
175
1001
171
1001
169
194
159
184
150
152
132
1001
159
146
165
144
141
170
166
168
170
165
166
176
157
1001
155
161
1001
166
161
157
174
1001
135
1001
204
121
173
174
149
159
128
1001
159
1001
216
196
204
211
111
168
180
1001
1001
183
186
180
173
184
150
164
159
164
176
161
178
103
171
131
179
161
137
166
147
168
138
151
169
159
164
184
176
182
132
177
145
173
154
176
157
157
147
153
162
154
178
1001
147
179
165
129
86
142
165
184
155
151
1001
157
155
189
150
159
155
154
179
151
176
204
141
154
138
142
170
157
168
139
149
169
173
155
183
153
160
169
184
153
173
1001
154
156
117
179
1001
169
161
185
161
173
150
1001
175
172
161
154
162
1001
175
204
1001
224
250
1001
163
154
160
164
156
179
132
144
162
1001
150
136
1001
209
194
1001
197
198
243
249
1001
236
1001
210
155
163
166
180
166
166
156
124
1001
161
152
142
164
162
165
157
180
168
155
148
157
173
172
1001
201
1001
160
131
1001
177
176
164
1001
170
1001
174
162
183
178
1001
158
168
141
167
181
163
146
180
128
172
185
152
157
168
166
149
148
120
112
114
122
160
242
228
238
198
274
230
189
229
175
159
177
172
161
204
171
148
146
185
1001
1001
1001
1001
1001
34
52
64
62
1001
69
76
60
1001
55
59
59
46
73
59
60
1001
72
1001
54
72
1001
62
48
83
62
67
79
74
61
49
61
1001
20
73
70
1001
57
56
48
80
70
137
109
119
1001
108
117
104
100
93
1001
116
102
108
118
136
108
125
88
65
76
62
1001
60
54
60
65
69
58
85
61
68
61
69
46
68
73
56
59
58
63
74
62
58
54
1001
61
59
71
66
70
1001
52
50
76
68
169
72
116
100
144
1001
109
110
134
120
122
114
1001
118
112
150
99
114
128
175
131
227
124
124
333
85
1001
209
173
147
113
110
86
1001
170
109
188
1001
150
92
205
1001
114
112
104
121
117
140
166
144
78
61
77
63
1001
65
54
59
74
75
76
1001
66
25
61
65
57
81
1001
79
63
72
65
70
80
63
65
54
105
112
116
103
133
120
120
103
105
112
138
122
120
117
1001
107
121
135
119
119
78
122
123
118
123
111
100
96
118
1001
95
97
129
1001
130
113
141
1001
109
108
137
1001
104
101
95
1001
122
106
117
121
124
90
106
1001
133
107
89
69
108
122
117
94
1001
136
1001
131
131
105
115
92
114
110
83
97
115
1001
114
122
118
128
109
102
1001
108
99
107
119
110
119
131
108
62
116
116
139
101
97
97
98
1001
116
85
131
109
1001
105
136
108
91
133
104
111
1001
134
104
115
106
119
158
158
1001
131
97
119
129
120
111
110
112
1001
113
112
133
126
122
115
124
113
89
107
117
97
1001
125
90
113
112
1001
92
101
106
127
118
106
93
1001
176
1001
1001
165
145
156
154
103
1001
122
123
105
1001
120
87
97
104
107
119
131
1001
90
109
122
96
149
140
118
126
103
128
103
89
105
121
120
1001
143
109
71
131
97
123
117
115
123
122
85
109
138
127
110
103
116
111
124
1001
130
86
88
146
80
97
128
125
46
104
134
145
120
118
1001
69
73
87
65
69
56
57
68
94
52
1001
61
63
77
65
64
1001
73
26
68
77
77
1001
56
74
64
63
67
58
54
108
111
110
105
107
1001
108
1001
127
130
113
105
1001
118
108
1001
102
1001
119
101
115
91
118
116
117
110
104
102
122
1001
59
55
1001
1001
74
48
68
76
63
73
120
117
1001
99
115
119
116
118
110
127
128
118
120
113
236
235
99
1001
118
121
64
57
56
66
51
75
40
74
81
71
48
70
60
53
53
77
64
66
67
66
1001
68
45
65
55
34
1001
122
107
255
294
300
266
249
288
273
234
299
239
1001
270
257
266
266
263
249
279
289
281
249
279
260
260
222
230
275
279
283
218
228
237
191
1001
183
188
170
154
66
162
180
178
193
1001
182
1001
196
193
182
1001
78
180
217
242
253
247
246
245
271
271
194
217
231
210
209
265
203
196
186
213
230
245
235
185
235
183
226
180
239
217
228
1001
233
235
192
167
1001
1001
1001
160
150
203
200
185
171
1001
205
182
208
166
214
188
181
158
191
1001
1001
1001
181
187
1001
230
156
209
186
159
267
273
1001
196
205
1001
252
246
223
219
1001
220
231
195
245
204
154
162
164
192
164
188
183
193
154
162
184
1001
196
188
178
228
269
227
188
197
213
243
225
235
228
254
249
271
243
213
264
225
220
241
252
184
168
289
224
1001
269
202
233
1001
1001
244
208
1001
214
254
243
252
235
251
206
221
185
223
227
225
249
223
221
203
200
210
227
222
237
207
233
208
243
180
1001
229
202
216
241
201
230
225
200
219
224
1001
226
223
260
242
200
211
234
204
1001
213
1001
236
208
1001
169
166
224
225
270
220
234
278
267
243
184
1001
1001
219
225
224
1001
219
227
245
237
260
238
287
250
242
1001
1001
203
182
248
211
1001
173
195
186
199
204
232
1001
229
204
228
173
262
236
224
190
234
195
223
231
1001
246
240
255
261
1001
1001
1001
210
223
241
1001
249
221
220
215
230
1001
127
1001
1001
102
104
135
1001
134
106
119
106
152
133
159
162
159
204
232
1001
225
101
116
133
118
1001
138
1001
125
1001
158
1001
89
88
78
85
68
83
80
79
85
48
23
25
93
74
73
78
97
83
92
77
65
1001
79
51
1001
72
87
70
1001
76
94
1001
114
1001
107
68
108
1001
111
102
96
116
82
101
95
1001
100
125
1001
131
102
106
114
109
94
103
106
1001
122
127
112
115
73
112
125
116
106
134
126
1001
118
103
124
125
1001
1001
115
144
1001
1001
134
99
123
121
104
113
106
111
117
112
1001
105
84
114
97
87
114
1001
114
114
123
61
130
115
136
109
117
130
120
101
103
127
119
132
126
128
1001
1001
1001
104
132
129
121
114
71
117
137
122
123
125
111
92
114
125
109
119
107
98
110
111
128
135
111
128
98
89
141
1001
122
119
132
126
113
1001
1001
127
84
122
105
1001
115
90
122
117
148
127
124
100
106
118
1001
116
104
105
103
124
1001
113
124
110
120
134
111
154
158
124
173
173
192
154
181
178
163
200
1001
140
109
104
138
106
142
145
107
1001
61
76
67
1001
202
1001
135
111
150
124
104
116
125
125
88
136
114
136
1001
127
1001
133
115
98
122
120
105
106
116
114
96
85
90
121
100
124
88
116
115
104
109
117
144
129
132
134
97
140
140
110
1001
1001
102
1001
134
112
111
104
119
101
130
130
123
126
138
1001
113
107
121
125
1001
109
110
120
109
102
111
131
110
113
108
1001
150
117
1001
113
99
115
110
107
114
126
101
58
1001
93
114
110
111
106
135
118
120
102
1001
118
117
105
94
98
114
121
130
110
110
111
100
90
98
109
104
86
91
93
137
100
114
92
101
108
1001
1001
99
1001
1001
101
108
88
1001
123
1001
114
116
137
89
93
1001
1001
115
105
108
110
92
1001
125
1001
108
122
120
106
114
102
1001
134
93
143
112
115
1001
128
106
103
100
120
115
111
116
99
122
106
115
104
92
102
103
99
91
75
96
106
120
94
94
81
104
82
123
91
110
92
1001
118
105
103
1001
115
104
144
84
95
91
128
99
99
104
104
111
120
120
1001
124
109
126
109
122
132
134
123
104
101
116
116
115
1001
129
1001
112
93
117
1001
112
109
1001
74
108
131
107
1001
120
106
100
127
92
1001
121
155
330
1001
114
118
130
118
103
116
110
126
114
105
101
109
1001
107
134
112
101
114
83
106
109
84
100
142
107
116
1001
114
114
92
104
113
108
116
102
134
106
115
1001
94
89
102
123
96
130
110
136
92
124
1001
143
123
101
118
106
119
109
602
610
322
285
341
326
1001
280
238
240
245
1001
1001
285
240
182
289
178
245
210
226
283
273
236
128
290
261
304
264
287
270
261
260
264
183
185
1001
161
238
162
414
274
294
404
352
288
289
279
259
1001
252
268
309
126
93
123
113
1001
134
113
1001
89
110
1001
112
88
119
118
112
122
135
121
123
1001
1001
136
118
131
142
130
1001
109
129
106
124
1001
88
111
120
119
127
119
1001
1001
112
101
103
142
105
126
108
101
117
1001
1001
52
38
56
44
69
76
63
21
57
63
59
53
58
60
71
31
56
69
1001
69
74
67
50
54
1001
71
74
58
75
85
58
64
59
60
62
57
61
68
14
61
68
63
69
69
56
48
74
66
67
62
61
53
68
48
74
75
57
64
59
64
60
54
52
41
53
62
61
56
59
55
65
73
63
67
54
1001
76
1001
1001
62
1001
75
71
67
39
74
71
69
71
70
1001
67
116
125
55
71
1001
62
59
68
69
61
73
71
1001
68
47
58
54
82
80
1001
1001
88
63
47
70
74
1001
131
71
60
1001
63
70
78
63
125
125
102
106
120
118
73
108
118
107
131
111
124
127
83
99
112
102
102
126
121
1001
101
118
78
115
113
114
106
101
109
121
111
92
95
1001
114
113
128
102
93
89
135
101
122
110
91
114
109
115
117
104
121
119
95
1001
101
1001
100
96
108
99
124
79
134
1001
110
1001
121
104
130
123
104
110
117
120
122
102
125
126
123
1001
96
1001
125
1001
55
103
1001
1001
107
116
122
1001
126
103
105
111
94
76
125
78
116
98
1001
1001
93
122
1001
124
123
102
115
119
1001
1001
93
1001
115
1001
1001
113
107
125
102
95
104
99
129
105
128
103
160
132
107
90
113
1001
112
112
102
1001
1001
223
215
34
87
113
177
33
39
130
78
102
95
96
117
118
119
124
119
1001
123
1001
24
103
110
102
104
130
108
120
126
99
130
110
107
105
1001
197
1001
102
118
114
102
111
1001
114
1001
1001
118
119
118
97
112
120
111
131
103
101
129
110
90
103
103
125
123
108
120
105
108
101
115
60
134
116
103
130
108
101
141
136
119
107
1001
120
110
119
112
90
100
131
91
124
117
132
99
116
95
110
112
110
119
110
1001
112
117
130
116
108
104
1001
119
113
115
136
93
106
103
110
104
104
1001
112
83
119
150
116
109
128
125
103
117
118
118
117
106
113
123
83
125
117
115
103
100
107
122
112
104
141
97
127
120
130
105
136
1001
111
126
110
123
130
101
101
102
107
110
106
120
104
104
125
116
117
115
116
85
90
110
114
102
109
113
104
98
109
119
119
117
99
129
105
108
114
1001
94
94
1001
110
106
117
114
109
111
107
98
102
108
107
117
117
94
125
117
102
1001
103
108
112
101
141
169
191
182
197
177
179
152
176
112
127
97
135
114
1001
109
99
121
123
1001
115
1001
117
1001
121
94
147
112
107
122
110
1001
117
99
1001
109
129
133
1001
105
109
113
108
105
122
1001
114
119
105
93
100
114
90
116
125
111
133
1001
124
88
93
124
116
1001
112
114
1001
108
105
116
177
148
176
1001
1001
165
1001
166
162
161
1001
173
160
174
156
125
1001
153
127
138
138
183
232
203
193
230
161
227
212
250
248
234
136
228
197
217
202
206
215
1001
208
206
1001
102
230
237
1001
213
225
1001
1001
178
209
225
199
207
1001
196
213
240
215
249
190
201
242
228
197
232
147
1001
206
229
212
191
226
185
201
213
190
232
212
232
234
215
224
222
222
236
310
277
276
1001
281
243
288
321
249
268
280
293
248
318
215
1001
264
250
208
272
1001
298
277
181
265
200
197
1001
198
193
245
1001
241
225
188
243
203
207
217
190
216
231
205
194
1001
1001
227
227
204
218
210
203
197
200
219
179
228
216
206
233
195
233
205
238
216
219
1001
213
232
1001
256
233
200
196
244
229
235
238
201
206
182
197
209
227
200
220
226
235
217
218
1001
334
28
60
1001
17
13
1001
28
1001
1001
65
37
45
67
69
66
1001
56
54
108
119
63
61
55
59
59
15
60
1001
72
44
66
1001
53
65
65
1001
1001
1001
76
50
56
81
1001
70
58
75
70
65
59
1001
74
65
60
66
56
74
79
66
78
60
56
65
63
65
87
63
75
1001
76
66
73
1001
59
72
67
80
59
63
68
41
65
78
65
65
64
1001
59
63
73
83
75
62
62
55
58
74
58
69
78
65
65
60
58
8
1001
69
62
63
52
61
65
1001
74
57
57
78
59
52
59
67
62
1001
57
1001
64
68
72
50
60
57
50
65
55
59
59
1001
62
1001
72
57
67
64
64
68
59
71
79
61
78
67
57
68
60
64
56
55
68
1001
64
1001
61
50
59
57
64
67
51
1001
65
61
62
1001
60
75
58
61
58
110
97
110
116
124
95
100
120
75
96
116
119
137
98
97
110
1001
104
104
90
110
80
96
124
1001
106
98
102
117
1001
121
106
80
114
102
128
94
120
112
88
125
99
98
113
114
116
115
120
40
121
98
121
119
121
117
113
1001
139
124
101
118
126
1001
69
130
108
1001
98
108
132
124
114
84
113
100
122
123
103
112
109
117
1001
1001
104
108
111
107
111
1001
119
113
105
1001
100
113
135
125
97
95
1001
118
121
140
1001
103
123
94
139
110
100
108
74
119
118
107
119
118
1001
1001
112
128
121
113
130
1001
119
113
126
1001
136
73
103
144
131
66
102
118
106
130
146
110
114
121
128
115
114
114
108
118
99
139
86
119
1001
130
105
131
114
32
122
163
104
125
110
85
1001
127
109
84
136
125
95
145
1001
130
123
95
129
122
114
132
108
121
103
54
114
120
141
124
105
126
95
97
1001
110
110
134
99
1001
115
106
96
109
117
108
137
98
113
111
120
1001
1001
130
103
99
112
1001
126
1001
141
111
123
103
1001
1001
114
107
105
1001
112
1001
106
72
138
160
140
1001
1001
159
1001
1001
144
153
124
125
152
1001
144
142
141
136
146
159
144
139
131
118
174
152
149
1001
135
144
1001
153
106
124
142
152
133
163
1001
154
142
154
143
124
136
126
130
150
149
146
1001
120
148
157
135
170
129
1001
128
137
112
127
149
157
131
106
158
168
157
132
133
125
156
142
129
141
144
145
153
142
143
136
178
123
145
110
141
147
146
140
124
171
152
143
170
144
1001
149
165
121
170
1001
174
162
141
147
84
1001
222
251
224
238
1001
1001
240
147
146
135
150
143
145
132
133
1001
114
1001
130
153
114
1001
159
151
129
138
186
187
177
127
1001
113
113
101
119
1001
1001
1001
147
114
128
82
102
1001
124
144
107
122
1001
118
88
85
91
106
100
1001
103
1001
112
96
120
102
134
96
1001
105
96
104
104
114
110
102
124
99
135
97
105
132
113
103
112
114
115
1001
115
99
105
100
131
123
127
109
136
121
120
88
116
114
91
118
81
1001
101
109
127
88
109
101
123
1001
106
98
130
106
1001
1001
99
105
124
124
84
116
112
99
107
94
95
120
95
109
74
108
104
123
119
106
113
104
110
85
119
102
116
103
113
119
108
87
101
103
1001
107
137
141
108
124
122
122
1001
104
122
110
118
121
75
121
146
119
129
128
114
99
112
114
102
115
102
127
121
62
121
139
107
98
123
120
117
125
1001
111
1001
114
104
93
110
145
127
113
1001
229
185
101
227
493
541
646
254
465
548
214
1001
325
91
1001
161
172
164
154
172
150
163
142
163
177
196
156
159
164
159
1001
193
174
1001
162
177
178
163
158
1001
103
121
141
114
68
72
100
96
1001
121
106
124
112
107
119
1001
121
1001
113
83
103
123
99
115
102
135
118
125
101
1001
1001
1001
135
125
113
99
132
107
1001
114
103
122
1001
101
119
90
123
132
107
142
82
110
122
121
125
97
107
1001
113
1001
115
97
110
83
122
117
98
138
137
111
131
122
129
85
100
116
103
93
111
121
68
103
119
1001
1001
102
85
108
184
1001
1001
158
169
160
1001
114
103
110
111
109
107
146
119
126
109
75
117
123
139
110
96
101
87
133
135
131
115
92
113
123
109
1001
1001
1001
139
113
123
121
106
103
1001
1001
97
102
117
109
1001
104
119
134
120
102
103
105
1001
104
1001
1001
157
126
109
1001
121
114
113
95
112
1001
111
117
105
133
1001
116
117
166
148
162
1001
155
134
164
1001
170
1001
163
171
139
157
157
155
1001
185
158
208
1001
157
169
181
152
168
152
101
156
171
189
169
199
167
169
1001
196
1001
177
124
138
154
170
140
173
123
136
149
132
168
1001
148
169
164
156
157
139
143
140
1001
178
150
163
186
1001
157
164
109
1001
147
146
159
141
1001
172
170
155
157
144
114
155
1001
1001
161
165
182
136
162
164
146
176
150
158
193
178
150
162
145
158
146
1001
182
181
151
167
179
172
184
145
22
1001
147
111
128
125
128
104
111
117
1001
120
1001
102
108
111
107
127
101
83
114
104
130
1001
93
118
104
99
98
1001
115
105
107
130
1001
135
111
122
120
103
114
140
126
99
121
125
129
122
116
103
92
115
108
90
123
27
112
104
134
1001
101
82
82
127
132
120
77
93
116
133
94
1001
131
108
117
139
135
140
159
185
122
109
135
123
105
106
128
1001
123
156
204
178
87
83
1001
117
110
106
133
132
116
121
111
111
123
1001
112
104
110
106
99
86
97
100
1001
106
111
104
108
109
100
122
138
123
148
93
108
107
125
98
88
101
138
81
110
132
1001
113
109
113
108
94
119
141
104
112
116
177
79
89
100
106
156
1001
101
100
169
227
92
114
125
111
83
115
91
105
1001
91
103
121
123
126
108
108
119
1001
1001
102
114
108
1001
107
111
117
102
118
120
116
1001
121
106
114
134
131
106
112
108
1001
109
99
1001
111
110
134
114
102
99
116
107
118
111
127
101
1001
128
120
112
110
105
88
111
97
1001
111
108
101
115
116
116
105
81
116
112
129
105
113
119
120
106
107
1001
99
96
1001
104
116
92
118
1001
108
92
107
1001
130
104
116
139
104
87
102
100
113
126
123
123
95
135
102
1001
1001
179
118
101
111
109
104
190
118
209
1001
1001
1001
137
1001
115
150
59
66
109
1001
104
194
190
271
117
89
89
96
95
75
107
107
118
101
106
104
61
1001
1001
108
130
102
104
131
143
112
120
1001
131
113
1001
77
122
107
122
120
127
125
95
100
69
55
59
76
62
1001
75
90
62
75
58
1001
69
54
76
41
59
1001
66
52
151
108
119
1001
1001
135
126
90
104
108
119
97
134
107
111
121
93
83
118
82
99
153
120
120
1001
107
136
102
102
119
115
109
96
115
134
109
127
68
74
72
60
83
70
121
95
104
113
104
137
106
1001
106
106
112
1001
122
133
106
99
105
137
104
122
107
94
114
104
133
105
124
103
109
87
107
128
109
113
1001
129
99
123
97
126
90
113
1001
124
105
105
181
187
123
88
1001
1001
256
94
107
105
1001
128
97
254
106
95
101
122
85
108
89
105
93
117
107
1001
141
104
116
137
1001
152
210
210
175
191
196
188
195
196
194
225
189
180
1001
228
212
228
193
167
65
109
1001
97
121
117
114
108
97
113
105
1001
120
135
137
116
109
120
119
134
121
1001
116
94
121
110
96
103
1001
68
189
1001
205
221
154
201
179
158
124
177
148
1001
172
1001
125
1001
139
165
174
170
148
161
151
195
182
1001
156
178
154
160
112
1001
191
173
129
185
182
174
179
171
173
1001
1001
1001
190
1001
191
175
169
185
167
198
171
187
179
172
165
143
177
153
149
136
153
1001
154
178
148
174
1001
191
142
153
209
1001
155
1001
161
190
169
180
171
1001
138
130
151
1001
1001
115
1001
124
1001
151
189
163
1001
179
1001
157
1001
126
175
158
139
1001
147
147
158
1001
1001
171
190
74
149
1001
181
1001
155
148
164
148
160
1001
185
170
157
164
157
184
140
164
169
231
163
157
207
1001
221
231
206
221
194
198
208
206
174
225
240
245
187
179
1001
220
225
236
1001
246
206
224
208
182
216
161
136
1001
140
153
160
168
149
166
172
181
1001
1001
175
198
166
163
172
172
158
173
182
203
151
176
146
169
1001
124
117
124
146
1001
103
130
138
117
105
112
102
86
107
114
122
139
120
110
1001
104
143
114
1001
101
116
109
1001
66
115
107
112
1001
134
113
137
107
109
118
125
137
119
121
82
128
122
116
130
131
139
112
73
123
1001
98
116
138
103
101
112
114
95
99
118
133
340
1001
73
171
203
221
1001
85
110
110
110
96
108
1001
1001
96
118
107
94
119
111
109
79
135
83
100
101
106
96
127
105
133
1001
123
113
114
1001
141
110
101
135
119
103
106
119
82
113
110
112
119
57
111
115
125
127
102
114
122
103
133
117
114
106
94
116
113
111
80
174
163
142
144
1001
1001
1001
120
64
111
126
120
113
97
123
111
127
104
124
119
149
1001
121
125
103
126
102
87
119
113
175
175
156
170
146
1001
110
1001
120
125
118
1001
125
93
98
1001
107
1001
1001
115
111
118
113
109
107
122
121
82
123
108
1001
152
152
147
179
147
115
136
172
155
119
126
1001
126
121
1001
107
1001
111
131
108
105
122
108
136
130
117
108
100
116
115
106
97
115
97
112
116
103
82
126
109
128
1001
109
125
104
110
109
1001
87
102
120
92
110
119
127
126
109
115
111
125
113
65
1001
107
131
106
124
95
106
120
95
123
126
121
141
122
127
98
123
122
1001
1001
115
93
117
124
102
131
1001
122
120
105
112
113
1001
66
111
114
139
124
110
123
1001
1001
121
92
112
105
112
1001
114
120
1001
112
117
92
121
126
108
1001
134
112
124
101
1001
97
108
98
99
1001
136
1001
122
109
115
91
108
138
119
1001
120
130
121
118
123
129
119
90
111
126
107
1001
114
96
107
119
96
1001
149
1001
97
119
108
114
53
1001
40
1001
32
1001
58
58
58
62
58
1001
86
70
63
73
68
97
102
136
86
95
114
94
114
111
128
135
117
114
108
112
107
121
37
73
93
150
108
119
82
100
96
1001
104
90
117
106
113
107
114
104
101
106
97
103
106
104
99
104
104
101
118
110
93
105
77
95
116
83
105
101
103
115
456
347
513
503
303
308
1001
304
345
306
320
317
331
305
352
276
334
342
135
111
110
312
331
1552
1543
1535
1964
2039
2199
2214
2261
2103
1076
1001
410
464
460
409
449
1001
1001
375
367
364
367
321
390
394
377
1001
368
390
56
72
1001
54
70
60
1001
66
52
56
1001
1001
68
64
63
1001
82
1001
54
55
61
69
37
58
59
44
58
62
54
53
70
1001
51
1001
1001
1001
47
68
67
61
102
178
132
179
188
1001
203
1001
144
160
107
191
185
193
193
195
185
181
194
201
181
150
78
60
117
102
77
1001
52
95
126
101
137
136
1001
106
215
113
107
120
118
127
205
1001
1001
118
1001
101
92
92
1001
1001
76
62
88
49
74
79
78
51
1001
55
75
43
58
69
61
54
63
66
51
70
66
54
64
72
1001
1001
55
1001
1001
58
1001
53
56
57
1001
77
55
59
51
72
99
59
63
50
57
70
38
72
69
1001
63
91
72
67
62
84
69
99
14
40
93
252
125
103
158
103
108
116
119
93
161
99
121
95
84
103
115
111
122
130
116
130
127
1001
108
120
117
96
111
144
111
136
1001
112
144
113
125
120
111
62
1001
124
122
94
120
119
1001
105
121
98
1001
91
112
110
111
103
95
1001
102
93
121
119
118
1001
98
138
107
134
107
98
106
1001
124
127
105
100
94
115
131
115
107
1001
101
117
100
118
122
132
128
138
141
109
121
152
80
124
129
143
107
122
1001
130
119
114
141
99
115
118
126
132
110
104
146
158
153
119
1001
137
116
119
149
108
109
613
68
163
242
184
434
437
18
1001
1001
167
150
244
340
222
239
220
157
153
464
555
131
218
1001
201
101
110
77
104
107
124
135
121
100
75
105
105
69
69
138
105
120
135
1001
118
105
116
105
120
98
109
98
1001
91
1001
111
91
113
115
108
138
117
120
96
108
99
117
1001
110
1001
106
105
107
101
96
100
100
109
121
121
118
122
80
106
125
125
102
111
107
136
125
109
115
89
103
1001
117
121
98
105
1001
87
104
126
115
1001
133
115
122
110
117
128
98
116
131
104
1001
89
100
1001
104
114
108
125
1001
132
91
120
114
122
131
103
130
122
89
107
131
127
135
122
125
116
99
96
124
72
66
1001
1001
61
63
68
65
1001
125
59
65
65
64
75
215
162
184
1001
108
229
229
73
291
111
213
114
105
121
119
106
1001
103
106
112
127
133
108
142
122
100
151
157
131
142
136
140
118
116
109
122
102
114
115
121
85
1001
140
151
133
154
137
170
97
179
147
1001
137
157
151
129
1001
170
113
116
1001
156
1001
150
1001
141
137
161
171
152
63
61
74
71
63
75
67
46
54
1001
72
70
53
67
1001
76
68
59
73
58
66
92
108
107
130
1001
59
58
66
55
79
60
62
82
50
58
70
81
1001
49
1001
48
75
1001
66
58
89
61
69
