86.0
94.0
57.0
95.0
77.0
75.0
79.0
77.0
86.0
78.0
75.0
70.0
88.0
78.0
98.0
98.0
64.0
75.0
96.0
90.0
93.0
105.0
84.0
79.0
82.0
73.0
95.0
58.0
90.0
118.0
76.0
116.0
88.0
103.0
89.0
83.0
32.0
53.0
74.0
99.0
108.0
70.0
94.0
86.0
78.0
69.0
87.0
90.0
77.0
84.0
90.0
90.0
64.0
85.0
93.0
96.0
93.0
92.0
85.0
85.0
88.0
78.0
94.0
67.0
100.0
91.0
103.0
80.0
86.0
76.0
54.0
87.0
95.0
78.0
89.0
90.0
68.0
75.0
93.0
75.0
75.0
87.0
92.0
80.0
90.0
87.0
89.0
97.0
92.0
83.0
78.0
82.0
78.0
68.0
94.0
73.0
72.0
78.0
72.0
84.0
89.0
118.0
84.0
67.0
91.0
85.0
83.0
97.0
86.0
94.0
92.0
94.0
84.0
84.0
98.0
76.0
86.0
79.0
71.0
85.0
114.0
67.0
97.0
91.0
77.0
107.0
93.0
99.0
73.0
93.0
90.0
93.0
80.0
91.0
94.0
98.0
95.0
82.0
84.0
103.0
70.0
113.0
94.0
95.0
74.0
80.0
105.0
89.0
88.0
97.0
81.0
80.0
89.0
92.0
88.0
96.0
83.0
91.0
69.0
83.0
57.0
93.0
77.0
98.0
75.0
81.0
80.0
87.0
85.0
80.0
85.0
80.0
83.0
54.0
57.0
82.0
68.0
97.0
89.0
76.0
77.0
80.0
83.0
68.0
72.0
107.0
77.0
100.0
76.0
102.0
94.0
82.0
85.0
75.0
85.0
107.0
95.0
94.0
79.0
100.0
74.0
68.0
86.0
100.0
81.0
70.0
84.0
48.0
82.0
80.0
80.0
91.0
111.0
92.0
83.0
87.0
93.0
80.0
79.0
88.0
80.0
85.0
95.0
86.0
94.0
98.0
79.0
89.0
64.0
91.0
69.0
87.0
79.0
76.0
80.0
99.0
68.0
97.0
93.0
74.0
67.0
82.0
101.0
72.0
82.0
98.0
87.0
82.0
74.0
87.0
84.0
99.0
72.0
72.0
76.0
110.0
87.0
109.0
88.0
96.0
87.0
83.0
90.0
68.0
73.0
87.0
95.0
91.0
102.0
90.0
73.0
90.0
83.0
94.0
77.0
79.0
82.0
85.0
73.0
79.0
75.0
121.0
99.0
91.0
87.0
87.0
112.0
76.0
76.0
87.0
68.0
79.0
92.0
65.0
86.0
83.0
88.0
92.0
68.0
76.0
82.0
109.0
103.0
92.0
81.0
86.0
62.0
91.0
84.0
80.0
85.0
79.0
77.0
94.0
95.0
65.0
72.0
82.0
92.0
86.0
68.0
86.0
74.0
103.0
81.0
77.0
72.0
106.0
89.0
73.0
90.0
81.0
86.0
74.0
86.0
82.0
96.0
72.0
79.0
71.0
73.0
83.0
78.0
78.0
101.0
88.0
87.0
93.0
79.0
79.0
85.0
81.0
113.0
90.0
97.0
92.0
84.0
61.0
80.0
85.0
103.0
89.0
73.0
72.0
94.0
80.0
88.0
82.0
88.0
99.0
88.0
71.0
82.0
73.0
96.0
80.0
86.0
71.0
75.0
97.0
89.0
90.0
76.0
84.0
93.0
79.0
88.0
77.0
73.0
104.0
99.0
87.0
93.0
86.0
87.0
91.0
76.0
81.0
80.0
92.0
90.0
79.0
93.0
81.0
88.0
86.0
83.0
95.0
84.0
79.0
88.0
79.0
101.0
82.0
98.0
74.0
92.0
112.0
94.0
92.0
90.0
58.0
98.0
77.0
94.0
84.0
90.0
86.0
65.0
80.0
81.0
92.0
72.0
75.0
88.0
111.0
83.0
84.0
89.0
96.0
80.0
90.0
97.0
112.0
70.0
93.0
98.0
63.0
88.0
80.0
77.0
87.0
97.0
78.0
85.0
80.0
85.0
104.0
75.0
83.0
97.0
98.0
76.0
86.0
94.0
84.0
75.0
95.0
67.0
93.0
78.0
78.0
61.0
69.0
90.0
81.0
80.0
93.0
97.0
101.0
78.0
74.0
82.0
79.0
86.0
105.0
93.0
100.0
89.0
79.0
84.0
87.0
77.0
84.0
94.0
105.0
35.0
86.0
97.0
87.0
97.0
83.0
94.0
74.0
100.0
101.0
101.0
103.0
92.0
89.0
96.0
90.0
103.0
92.0
103.0
90.0
94.0
81.0
98.0
96.0
92.0
63.0
95.0
90.0
98.0
87.0
93.0
80.0
96.0
98.0
73.0
106.0
78.0
81.0
102.0
103.0
90.0
75.0
75.0
77.0
85.0
90.0
86.0
101.0
91.0
108.0
81.0
65.0
88.0
72.0
80.0
72.0
81.0
87.0
57.0
99.0
98.0
104.0
110.0
108.0
111.0
86.0
91.0
98.0
95.0
87.0
80.0
89.0
85.0
101.0
87.0
93.0
75.0
81.0
85.0
94.0
76.0
89.0
69.0
95.0
85.0
90.0
109.0
80.0
94.0
95.0
89.0
105.0
93.0
84.0
88.0
86.0
65.0
91.0
96.0
92.0
82.0
92.0
75.0
81.0
216.0
186.0
82.0
89.0
88.0
90.0
95.0
90.0
102.0
93.0
97.0
101.0
126.0
93.0
100.0
100.0
83.0
76.0
89.0
97.0
108.0
111.0
102.0
95.0
96.0
100.0
82.0
89.0
98.0
90.0
103.0
89.0
80.0
84.0
94.0
101.0
89.0
89.0
79.0
84.0
101.0
100.0
102.0
89.0
93.0
112.0
81.0
83.0
99.0
81.0
100.0
99.0
102.0
116.0
94.0
93.0
76.0
117.0
114.0
106.0
114.0
89.0
95.0
93.0
83.0
116.0
99.0
91.0
106.0
110.0
89.0
109.0
89.0
111.0
109.0
105.0
91.0
102.0
85.0
102.0
46.0
104.0
98.0
81.0
98.0
105.0
108.0
109.0
86.0
92.0
88.0
108.0
98.0
96.0
83.0
106.0
83.0
89.0
90.0
98.0
79.0
83.0
86.0
101.0
97.0
113.0
104.0
84.0
114.0
79.0
99.0
113.0
92.0
119.0
111.0
132.0
87.0
95.0
107.0
105.0
111.0
92.0
100.0
98.0
111.0
86.0
101.0
66.0
68.0
95.0
113.0
111.0
84.0
95.0
99.0
100.0
87.0
97.0
104.0
107.0
112.0
86.0
97.0
117.0
104.0
90.0
81.0
104.0
108.0
102.0
82.0
102.0
95.0
78.0
86.0
92.0
103.0
77.0
90.0
92.0
100.0
92.0
80.0
92.0
75.0
77.0
106.0
79.0
101.0
102.0
113.0
102.0
93.0
82.0
109.0
92.0
72.0
93.0
104.0
89.0
85.0
82.0
84.0
98.0
88.0
88.0
84.0
81.0
90.0
98.0
93.0
75.0
97.0
91.0
90.0
87.0
104.0
112.0
74.0
90.0
97.0
99.0
77.0
81.0
102.0
97.0
92.0
53.0
86.0
77.0
102.0
99.0
100.0
75.0
99.0
87.0
112.0
89.0
85.0
79.0
91.0
83.0
96.0
78.0
118.0
117.0
57.0
103.0
88.0
111.0
94.0
89.0
96.0
99.0
71.0
64.0
60.0
86.0
80.0
107.0
91.0
82.0
93.0
52.0
98.0
92.0
85.0
93.0
82.0
85.0
87.0
82.0
40.0
89.0
97.0
97.0
77.0
111.0
95.0
97.0
73.0
97.0
87.0
85.0
107.0
107.0
83.0
100.0
93.0
86.0
92.0
105.0
120.0
102.0
96.0
93.0
72.0
94.0
96.0
76.0
75.0
90.0
92.0
81.0
75.0
80.0
74.0
72.0
104.0
76.0
103.0
99.0
64.0
98.0
87.0
106.0
97.0
96.0
71.0
76.0
81.0
81.0
83.0
71.0
92.0
87.0
96.0
82.0
101.0
71.0
73.0
101.0
107.0
97.0
98.0
96.0
81.0
77.0
94.0
100.0
83.0
82.0
93.0
89.0
82.0
62.0
58.0
73.0
96.0
87.0
72.0
105.0
77.0
99.0
101.0
93.0
76.0
85.0
70.0
80.0
88.0
90.0
89.0
92.0
108.0
93.0
68.0
84.0
91.0
88.0
93.0
95.0
79.0
74.0
93.0
88.0
95.0
70.0
104.0
75.0
93.0
87.0
92.0
82.0
91.0
85.0
97.0
92.0
82.0
71.0
98.0
79.0
72.0
76.0
73.0
68.0
74.0
101.0
65.0
84.0
85.0
88.0
74.0
84.0
74.0
81.0
98.0
77.0
70.0
81.0
83.0
79.0
105.0
83.0
88.0
72.0
91.0
75.0
69.0
77.0
87.0
85.0
83.0
75.0
91.0
85.0
83.0
82.0
62.0
87.0
84.0
73.0
82.0
82.0
81.0
69.0
78.0
84.0
77.0
95.0
90.0
87.0
89.0
86.0
84.0
98.0
95.0
64.0
69.0
83.0
91.0
70.0
76.0
95.0
81.0
89.0
88.0
86.0
104.0
93.0
96.0
94.0
74.0
83.0
121.0
81.0
87.0
77.0
91.0
100.0
85.0
77.0
103.0
88.0
84.0
100.0
91.0
107.0
94.0
73.0
71.0
83.0
81.0
73.0
96.0
72.0
82.0
97.0
108.0
77.0
70.0
86.0
98.0
81.0
64.0
83.0
92.0
68.0
79.0
95.0
84.0
68.0
74.0
85.0
91.0
92.0
90.0
74.0
50.0
88.0
82.0
81.0
94.0
65.0
72.0
65.0
75.0
71.0
99.0
71.0
95.0
60.0
96.0
91.0
83.0
56.0
87.0
78.0
86.0
85.0
89.0
81.0
97.0
71.0
73.0
66.0
89.0
91.0
73.0
82.0
96.0
81.0
98.0
88.0
74.0
81.0
73.0
76.0
70.0
62.0
83.0
77.0
81.0
85.0
79.0
89.0
81.0
79.0
90.0
73.0
74.0
73.0
85.0
79.0
69.0
90.0
88.0
76.0
75.0
72.0
84.0
93.0
74.0
79.0
88.0
82.0
69.0
91.0
79.0
82.0
95.0
58.0
88.0
73.0
76.0
96.0
87.0
90.0
95.0
83.0
95.0
90.0
69.0
107.0
109.0
74.0
102.0
107.0
98.0
92.0
73.0
77.0
78.0
70.0
80.0
80.0
89.0
66.0
79.0
109.0
73.0
82.0
71.0
67.0
68.0
82.0
63.0
83.0
80.0
90.0
76.0
89.0
78.0
81.0
73.0
87.0
71.0
86.0
84.0
92.0
84.0
57.0
78.0
68.0
89.0
89.0
91.0
94.0
85.0
71.0
89.0
84.0
87.0
78.0
85.0
93.0
81.0
92.0
92.0
71.0
100.0
83.0
80.0
78.0
85.0
84.0
72.0
71.0
104.0
87.0
85.0
82.0
80.0
69.0
89.0
90.0
80.0
77.0
80.0
78.0
80.0
74.0
93.0
86.0
76.0
67.0
77.0
92.0
104.0
93.0
105.0
81.0
102.0
75.0
89.0
81.0
77.0
64.0
74.0
85.0
71.0
96.0
93.0
79.0
93.0
87.0
95.0
78.0
90.0
93.0
79.0
86.0
78.0
95.0
113.0
87.0
91.0
91.0
75.0
69.0
111.0
71.0
64.0
85.0
87.0
83.0
110.0
45.0
72.0
89.0
85.0
58.0
127.0
85.0
84.0
71.0
69.0
82.0
87.0
114.0
87.0
92.0
73.0
79.0
80.0
78.0
70.0
88.0
89.0
86.0
90.0
88.0
90.0
80.0
78.0
68.0
101.0
78.0
97.0
131.0
63.0
73.0
82.0
87.0
83.0
80.0
82.0
66.0
76.0
100.0
92.0
93.0
81.0
71.0
66.0
91.0
95.0
85.0
87.0
91.0
83.0
105.0
30.0
103.0
98.0
87.0
88.0
105.0
104.0
87.0
85.0
98.0
112.0
93.0
94.0
81.0
86.0
117.0
74.0
93.0
103.0
80.0
73.0
94.0
104.0
107.0
105.0
85.0
90.0
109.0
78.0
99.0
54.0
82.0
57.0
90.0
108.0
99.0
93.0
89.0
88.0
76.0
106.0
88.0
89.0
97.0
93.0
101.0
112.0
79.0
102.0
109.0
92.0
97.0
119.0
111.0
85.0
105.0
113.0
78.0
114.0
121.0
106.0
105.0
92.0
92.0
79.0
82.0
79.0
76.0
81.0
101.0
92.0
112.0
86.0
76.0
82.0
104.0
125.0
111.0
92.0
86.0
93.0
74.0
84.0
96.0
96.0
95.0
90.0
80.0
77.0
78.0
80.0
80.0
72.0
78.0
66.0
53.0
84.0
75.0
70.0
96.0
75.0
85.0
89.0
111.0
96.0
63.0
83.0
74.0
79.0
83.0
88.0
84.0
90.0
88.0
74.0
96.0
80.0
91.0
75.0
99.0
93.0
74.0
78.0
84.0
99.0
85.0
89.0
89.0
82.0
69.0
83.0
79.0
99.0
97.0
76.0
103.0
100.0
88.0
63.0
89.0
89.0
90.0
93.0
91.0
84.0
92.0
62.0
81.0
71.0
112.0
84.0
90.0
90.0
77.0
93.0
77.0
95.0
99.0
110.0
84.0
88.0
94.0
92.0
100.0
80.0
87.0
74.0
80.0
107.0
72.0
90.0
80.0
79.0
88.0
87.0
82.0
107.0
83.0
90.0
87.0
106.0
98.0
73.0
83.0
71.0
85.0
88.0
111.0
92.0
85.0
90.0
81.0
76.0
104.0
93.0
97.0
77.0
94.0
101.0
96.0
71.0
78.0
95.0
92.0
98.0
83.0
92.0
89.0
73.0
82.0
77.0
101.0
93.0
84.0
70.0
93.0
90.0
104.0
93.0
94.0
94.0
107.0
105.0
86.0
73.0
117.0
67.0
85.0
87.0
84.0
81.0
73.0
80.0
88.0
85.0
92.0
81.0
97.0
81.0
95.0
74.0
81.0
42.0
72.0
80.0
83.0
77.0
99.0
97.0
25.0
79.0
74.0
81.0
89.0
99.0
88.0
92.0
93.0
96.0
87.0
93.0
89.0
79.0
74.0
90.0
106.0
110.0
84.0
96.0
87.0
87.0
28.0
96.0
79.0
93.0
84.0
93.0
93.0
72.0
71.0
101.0
99.0
81.0
87.0
80.0
86.0
68.0
76.0
80.0
96.0
75.0
83.0
78.0
90.0
80.0
79.0
89.0
76.0
82.0
42.0
72.0
77.0
50.0
75.0
83.0
84.0
76.0
94.0
96.0
105.0
81.0
92.0
75.0
73.0
86.0
93.0
75.0
69.0
84.0
70.0
78.0
64.0
63.0
94.0
76.0
113.0
85.0
81.0
96.0
78.0
89.0
73.0
91.0
72.0
77.0
75.0
85.0
93.0
106.0
84.0
68.0
81.0
95.0
90.0
90.0
95.0
108.0
88.0
77.0
84.0
68.0
100.0
86.0
99.0
92.0
75.0
112.0
123.0
134.0
108.0
130.0
123.0
112.0
108.0
111.0
85.0
112.0
101.0
80.0
68.0
78.0
111.0
81.0
110.0
96.0
95.0
98.0
108.0
89.0
99.0
68.0
86.0
78.0
69.0
72.0
79.0
75.0
94.0
86.0
104.0
85.0
102.0
106.0
108.0
95.0
85.0
92.0
81.0
82.0
87.0
84.0
105.0
96.0
78.0
80.0
84.0
94.0
102.0
98.0
91.0
84.0
77.0
76.0
83.0
95.0
71.0
90.0
89.0
83.0
90.0
87.0
92.0
86.0
97.0
97.0
76.0
111.0
98.0
102.0
79.0
111.0
86.0
104.0
82.0
72.0
100.0
78.0
84.0
97.0
94.0
89.0
104.0
115.0
80.0
87.0
99.0
100.0
77.0
73.0
106.0
94.0
98.0
85.0
75.0
83.0
88.0
88.0
95.0
91.0
96.0
103.0
83.0
102.0
83.0
71.0
83.0
97.0
103.0
100.0
80.0
87.0
87.0
94.0
93.0
66.0
87.0
87.0
77.0
64.0
85.0
86.0
79.0
100.0
59.0
87.0
64.0
100.0
88.0
93.0
86.0
86.0
82.0
102.0
93.0
39.0
69.0
90.0
83.0
73.0
73.0
89.0
75.0
85.0
96.0
75.0
77.0
87.0
69.0
88.0
84.0
73.0
95.0
86.0
73.0
88.0
83.0
84.0
79.0
90.0
86.0
83.0
88.0
89.0
99.0
99.0
98.0
85.0
78.0
85.0
92.0
87.0
92.0
84.0
103.0
107.0
106.0
120.0
110.0
134.0
119.0
131.0
152.0
144.0
126.0
135.0
124.0
119.0
147.0
147.0
156.0
140.0
111.0
99.0
119.0
120.0
110.0
125.0
128.0
94.0
128.0
121.0
132.0
116.0
187.0
179.0
154.0
149.0
187.0
194.0
189.0
208.0
193.0
196.0
208.0
231.0
232.0
165.0
152.0
176.0
172.0
87.0
108.0
79.0
90.0
82.0
87.0
87.0
98.0
83.0
88.0
125.0
144.0
115.0
134.0
151.0
104.0
90.0
112.0
108.0
124.0
116.0
136.0
130.0
84.0
129.0
122.0
139.0
124.0
138.0
131.0
123.0
147.0
126.0
123.0
105.0
104.0
115.0
127.0
96.0
108.0
159.0
141.0
139.0
140.0
141.0
145.0
149.0
140.0
118.0
138.0
168.0
150.0
140.0
163.0
147.0
81.0
90.0
109.0
100.0
110.0
99.0
95.0
98.0
117.0
126.0
121.0
118.0
118.0
108.0
153.0
136.0
118.0
113.0
121.0
123.0
116.0
80.0
126.0
127.0
102.0
115.0
97.0
111.0
125.0
88.0
129.0
121.0
95.0
91.0
109.0
117.0
108.0
64.0
85.0
82.0
118.0
106.0
110.0
110.0
94.0
114.0
125.0
111.0
109.0
86.0
110.0
95.0
92.0
98.0
93.0
117.0
113.0
93.0
109.0
116.0
107.0
116.0
87.0
127.0
128.0
152.0
166.0
153.0
168.0
163.0
191.0
166.0
164.0
166.0
169.0
174.0
213.0
188.0
180.0
196.0
192.0
188.0
198.0
176.0
198.0
173.0
199.0
183.0
189.0
146.0
188.0
204.0
171.0
225.0
165.0
156.0
188.0
133.0
782.0
512.0
584.0
579.0
573.0
560.0
569.0
586.0
547.0
522.0
528.0
533.0
575.0
633.0
557.0
518.0
598.0
535.0
580.0
570.0
566.0
592.0
509.0
407.0
419.0
459.0
391.0
412.0
278.0
304.0
353.0
336.0
355.0
362.0
332.0
319.0
323.0
311.0
298.0
295.0
287.0
291.0
283.0
284.0
330.0
325.0
333.0
332.0
285.0
288.0
323.0
312.0
376.0
273.0
332.0
331.0
351.0
340.0
358.0
355.0
312.0
310.0
52.0
90.0
94.0
93.0
100.0
108.0
74.0
94.0
82.0
78.0
90.0
73.0
90.0
122.0
92.0
112.0
92.0
75.0
95.0
94.0
39.0
101.0
92.0
93.0
48.0
82.0
89.0
98.0
94.0
73.0
86.0
108.0
79.0
95.0
79.0
102.0
99.0
81.0
66.0
72.0
107.0
84.0
76.0
70.0
74.0
76.0
70.0
75.0
34.0
82.0
76.0
79.0
80.0
89.0
83.0
73.0
88.0
91.0
93.0
94.0
76.0
90.0
81.0
94.0
104.0
96.0
112.0
101.0
93.0
104.0
62.0
79.0
93.0
94.0
83.0
83.0
98.0
109.0
108.0
90.0
95.0
79.0
90.0
98.0
72.0
87.0
116.0
94.0
109.0
73.0
97.0
43.0
102.0
98.0
77.0
120.0
97.0
114.0
111.0
114.0
96.0
97.0
112.0
113.0
116.0
96.0
90.0
82.0
85.0
92.0
96.0
86.0
96.0
66.0
93.0
115.0
68.0
106.0
103.0
103.0
101.0
109.0
116.0
109.0
89.0
103.0
91.0
110.0
87.0
110.0
61.0
108.0
86.0
101.0
87.0
106.0
93.0
97.0
107.0
120.0
105.0
75.0
90.0
103.0
113.0
86.0
85.0
86.0
84.0
105.0
93.0
83.0
110.0
93.0
92.0
91.0
94.0
117.0
85.0
102.0
98.0
99.0
92.0
90.0
96.0
107.0
96.0
94.0
103.0
115.0
110.0
117.0
87.0
101.0
91.0
96.0
99.0
94.0
120.0
98.0
106.0
98.0
104.0
99.0
105.0
99.0
100.0
79.0
110.0
121.0
115.0
82.0
110.0
105.0
118.0
102.0
86.0
107.0
107.0
98.0
97.0
101.0
97.0
86.0
76.0
87.0
77.0
84.0
79.0
59.0
82.0
90.0
66.0
73.0
79.0
72.0
78.0
80.0
83.0
88.0
85.0
82.0
77.0
86.0
77.0
95.0
95.0
84.0
75.0
74.0
84.0
66.0
96.0
76.0
71.0
100.0
90.0
99.0
84.0
73.0
86.0
68.0
62.0
85.0
75.0
105.0
87.0
88.0
70.0
84.0
92.0
97.0
80.0
88.0
73.0
79.0
92.0
81.0
102.0
92.0
79.0
89.0
78.0
80.0
80.0
86.0
75.0
81.0
71.0
69.0
75.0
77.0
77.0
98.0
77.0
94.0
93.0
70.0
72.0
83.0
81.0
85.0
255.0
84.0
86.0
98.0
84.0
87.0
65.0
90.0
85.0
106.0
88.0
91.0
82.0
105.0
83.0
84.0
92.0
80.0
92.0
80.0
89.0
71.0
94.0
96.0
79.0
82.0
129.0
107.0
103.0
88.0
120.0
104.0
119.0
101.0
94.0
101.0
100.0
91.0
99.0
81.0
95.0
81.0
113.0
105.0
103.0
109.0
92.0
88.0
90.0
70.0
103.0
86.0
70.0
80.0
108.0
60.0
128.0
111.0
96.0
78.0
80.0
88.0
88.0
88.0
88.0
93.0
73.0
94.0
91.0
46.0
78.0
75.0
75.0
71.0
82.0
77.0
100.0
77.0
74.0
76.0
81.0
103.0
75.0
72.0
67.0
89.0
69.0
94.0
90.0
86.0
89.0
87.0
76.0
78.0
64.0
61.0
73.0
71.0
95.0
79.0
78.0
84.0
67.0
74.0
70.0
87.0
70.0
77.0
86.0
52.0
83.0
89.0
80.0
88.0
86.0
101.0
74.0
95.0
95.0
86.0
100.0
68.0
80.0
91.0
86.0
90.0
66.0
71.0
84.0
95.0
95.0
90.0
67.0
99.0
91.0
96.0
96.0
71.0
72.0
68.0
85.0
92.0
87.0
80.0
75.0
80.0
84.0
107.0
79.0
89.0
81.0
92.0
84.0
82.0
86.0
89.0
88.0
89.0
77.0
87.0
86.0
96.0
94.0
77.0
66.0
72.0
79.0
78.0
78.0
71.0
105.0
91.0
102.0
96.0
77.0
68.0
78.0
64.0
93.0
64.0
72.0
79.0
76.0
79.0
78.0
76.0
82.0
77.0
77.0
82.0
72.0
74.0
88.0
65.0
86.0
73.0
82.0
80.0
84.0
77.0
90.0
71.0
88.0
79.0
84.0
79.0
98.0
98.0
82.0
84.0
95.0
85.0
87.0
97.0
79.0
95.0
90.0
91.0
93.0
98.0
83.0
85.0
109.0
94.0
73.0
82.0
94.0
59.0
79.0
71.0
66.0
91.0
109.0
82.0
86.0
92.0
83.0
94.0
88.0
77.0
76.0
69.0
75.0
65.0
85.0
76.0
81.0
103.0
86.0
69.0
85.0
101.0
89.0
92.0
110.0
96.0
98.0
96.0
85.0
85.0
95.0
59.0
87.0
60.0
96.0
80.0
81.0
84.0
67.0
85.0
76.0
85.0
77.0
102.0
85.0
100.0
89.0
82.0
80.0
84.0
72.0
93.0
77.0
89.0
84.0
72.0
84.0
83.0
81.0
80.0
107.0
71.0
80.0
79.0
61.0
75.0
84.0
72.0
78.0
74.0
89.0
83.0
87.0
78.0
84.0
79.0
90.0
93.0
93.0
95.0
73.0
76.0
99.0
80.0
88.0
86.0
65.0
61.0
62.0
70.0
52.0
47.0
94.0
91.0
92.0
82.0
62.0
77.0
95.0
88.0
78.0
82.0
88.0
74.0
103.0
76.0
86.0
99.0
96.0
86.0
87.0
56.0
75.0
73.0
78.0
72.0
95.0
84.0
97.0
89.0
85.0
61.0
84.0
101.0
71.0
87.0
94.0
86.0
86.0
57.0
105.0
78.0
97.0
87.0
77.0
87.0
68.0
104.0
99.0
74.0
93.0
86.0
75.0
67.0
94.0
90.0
82.0
89.0
74.0
80.0
77.0
67.0
86.0
102.0
86.0
78.0
95.0
81.0
93.0
79.0
84.0
100.0
74.0
89.0
99.0
79.0
85.0
68.0
76.0
79.0
98.0
97.0
79.0
90.0
78.0
86.0
94.0
103.0
96.0
81.0
63.0
62.0
93.0
67.0
87.0
90.0
61.0
63.0
64.0
90.0
92.0
74.0
76.0
88.0
91.0
74.0
80.0
87.0
57.0
90.0
83.0
86.0
73.0
80.0
76.0
104.0
88.0
73.0
84.0
91.0
93.0
88.0
90.0
97.0
98.0
84.0
91.0
61.0
81.0
68.0
78.0
77.0
72.0
76.0
80.0
89.0
87.0
78.0
72.0
123.0
106.0
93.0
99.0
103.0
105.0
109.0
99.0
91.0
97.0
85.0
89.0
98.0
104.0
77.0
100.0
93.0
90.0
89.0
86.0
99.0
107.0
114.0
94.0
98.0
111.0
87.0
84.0
98.0
85.0
102.0
98.0
80.0
93.0
87.0
68.0
64.0
19.0
103.0
78.0
92.0
95.0
84.0
88.0
95.0
88.0
81.0
83.0
85.0
80.0
87.0
83.0
93.0
75.0
96.0
110.0
77.0
107.0
73.0
39.0
77.0
66.0
74.0
59.0
82.0
102.0
85.0
95.0
93.0
89.0
83.0
91.0
82.0
51.0
95.0
108.0
101.0
81.0
91.0
81.0
92.0
101.0
89.0
105.0
104.0
86.0
80.0
84.0
96.0
88.0
99.0
78.0
89.0
97.0
70.0
77.0
83.0
82.0
83.0
74.0
97.0
90.0
85.0
89.0
71.0
91.0
113.0
82.0
95.0
68.0
81.0
92.0
89.0
83.0
88.0
86.0
78.0
66.0
78.0
88.0
94.0
88.0
92.0
83.0
103.0
88.0
81.0
69.0
87.0
102.0
72.0
74.0
91.0
76.0
99.0
80.0
95.0
88.0
86.0
64.0
92.0
78.0
88.0
82.0
89.0
79.0
78.0
64.0
68.0
74.0
82.0
71.0
81.0
100.0
66.0
58.0
22.0
32.0
39.0
39.0
78.0
69.0
84.0
82.0
80.0
107.0
92.0
96.0
93.0
86.0
72.0
88.0
65.0
71.0
112.0
103.0
62.0
61.0
78.0
77.0
93.0
91.0
89.0
96.0
99.0
105.0
90.0
108.0
90.0
97.0
76.0
59.0
93.0
79.0
74.0
84.0
79.0
71.0
96.0
78.0
77.0
86.0
73.0
90.0
94.0
88.0
73.0
80.0
81.0
75.0
87.0
79.0
76.0
85.0
77.0
79.0
84.0
83.0
80.0
80.0
82.0
74.0
79.0
72.0
83.0
97.0
79.0
68.0
75.0
94.0
83.0
68.0
94.0
78.0
65.0
64.0
83.0
83.0
70.0
86.0
57.0
74.0
95.0
28.0
65.0
85.0
88.0
69.0
75.0
65.0
117.0
93.0
86.0
89.0
110.0
83.0
75.0
81.0
109.0
92.0
101.0
74.0
103.0
90.0
98.0
91.0
100.0
82.0
89.0
86.0
86.0
97.0
72.0
81.0
101.0
103.0
86.0
106.0
96.0
86.0
60.0
94.0
117.0
92.0
99.0
73.0
97.0
85.0
76.0
92.0
77.0
90.0
42.0
83.0
77.0
73.0
94.0
97.0
88.0
93.0
74.0
95.0
97.0
90.0
83.0
98.0
93.0
82.0
80.0
80.0
76.0
81.0
89.0
86.0
98.0
81.0
90.0
88.0
88.0
99.0
102.0
86.0
92.0
80.0
84.0
99.0
104.0
88.0
80.0
89.0
71.0
105.0
95.0
86.0
105.0
89.0
87.0
75.0
79.0
76.0
103.0
94.0
91.0
74.0
88.0
96.0
91.0
88.0
79.0
99.0
78.0
87.0
94.0
86.0
79.0
86.0
77.0
99.0
85.0
94.0
97.0
84.0
103.0
88.0
72.0
88.0
99.0
95.0
79.0
89.0
62.0
98.0
86.0
96.0
78.0
82.0
91.0
83.0
86.0
84.0
74.0
73.0
80.0
91.0
64.0
75.0
94.0
90.0
86.0
89.0
77.0
77.0
83.0
97.0
73.0
96.0
101.0
82.0
84.0
79.0
72.0
89.0
61.0
64.0
77.0
74.0
83.0
68.0
100.0
81.0
95.0
77.0
85.0
88.0
109.0
90.0
92.0
85.0
93.0
81.0
82.0
98.0
88.0
94.0
81.0
92.0
77.0
89.0
82.0
85.0
72.0
66.0
77.0
88.0
80.0
88.0
71.0
69.0
85.0
79.0
68.0
78.0
80.0
101.0
79.0
73.0
86.0
85.0
88.0
50.0
50.0
68.0
49.0
84.0
83.0
81.0
75.0
62.0
24.0
74.0
85.0
84.0
90.0
118.0
93.0
69.0
78.0
79.0
78.0
70.0
66.0
97.0
76.0
102.0
94.0
93.0
79.0
92.0
73.0
95.0
101.0
105.0
95.0
112.0
72.0
119.0
82.0
72.0
67.0
78.0
94.0
95.0
93.0
94.0
100.0
79.0
115.0
90.0
96.0
95.0
75.0
91.0
80.0
92.0
90.0
71.0
47.0
99.0
82.0
97.0
36.0
82.0
89.0
84.0
78.0
87.0
37.0
81.0
76.0
73.0
73.0
93.0
82.0
82.0
99.0
89.0
82.0
57.0
75.0
89.0
81.0
73.0
55.0
54.0
76.0
71.0
79.0
92.0
71.0
79.0
65.0
61.0
65.0
77.0
90.0
129.0
77.0
84.0
83.0
84.0
85.0
76.0
74.0
89.0
91.0
68.0
73.0
73.0
70.0
70.0
59.0
76.0
96.0
77.0
66.0
86.0
79.0
82.0
74.0
78.0
92.0
85.0
82.0
87.0
93.0
75.0
62.0
87.0
90.0
80.0
90.0
41.0
97.0
99.0
93.0
92.0
84.0
92.0
98.0
93.0
97.0
77.0
67.0
90.0
87.0
86.0
84.0
77.0
49.0
84.0
82.0
82.0
95.0
111.0
79.0
102.0
73.0
82.0
106.0
80.0
46.0
99.0
77.0
84.0
79.0
89.0
118.0
99.0
99.0
105.0
90.0
100.0
99.0
94.0
90.0
75.0
134.0
176.0
101.0
83.0
66.0
80.0
74.0
93.0
97.0
94.0
89.0
75.0
97.0
98.0
87.0
78.0
90.0
96.0
79.0
89.0
108.0
94.0
77.0
84.0
95.0
83.0
84.0
86.0
48.0
84.0
84.0
88.0
62.0
107.0
101.0
74.0
77.0
91.0
95.0
92.0
99.0
67.0
113.0
87.0
93.0
72.0
104.0
94.0
97.0
87.0
92.0
110.0
78.0
57.0
75.0
88.0
75.0
85.0
70.0
86.0
79.0
77.0
71.0
81.0
89.0
76.0
80.0
102.0
79.0
86.0
69.0
83.0
74.0
94.0
97.0
82.0
76.0
89.0
83.0
88.0
89.0
92.0
100.0
61.0
63.0
82.0
54.0
93.0
67.0
83.0
69.0
101.0
83.0
63.0
68.0
103.0
100.0
111.0
83.0
84.0
66.0
78.0
73.0
95.0
99.0
83.0
79.0
73.0
83.0
86.0
92.0
89.0
81.0
88.0
50.0
100.0
71.0
75.0
92.0
88.0
60.0
74.0
91.0
97.0
85.0
102.0
81.0
96.0
90.0
82.0
57.0
80.0
79.0
71.0
80.0
45.0
64.0
85.0
86.0
81.0
90.0
82.0
73.0
92.0
67.0
59.0
64.0
76.0
71.0
78.0
93.0
95.0
104.0
89.0
98.0
90.0
103.0
89.0
85.0
79.0
80.0
100.0
93.0
76.0
95.0
84.0
81.0
64.0
81.0
72.0
92.0
83.0
92.0
90.0
76.0
82.0
77.0
31.0
93.0
87.0
64.0
91.0
67.0
88.0
76.0
100.0
77.0
110.0
85.0
66.0
66.0
91.0
73.0
95.0
82.0
84.0
99.0
106.0
99.0
84.0
87.0
92.0
76.0
108.0
89.0
82.0
99.0
94.0
99.0
85.0
92.0
87.0
120.0
78.0
93.0
88.0
82.0
98.0
60.0
82.0
91.0
78.0
74.0
92.0
78.0
78.0
89.0
87.0
101.0
83.0
82.0
94.0
82.0
94.0
80.0
87.0
80.0
79.0
83.0
102.0
76.0
76.0
91.0
92.0
90.0
86.0
92.0
69.0
44.0
84.0
97.0
76.0
64.0
90.0
101.0
111.0
82.0
99.0
81.0
96.0
100.0
91.0
98.0
102.0
95.0
79.0
84.0
79.0
99.0
79.0
87.0
70.0
91.0
88.0
79.0
86.0
81.0
97.0
72.0
69.0
71.0
45.0
96.0
96.0
61.0
81.0
103.0
105.0
78.0
83.0
77.0
75.0
81.0
72.0
88.0
102.0
83.0
83.0
109.0
86.0
82.0
90.0
104.0
108.0
98.0
69.0
78.0
97.0
108.0
95.0
101.0
82.0
108.0
85.0
85.0
101.0
90.0
81.0
103.0
97.0
99.0
75.0
75.0
83.0
82.0
84.0
85.0
72.0
69.0
67.0
91.0
74.0
93.0
80.0
75.0
66.0
95.0
99.0
91.0
86.0
91.0
67.0
84.0
92.0
88.0
96.0
81.0
74.0
2.0
2.0
2.0
2.0
2.0
2.0
2.0
2.0
2.0
2.0
2.0
2.0
2.0
2.0
2.0
2.0
2.0
2.0
2.0
2.0
2.0
2.0
2.0
2.0
2.0
2.0
2.0
2.0
2.0
2.0
2.0
2.0
2.0
2.0
2.0
2.0
2.0
2.0
2.0
2.0
2.0
2.0
2.0
2.0
2.0
2.0
2.0
2.0
2.0
2.0
2.0
2.0
2.0
2.0
2.0
2.0
2.0
2.0
2.0
2.0
2.0
2.0
2.0
2.0
2.0
2.0
2.0
2.0
2.0
2.0
2.0
2.0
2.0
2.0
2.0
2.0
2.0
2.0
2.0
2.0
2.0
2.0
2.0
2.0
2.0
2.0
2.0
2.0
2.0
2.0
2.0
2.0
2.0
2.0
2.0
2.0
2.0
2.0
2.0
2.0
2.0
2.0
2.0
2.0
2.0
2.0
2.0
2.0
2.0
2.0
2.0
2.0
2.0
2.0
2.0
2.0
2.0
2.0
2.0
2.0
2.0
2.0
2.0
2.0
2.0
2.0
2.0
2.0
2.0
2.0
2.0
2.0
2.0
2.0
2.0
2.0
2.0
2.0
2.0
2.0
2.0
2.0
2.0
2.0
2.0
2.0
2.0
2.0
2.0
2.0
2.0
2.0
2.0
2.0
2.0
2.0
2.0
2.0
2.0
2.0
2.0
2.0
2.0
2.0
2.0
2.0
2.0
2.0
2.0
2.0
2.0
2.0
2.0
2.0
2.0
2.0
2.0
2.0
2.0
2.0
2.0
2.0
2.0
2.0
2.0
2.0
2.0
2.0
2.0
2.0
2.0
2.0
2.0
2.0
2.0
2.0
2.0
2.0
2.0
2.0
2.0
2.0
2.0
2.0
2.0
2.0
2.0
2.0
2.0
2.0
2.0
2.0
2.0
2.0
2.0
2.0
2.0
2.0
2.0
2.0
2.0
2.0
2.0
2.0
2.0
2.0
2.0
2.0
2.0
2.0
2.0
2.0
2.0
2.0
2.0
2.0
2.0
2.0
2.0
2.0
2.0
2.0
2.0
2.0
2.0
2.0
2.0
2.0
2.0
2.0
2.0
2.0
2.0
2.0
2.0
2.0
2.0
2.0
2.0
2.0
2.0
2.0
2.0
2.0
2.0
2.0
2.0
2.0
2.0
2.0
2.0
2.0
2.0
2.0
2.0
2.0
2.0
2.0
2.0
2.0
2.0
2.0
2.0
2.0
2.0
2.0
2.0
2.0
2.0
2.0
2.0
2.0
2.0
2.0
2.0
2.0
2.0
2.0
2.0
2.0
2.0
2.0
2.0
2.0
2.0
2.0
2.0
2.0
2.0
2.0
2.0
2.0
2.0
2.0
2.0
2.0
2.0
2.0
2.0
2.0
2.0
2.0
2.0
2.0
2.0
2.0
2.0
2.0
2.0
2.0
2.0
2.0
2.0
2.0
2.0
2.0
2.0
2.0
2.0
2.0
2.0
2.0
2.0
2.0
2.0
2.0
2.0
2.0
2.0
2.0
2.0
2.0
2.0
2.0
2.0
2.0
2.0
2.0
2.0
2.0
2.0
2.0
2.0
2.0
2.0
2.0
2.0
2.0
2.0
2.0
2.0
2.0
2.0
2.0
2.0
2.0
2.0
2.0
2.0
2.0
2.0
2.0
2.0
2.0
2.0
2.0
2.0
2.0
2.0
2.0
2.0
2.0
2.0
2.0
2.0
2.0
2.0
2.0
2.0
2.0
2.0
2.0
2.0
2.0
2.0
2.0
2.0
2.0
2.0
2.0
2.0
2.0
2.0
2.0
2.0
2.0
2.0
2.0
2.0
2.0
2.0
2.0
2.0
2.0
2.0
2.0
2.0
2.0
2.0
2.0
2.0
2.0
2.0
2.0
2.0
2.0
2.0
2.0
2.0
2.0
2.0
2.0
2.0
2.0
2.0
2.0
2.0
2.0
2.0
2.0
2.0
2.0
2.0
2.0
2.0
2.0
2.0
2.0
2.0
2.0
2.0
2.0
2.0
2.0
2.0
2.0
2.0
2.0
2.0
2.0
2.0
2.0
2.0
2.0
2.0
2.0
2.0
2.0
2.0
2.0
2.0
2.0
2.0
2.0
2.0
2.0
2.0
2.0
2.0
2.0
2.0
2.0
2.0
2.0
2.0
2.0
2.0
2.0
2.0
2.0
2.0
2.0
2.0
2.0
2.0
2.0
2.0
2.0
2.0
2.0
2.0
2.0
2.0
2.0
2.0
2.0
2.0
2.0
2.0
2.0
2.0
2.0
2.0
2.0
2.0
2.0
2.0
2.0
2.0
2.0
2.0
2.0
2.0
2.0
2.0
2.0
2.0
2.0
2.0
2.0
2.0
2.0
2.0
2.0
2.0
2.0
2.0
2.0
2.0
2.0
2.0
2.0
2.0
2.0
2.0
2.0
2.0
2.0
2.0
2.0
2.0
2.0
2.0
2.0
2.0
2.0
2.0
2.0
2.0
2.0
2.0
2.0
2.0
2.0
2.0
2.0
2.0
2.0
2.0
2.0
2.0
2.0
2.0
2.0
2.0
2.0
2.0
2.0
2.0
2.0
2.0
2.0
2.0
2.0
2.0
2.0
2.0
2.0
2.0
2.0
2.0
2.0
2.0
2.0
2.0
2.0
2.0
2.0
2.0
2.0
2.0
2.0
2.0
2.0
2.0
2.0
2.0
2.0
2.0
2.0
2.0
2.0
2.0
2.0
2.0
2.0
2.0
2.0
2.0
2.0
2.0
2.0
2.0
2.0
2.0
2.0
2.0
2.0
2.0
2.0
2.0
2.0
2.0
2.0
2.0
2.0
2.0
2.0
2.0
2.0
2.0
2.0
2.0
2.0
2.0
2.0
2.0
2.0
2.0
2.0
2.0
2.0
2.0
2.0
2.0
2.0
2.0
2.0
2.0
2.0
2.0
2.0
2.0
2.0
2.0
2.0
2.0
2.0
2.0
2.0
2.0
2.0
2.0
2.0
2.0
2.0
2.0
2.0
2.0
2.0
2.0
2.0
2.0
2.0
2.0
2.0
2.0
2.0
2.0
2.0
2.0
2.0
2.0
2.0
2.0
2.0
2.0
2.0
2.0
2.0
2.0
2.0
2.0
2.0
2.0
2.0
2.0
2.0
2.0
2.0
2.0
2.0
2.0
2.0
2.0
2.0
2.0
2.0
2.0
2.0
2.0
2.0
2.0
2.0
2.0
2.0
2.0
2.0
2.0
2.0
2.0
2.0
2.0
2.0
2.0
2.0
2.0
2.0
2.0
2.0
2.0
2.0
2.0
2.0
2.0
2.0
2.0
2.0
2.0
2.0
2.0
2.0
2.0
2.0
2.0
2.0
2.0
2.0
2.0
2.0
2.0
2.0
2.0
2.0
2.0
2.0
2.0
2.0
2.0
2.0
2.0
2.0
2.0
2.0
2.0
2.0
2.0
2.0
2.0
2.0
2.0
2.0
2.0
2.0
2.0
2.0
2.0
2.0
2.0
2.0
2.0
2.0
2.0
2.0
2.0
2.0
2.0
2.0
2.0
2.0
2.0
2.0
2.0
2.0
2.0
2.0
2.0
2.0
2.0
2.0
2.0
2.0
2.0
2.0
2.0
2.0
2.0
2.0
2.0
2.0
2.0
2.0
2.0
2.0
2.0
2.0
2.0
2.0
2.0
2.0
2.0
2.0
2.0
2.0
2.0
2.0
2.0
2.0
2.0
2.0
2.0
2.0
2.0
2.0
2.0
2.0
2.0
2.0
2.0
2.0
2.0
2.0
2.0
2.0
2.0
2.0
2.0
2.0
2.0
2.0
2.0
2.0
2.0
2.0
2.0
2.0
2.0
2.0
2.0
2.0
2.0
2.0
2.0
2.0
2.0
2.0
2.0
2.0
2.0
2.0
2.0
2.0
2.0
2.0
2.0
2.0
2.0
2.0
2.0
2.0
2.0
2.0
2.0
2.0
2.0
2.0
2.0
2.0
2.0
2.0
2.0
2.0
2.0
2.0
2.0
2.0
2.0
2.0
2.0
2.0
2.0
2.0
2.0
2.0
2.0
2.0
2.0
2.0
2.0
2.0
2.0
2.0
2.0
2.0
2.0
2.0
2.0
2.0
2.0
2.0
2.0
2.0
2.0
2.0
2.0
2.0
2.0
2.0
2.0
2.0
2.0
2.0
2.0
2.0
2.0
2.0
2.0
2.0
2.0
2.0
2.0
2.0
2.0
2.0
2.0
2.0
2.0
2.0
2.0
2.0
2.0
2.0
2.0
2.0
2.0
2.0
2.0
2.0
2.0
2.0
2.0
2.0
2.0
2.0
2.0
2.0
2.0
2.0
2.0
2.0
2.0
2.0
2.0
2.0
2.0
2.0
2.0
2.0
2.0
2.0
2.0
2.0
2.0
2.0
2.0
2.0
2.0
2.0
2.0
2.0
2.0
2.0
2.0
2.0
2.0
2.0
2.0
2.0
2.0
2.0
2.0
2.0
2.0
2.0
2.0
2.0
2.0
2.0
2.0
2.0
2.0
2.0
2.0
2.0
2.0
2.0
2.0
2.0
2.0
2.0
2.0
2.0
2.0
2.0
2.0
2.0
2.0
2.0
2.0
2.0
2.0
2.0
2.0
2.0
2.0
2.0
2.0
2.0
2.0
2.0
2.0
2.0
2.0
2.0
2.0
2.0
2.0
2.0
2.0
2.0
2.0
2.0
2.0
2.0
2.0
2.0
2.0
2.0
2.0
2.0
2.0
2.0
2.0
2.0
2.0
2.0
2.0
2.0
2.0
2.0
2.0
2.0
2.0
2.0
2.0
2.0
2.0
2.0
2.0
2.0
2.0
2.0
2.0
2.0
2.0
2.0
2.0
2.0
2.0
2.0
2.0
2.0
2.0
2.0
2.0
2.0
2.0
2.0
2.0
2.0
2.0
2.0
2.0
2.0
2.0
2.0
2.0
2.0
2.0
2.0
2.0
2.0
2.0
2.0
2.0
2.0
2.0
2.0
2.0
2.0
2.0
2.0
2.0
2.0
2.0
2.0
2.0
2.0
2.0
2.0
2.0
2.0
2.0
2.0
2.0
2.0
2.0
2.0
2.0
2.0
2.0
2.0
2.0
2.0
2.0
2.0
2.0
2.0
2.0
2.0
2.0
2.0
2.0
2.0
2.0
2.0
2.0
2.0
2.0
2.0
2.0
2.0
2.0
2.0
2.0
2.0
2.0
2.0
2.0
2.0
2.0
2.0
2.0
2.0
2.0
2.0
2.0
2.0
2.0
2.0
2.0
2.0
2.0
2.0
2.0
2.0
2.0
2.0
2.0
2.0
2.0
2.0
2.0
2.0
2.0
2.0
2.0
2.0
2.0
2.0
2.0
2.0
2.0
2.0
2.0
2.0
2.0
2.0
2.0
2.0
2.0
2.0
2.0
2.0
2.0
2.0
2.0
2.0
2.0
2.0
2.0
2.0
2.0
2.0
2.0
2.0
2.0
2.0
2.0
2.0
2.0
2.0
2.0
2.0
2.0
2.0
2.0
2.0
2.0
2.0
2.0
2.0
2.0
2.0
2.0
2.0
2.0
2.0
2.0
2.0
2.0
2.0
2.0
2.0
2.0
2.0
2.0
2.0
2.0
2.0
2.0
2.0
2.0
2.0
2.0
2.0
2.0
2.0
2.0
2.0
2.0
2.0
2.0
2.0
2.0
2.0
2.0
2.0
2.0
2.0
2.0
2.0
2.0
2.0
2.0
2.0
2.0
2.0
2.0
2.0
2.0
2.0
2.0
2.0
2.0
2.0
2.0
2.0
2.0
2.0
2.0
2.0
2.0
2.0
2.0
2.0
2.0
2.0
2.0
2.0
2.0
2.0
2.0
2.0
2.0
2.0
2.0
2.0
2.0
2.0
2.0
2.0
2.0
2.0
2.0
2.0
2.0
2.0
2.0
2.0
2.0
2.0
2.0
2.0
2.0
2.0
2.0
2.0
2.0
2.0
2.0
2.0
2.0
2.0
2.0
2.0
2.0
2.0
2.0
2.0
2.0
2.0
2.0
2.0
2.0
2.0
2.0
2.0
2.0
2.0
2.0
2.0
2.0
2.0
2.0
2.0
2.0
2.0
2.0
2.0
2.0
2.0
2.0
2.0
2.0
2.0
2.0
2.0
2.0
2.0
2.0
2.0
2.0
2.0
2.0
2.0
2.0
2.0
2.0
2.0
2.0
2.0
2.0
2.0
2.0
2.0
2.0
2.0
2.0
2.0
2.0
2.0
2.0
2.0
2.0
2.0
2.0
2.0
2.0
2.0
2.0
2.0
2.0
2.0
2.0
2.0
2.0
2.0
2.0
2.0
2.0
2.0
2.0
2.0
2.0
2.0
2.0
2.0
2.0
2.0
2.0
2.0
2.0
2.0
2.0
2.0
2.0
2.0
2.0
2.0
2.0
2.0
2.0
2.0
2.0
2.0
2.0
2.0
2.0
2.0
2.0
2.0
2.0
2.0
2.0
2.0
2.0
2.0
2.0
2.0
2.0
2.0
2.0
2.0
2.0
2.0
2.0
2.0
2.0
2.0
2.0
2.0
2.0
2.0
2.0
2.0
2.0
2.0
2.0
2.0
2.0
2.0
2.0
2.0
2.0
2.0
2.0
2.0
2.0
2.0
2.0
2.0
2.0
2.0
2.0
2.0
2.0
2.0
2.0
2.0
2.0
2.0
2.0
2.0
2.0
2.0
2.0
2.0
2.0
2.0
2.0
2.0
2.0
2.0
2.0
2.0
2.0
2.0
2.0
2.0
2.0
2.0
2.0
2.0
2.0
2.0
2.0
2.0
2.0
2.0
2.0
2.0
2.0
2.0
2.0
2.0
2.0
2.0
2.0
2.0
2.0
2.0
2.0
2.0
2.0
2.0
2.0
2.0
2.0
2.0
2.0
2.0
2.0
2.0
2.0
2.0
2.0
2.0
2.0
2.0
2.0
2.0
2.0
2.0
2.0
2.0
2.0
2.0
2.0
2.0
2.0
2.0
2.0
2.0
2.0
2.0
2.0
2.0
2.0
2.0
2.0
2.0
2.0
2.0
2.0
2.0
2.0
2.0
2.0
2.0
2.0
2.0
2.0
2.0
2.0
2.0
2.0
2.0
2.0
2.0
2.0
2.0
2.0
2.0
2.0
2.0
2.0
2.0
2.0
2.0
2.0
2.0
2.0
2.0
2.0
2.0
2.0
2.0
2.0
2.0
2.0
2.0
2.0
2.0
2.0
2.0
2.0
2.0
2.0
2.0
2.0
2.0
2.0
2.0
2.0
2.0
2.0
2.0
2.0
2.0
2.0
2.0
2.0
2.0
2.0
2.0
2.0
2.0
2.0
2.0
2.0
2.0
2.0
2.0
2.0
2.0
2.0
2.0
2.0
2.0
2.0
2.0
2.0
2.0
2.0
2.0
2.0
2.0
2.0
2.0
2.0
2.0
2.0
2.0
2.0
2.0
2.0
2.0
2.0
2.0
2.0
2.0
2.0
2.0
2.0
2.0
2.0
2.0
2.0
2.0
2.0
2.0
2.0
2.0
2.0
2.0
2.0
2.0
2.0
2.0
2.0
2.0
2.0
2.0
2.0
2.0
2.0
2.0
2.0
2.0
2.0
2.0
2.0
2.0
2.0
2.0
2.0
2.0
2.0
2.0
2.0
2.0
2.0
2.0
2.0
2.0
2.0
2.0
2.0
2.0
2.0
2.0
2.0
2.0
2.0
2.0
2.0
2.0
2.0
2.0
2.0
2.0
2.0
2.0
2.0
2.0
2.0
2.0
2.0
2.0
2.0
2.0
2.0
2.0
2.0
2.0
2.0
2.0
2.0
2.0
2.0
2.0
2.0
2.0
2.0
2.0
2.0
2.0
2.0
2.0
2.0
2.0
2.0
2.0
2.0
2.0
2.0
2.0
2.0
2.0
2.0
2.0
2.0
2.0
2.0
2.0
2.0
2.0
2.0
2.0
2.0
2.0
2.0
2.0
2.0
2.0
2.0
2.0
2.0
2.0
2.0
2.0
2.0
2.0
2.0
2.0
2.0
2.0
2.0
2.0
2.0
2.0
2.0
2.0
2.0
2.0
2.0
2.0
2.0
2.0
2.0
2.0
2.0
2.0
2.0
2.0
2.0
2.0
2.0
2.0
2.0
2.0
2.0
2.0
2.0
2.0
2.0
2.0
2.0
2.0
2.0
2.0
2.0
2.0
2.0
2.0
2.0
2.0
2.0
2.0
2.0
2.0
2.0
2.0
2.0
2.0
2.0
2.0
2.0
2.0
2.0
2.0
2.0
2.0
2.0
2.0
2.0
2.0
2.0
2.0
2.0
2.0
2.0
2.0
2.0
2.0
2.0
2.0
2.0
2.0
2.0
2.0
2.0
2.0
2.0
2.0
2.0
2.0
2.0
2.0
2.0
2.0
2.0
2.0
2.0
2.0
2.0
2.0
2.0
2.0
2.0
2.0
2.0
2.0
2.0
2.0
2.0
2.0
2.0
2.0
2.0
