chromosome_index	position	alt_count	ref_count
1	100213412	9	90
1	100241807	14	100
1	101118340	5	74
1	102563079	9	81
1	102612677	14	80
1	102857988	13	61
1	103089090	5	77
1	103125081	7	60
1	103383252	3	77
1	103389856	3	80
1	103849919	10	76
1	103984492	9	74
1	104372819	9	93
1	105077160	8	71
1	106196507	9	81
1	106542961	6	75
1	108132487	5	98
1	111981192	13	84
1	112265127	6	86
1	113014587	4	58
1	115801393	8	75
1	116143290	6	63
1	116927401	13	73
1	117655825	10	89
1	119836448	14	95
1	121042061	9	70
1	122614295	5	69
1	122673039	2	63
1	123300217	2	16
1	123466398	3	55
1	123764575	3	67
1	124203610	2	5
1	124350394	5	25
1	124466816	2	101
1	124466825	2	102
1	124566420	3	37
1	124636319	2	29
1	12768304	23	81
1	12778196	13	104
1	1286028	18	105
1	13590938	16	75
1	143614402	6	87
1	143726307	11	82
1	144412790	10	81
1	145512811	8	72
1	147019532	7	63
1	147789554	15	91
1	148505403	10	71
1	150376204	8	72
1	152492360	8	90
1	152620727	12	103
1	152693746	7	83
1	152825370	36	79
1	152882421	8	82
1	152929459	6	86
1	154567991	14	80
1	155421080	8	77
1	155847831	10	89
1	155941140	11	96
1	155980717	7	83
1	157703869	9	92
1	15804051	19	57
1	158170094	12	78
1	158183915	10	77
1	158220161	3	45
1	158266562	10	86
1	158381527	8	66
1	158952512	8	91
1	159024491	17	82
1	159124474	11	75
1	159147593	7	78
1	159176472	9	96
1	159221903	10	87
1	160482865	11	84
1	160837458	10	101
1	161554918	12	96
1	161709085	12	99
1	162119384	5	96
1	164188474	4	75
1	164593584	7	93
1	164902131	13	42
1	164913667	11	96
1	165267360	6	85
1	166113314	6	78
1	166427870	5	86
1	166567878	6	99
1	167095295	7	107
1	167345301	11	74
1	16782793	16	258
1	168683007	7	71
1	169957510	4	74
1	169958496	8	81
1	170302905	6	102
1	170683351	15	84
1	170759539	6	71
1	170770753	11	61
1	172584898	7	84
1	173155136	8	60
1	173485495	7	99
1	175530951	8	77
1	175563400	8	92
1	176241270	12	67
1	177313471	10	75
1	177398501	7	82
1	177633853	6	91
1	177825883	10	92
1	178309250	7	71
1	178576266	5	81
1	179190297	8	82
1	179785854	9	79
1	180944780	12	111
1	181327780	6	92
1	181431133	13	99
1	181731647	10	102
1	182642429	8	101
1	183685578	6	79
1	185128832	5	67
1	185259469	6	87
1	185696985	8	84
1	186245185	7	93
1	186260604	10	86
1	186667483	9	74
1	18715610	18	74
1	187468088	9	88
1	18786811	10	78
1	188415306	8	92
1	188443966	5	74
1	18853748	18	79
1	188587514	7	68
1	188671967	16	101
1	188762817	7	65
1	188853853	11	80
1	188943526	10	60
1	189011878	8	77
1	189020963	4	85
1	189055438	8	75
1	189353098	5	75
1	189428845	4	50
1	189566525	7	76
1	18976942	14	87
1	189914305	4	72
1	190056959	9	81
1	190339020	10	68
1	190732760	3	90
1	190754200	8	54
1	190933793	8	74
1	191161252	9	59
1	191419139	11	68
1	191617707	15	82
1	191695449	13	92
1	192428534	8	65
1	192993885	8	99
1	19304360	5	115
1	194102443	9	77
1	194522944	6	63
1	195057140	5	69
1	195247449	10	73
1	195266700	5	79
1	195405234	7	71
1	195473410	6	53
1	195475393	12	101
1	195505665	5	69
1	195512962	5	63
1	196278941	5	96
1	196358236	8	73
1	196404499	14	73
1	196966440	7	73
1	198140232	5	80
1	198998570	6	72
1	199001461	16	80
1	199073639	6	82
1	199223975	16	80
1	199814693	8	87
1	200042861	9	86
1	200980283	9	81
1	202491176	15	70
1	202768906	7	80
1	203036855	14	91
1	20470990	9	87
1	204839744	8	107
1	205490638	9	81
1	205543393	13	62
1	205786021	7	83
1	206418674	5	81
1	206911969	8	85
1	208343090	11	55
1	209132464	10	86
1	209181513	15	70
1	209293210	7	92
1	209657620	9	80
1	209999612	5	84
1	210126076	6	56
1	210828287	9	69
1	210963058	6	78
1	212230608	7	87
1	212532392	12	100
1	212724725	7	83
1	213393195	10	108
1	213443680	8	95
1	214641644	7	104
1	214737488	9	82
1	215326289	8	64
1	215339349	11	77
1	215553502	5	79
1	216015837	12	89
1	216216730	7	75
1	216506028	9	106
1	216773710	4	61
1	216905231	11	84
1	217109592	13	103
1	218088923	12	95
1	218865888	5	73
1	218871438	5	64
1	219281997	6	85
1	221695307	12	76
1	221859639	13	81
1	223036659	3	90
1	223174575	6	84
1	224043184	6	28
1	224960944	12	80
1	225092726	11	76
1	225281583	16	69
1	227094818	8	100
1	227120434	11	85
1	227532100	10	105
1	227561145	11	96
1	227776699	15	96
1	228065005	9	101
1	228198519	9	72
1	228246888	7	88
1	229037061	12	76
1	229235426	10	70
1	230062785	14	80
1	230678444	12	93
1	232301266	6	88
1	232765846	7	75
1	233348929	11	82
1	233589068	7	47
1	234062741	11	80
1	234130897	8	81
1	234710607	4	105
1	235138617	16	74
1	235532496	11	86
1	235539123	6	98
1	236093757	6	63
1	236141938	12	88
1	236727521	15	100
1	237107036	4	95
1	237157065	7	90
1	237309648	15	105
1	237491774	4	90
1	237950222	9	68
1	238178354	6	102
1	238236783	7	80
1	239770483	11	86
1	240126158	8	81
1	240906740	9	75
1	241285891	5	78
1	242095607	6	97
1	242275693	7	85
1	242782444	9	101
1	244076266	9	87
1	245916355	8	94
1	245944216	6	90
1	246801305	15	88
1	247182659	5	60
1	247850737	10	93
1	248550115	13	41
1	27784642	14	66
1	29156226	9	94
1	29437039	10	95
1	29564058	14	76
1	2968009	20	86
1	29972857	22	75
1	31578455	10	71
1	32467223	23	51
1	32467224	19	59
1	34914040	11	82
1	34953568	23	63
1	3582652	16	97
1	36363016	31	74
1	36941425	17	86
1	37107534	17	85
1	37405545	16	70
1	38037052	20	100
1	38398770	8	75
1	38835324	15	87
1	39236583	16	71
1	42089424	14	61
1	4397162	13	79
1	4403991	11	78
1	45301309	12	84
1	4602384	17	80
1	47009980	10	90
1	48976021	9	86
1	49280882	10	65
1	49370453	4	85
1	4938715	9	95
1	49513477	12	89
1	49624006	7	75
1	49798242	5	73
1	51242656	17	82
1	51325598	10	71
1	51381732	10	91
1	52560731	10	90
1	52776998	9	100
1	53067778	14	75
1	54360309	9	61
1	54849639	10	109
1	55395395	5	69
1	56943807	10	86
1	57148003	11	77
1	57560778	11	102
1	5763856	14	97
1	59586318	4	100
1	59927902	4	75
1	61729865	6	87
1	62377448	11	83
1	63104101	8	82
1	63104102	8	82
1	63816661	10	97
1	63845291	6	69
1	64082536	13	77
1	64455200	18	93
1	65255754	6	81
1	65419284	11	93
1	6821568	15	62
1	68332285	9	85
1	68471006	5	101
1	68514706	15	86
1	69266936	8	77
1	69361057	4	67
1	69934579	6	63
1	70217553	8	96
1	71059573	9	66
1	72664657	9	85
1	72781833	9	76
1	72971827	5	70
1	73406179	4	80
1	73522421	5	79
1	73657152	7	84
1	73688705	6	75
1	73874186	5	75
1	74299855	11	62
1	74640743	5	69
1	74674552	10	65
1	75111254	8	71
1	75234353	8	73
1	75430425	11	88
1	76113190	10	78
1	76189798	10	94
1	76326184	4	75
1	78284181	7	58
1	79284399	8	76
1	79437568	8	86
1	80611997	8	76
1	81029972	12	73
1	81276831	8	80
1	81350646	11	79
1	81399992	9	82
1	82957612	14	81
1	83535430	13	85
1	84198974	3	30
1	84403778	7	87
1	85311591	9	74
1	85311592	9	73
1	85494127	9	86
1	85574891	14	95
1	85607837	9	108
1	86029854	10	72
1	86614545	15	93
1	86644685	9	60
1	87768914	9	65
1	88549966	6	72
1	88630594	6	95
1	88875342	7	74
1	88968206	13	91
1	91628905	15	93
1	92232335	4	74
1	94458924	6	49
1	94748613	8	53
1	95502108	9	86
1	95755958	8	73
1	95978504	8	72
1	96054757	12	91
1	96131954	11	68
1	96803612	8	80
1	97322513	10	78
1	97468232	9	80
1	97833955	8	90
1	98173589	9	83
1	98811726	4	80
1	98990986	10	67
1	99052289	9	97
1	99381552	5	87
1	99852636	10	96
1	99994045	4	64
2	102231009	13	97
2	103020312	12	93
2	103807975	3	82
2	103846538	6	78
2	103950767	10	96
2	104026753	9	76
2	104101665	4	40
2	104107842	9	91
2	104108146	8	76
2	104149671	4	85
2	104287093	10	89
2	10438017	13	93
2	104396693	10	75
2	105043982	12	67
2	105593905	7	115
2	106112141	7	92
2	106174612	12	90
2	106671690	12	70
2	106690826	9	86
2	107176558	7	84
2	110939756	12	90
2	112160151	5	85
2	112465635	5	70
2	112762567	9	77
2	113434670	11	111
2	114389139	13	74
2	114813775	8	69
2	114887088	8	82
2	115286398	5	44
2	115395225	8	93
2	115623285	6	75
2	115714864	6	66
2	115789608	11	88
2	116042775	7	69
2	116044235	8	86
2	116402719	10	74
2	116474881	10	92
2	116501796	10	88
2	116802854	11	75
2	117455117	5	124
2	117471695	5	69
2	117691155	7	89
2	117847116	9	78
2	118232775	8	97
2	118371920	12	103
2	119626494	6	91
2	120686388	11	81
2	121816062	12	104
2	122028885	7	99
2	123475318	9	77
2	124013660	8	86
2	124338046	11	79
2	124667758	8	78
2	124865747	8	79
2	124892972	9	106
2	124972191	11	92
2	126131150	5	77
2	126195556	10	92
2	126311534	16	86
2	126343927	5	76
2	126601515	9	87
2	126625769	6	90
2	127395377	10	71
2	128548657	12	88
2	128930273	7	84
2	130281333	4	79
2	131414260	9	82
2	131658063	11	106
2	132124133	13	81
2	132234636	13	70
2	132290990	7	78
2	132954640	8	92
2	133031593	5	74
2	133691492	11	96
2	134032716	11	84
2	134526080	9	80
2	134710551	4	89
2	135417804	7	86
2	136283987	6	66
2	136927557	10	86
2	136997807	8	93
2	137206727	15	92
2	137400342	5	63
2	137460400	8	60
2	137885454	13	81
2	138002022	6	72
2	139458807	8	68
2	139665361	9	105
2	139767245	8	76
2	139956282	7	70
2	140327184	6	65
2	140553148	12	81
2	140736454	12	76
2	140908005	11	83
2	141420340	9	84
2	141963344	6	88
2	142262898	4	80
2	142821606	8	88
2	143157872	9	93
2	143207537	4	94
2	14350162	7	79
2	144062258	11	95
2	144329988	9	88
2	144423513	11	92
2	145046343	10	77
2	145166183	11	73
2	145504053	10	73
2	145504054	11	71
2	145989589	4	73
2	146063128	9	74
2	146103423	11	80
2	146158916	7	74
2	146226135	12	100
2	146257345	6	80
2	146403605	9	86
2	14717506	10	92
2	14761603	17	74
2	14761604	17	74
2	147856267	9	95
2	148772325	8	75
2	148926941	6	85
2	149596483	9	94
2	149673021	8	89
2	149816817	9	86
2	150320419	12	78
2	15039677	10	101
2	150602093	7	78
2	150847439	6	83
2	151114809	7	89
2	151246873	13	84
2	151752330	4	91
2	152893935	9	60
2	153371828	12	95
2	153656863	6	109
2	154215709	8	71
2	154295725	11	79
2	1543830	8	111
2	154401135	4	89
2	15637286	8	80
2	156944389	9	73
2	158128136	5	75
2	160771481	7	68
2	161430364	4	85
2	161500852	9	80
2	161559685	10	67
2	161572311	12	88
2	162416827	5	100
2	162668324	8	69
2	162850371	7	62
2	163030346	7	75
2	163072604	7	83
2	164000871	5	68
2	164268768	5	86
2	164840402	10	94
2	165226261	6	93
2	165680366	6	79
2	16581678	9	88
2	166226051	5	65
2	166430106	12	77
2	167654474	6	82
2	170219779	9	87
2	171112807	8	65
2	171561495	9	84
2	17206722	5	102
2	172649768	8	93
2	172687347	11	63
2	173296546	10	84
2	174097647	7	97
2	174601259	12	95
2	175594601	8	84
2	175726187	8	79
2	175953103	7	71
2	177621999	10	99
2	1776851	12	83
2	17781023	8	77
2	178700361	7	83
2	178830611	16	84
2	179878865	4	91
2	18073944	13	80
2	183559029	13	77
2	184480515	6	67
2	184500166	9	78
2	184559742	10	91
2	185136025	13	80
2	185243928	10	81
2	185487346	8	79
2	185547893	9	78
2	187074828	8	93
2	187184628	6	91
2	187343457	6	56
2	187598193	5	81
2	187746563	9	99
2	187818709	10	71
2	188791552	9	78
2	188895019	9	70
2	188999983	5	77
2	189223238	7	81
2	189395205	7	82
2	189562724	10	63
2	189562982	5	87
2	189563518	13	102
2	189614252	9	93
2	19029671	11	85
2	192372183	8	80
2	193100150	9	77
2	193427596	8	89
2	193821028	6	86
2	193920196	7	84
2	195164746	8	55
2	19595839	6	88
2	196030024	5	88
2	196818196	8	98
2	197786296	5	98
2	198444678	6	86
2	198650756	7	65
2	198732142	5	74
2	198876668	7	89
2	198878066	5	69
2	199120427	13	93
2	201591455	7	90
2	202385452	6	65
2	204588723	8	85
2	205683154	9	79
2	205808878	16	116
2	206243955	5	96
2	206291129	7	74
2	206362397	8	88
2	20651176	12	108
2	207739951	5	99
2	208799428	12	81
2	208819496	12	77
2	209252141	6	72
2	210305693	10	78
2	210572582	7	86
2	210800749	8	83
2	211084976	7	74
2	212701866	5	78
2	213478142	7	95
2	215738041	5	93
2	2217709	5	77
2	22245252	3	70
2	223325877	18	69
2	22448403	9	70
2	225540528	8	66
2	225969359	4	69
2	226047487	6	58
2	227224103	12	86
2	22744066	12	76
2	227691830	9	53
2	228196758	7	73
2	22875208	11	66
2	229718291	11	67
2	230738851	10	74
2	231598360	8	44
2	23176184	9	57
2	23311250	6	77
2	23460415	12	78
2	235254498	9	82
2	238149859	14	93
2	238557278	13	82
2	238583273	8	54
2	238719535	7	78
2	240672092	9	69
2	240816707	7	69
2	240903352	8	92
2	241538514	14	75
2	24379918	10	81
2	24458908	11	88
2	24721084	9	72
2	25220705	8	67
2	27954722	13	85
2	28085403	7	72
2	28872968	6	89
2	29372170	11	97
2	30101835	7	84
2	32890615	9	84
2	32963789	12	85
2	33178161	7	88
2	33765619	8	80
2	33911287	7	59
2	35033494	12	84
2	35230655	9	64
2	36100072	13	94
2	36121557	14	78
2	37922170	10	95
2	38220435	9	95
2	39998244	6	75
2	40309574	6	67
2	40480087	8	97
2	40529956	10	81
2	40573803	5	79
2	40975063	10	73
2	43045326	6	75
2	4378052	3	102
2	43936044	5	97
2	45484971	6	98
2	46621449	11	83
2	4723228	6	74
2	48018522	9	84
2	49235159	6	75
2	49500278	5	83
2	50075002	5	78
2	50903083	9	72
2	51251209	5	89
2	51332816	6	78
2	51394824	9	84
2	51958388	10	81
2	52124541	9	64
2	52222709	7	75
2	52305501	6	106
2	52517042	6	80
2	52600413	9	89
2	52644351	16	77
2	52737542	4	67
2	5322276	10	90
2	56020729	7	93
2	56081754	6	83
2	56553632	9	85
2	56708232	8	75
2	56935900	12	70
2	56937449	9	77
2	57603016	7	69
2	58498168	11	81
2	58844002	9	102
2	58894025	10	101
2	59041822	8	74
2	5931766	9	90
2	60225464	11	89
2	60866223	7	83
2	61461772	6	76
2	61462420	6	61
2	62015561	12	79
2	62552364	8	97
2	63035870	6	77
2	63388731	8	95
2	6364339	6	76
2	63983924	7	69
2	64328153	10	100
2	64503360	7	78
2	648278	8	94
2	65356768	7	89
2	65587708	13	98
2	66882611	9	57
2	67296045	6	68
2	67753274	6	78
2	67787192	7	73
2	6785700	8	90
2	67984587	12	111
2	68091344	8	93
2	68961521	4	74
2	69389365	5	80
2	71151974	9	86
2	71208431	6	70
2	71481419	13	99
2	71586752	11	120
2	726726	10	79
2	73105790	10	103
2	73112932	7	71
2	7433944	10	75
2	74612282	4	80
2	74834032	11	74
2	7493877	12	74
2	75953372	6	80
2	76988249	6	86
2	78153730	8	69
2	78153735	10	66
2	78169219	10	75
2	78218407	5	83
2	78281855	8	74
2	80082406	4	81
2	80373057	9	103
2	8044853	9	94
2	80531418	6	81
2	80728297	15	88
2	80957184	8	92
2	81076010	5	92
2	81320265	6	67
2	81404758	10	75
2	81767351	6	84
2	82543417	15	83
2	83808083	12	68
2	84392651	8	100
2	84543656	6	62
2	85358128	9	70
2	8639447	12	108
2	86565032	7	99
2	87082516	7	75
2	87326661	7	91
2	88220394	9	74
2	88260366	5	88
2	8955890	9	88
2	89594022	10	173
2	89871631	7	61
2	9075801	14	88
2	91747923	7	91
2	91922761	10	76
2	92612335	3	31
2	92819252	8	69
2	93447998	7	44
2	94005462	3	29
2	94148457	7	90
2	94556227	8	86
2	94647249	11	81
2	94923916	10	96
2	95506566	7	97
2	95857452	7	65
2	95932760	9	80
2	96456371	10	86
2	96490974	7	85
2	9651388	11	88
2	96696400	8	76
2	96877831	7	114
2	98123655	10	109
2	98789719	14	73
2	98837921	5	89
2	98942869	10	61
2	99196278	19	100
2	99811819	19	110
3	10016620	12	86
3	101255890	4	69
3	101815413	9	93
3	102657810	14	78
3	103373787	7	84
3	104356042	5	68
3	105082550	13	78
3	105911822	5	78
3	106431784	6	93
3	10758821	12	96
3	108297642	14	100
3	108570343	9	69
3	108636137	8	70
3	108782586	8	79
3	108935832	6	87
3	109154552	9	69
3	109261412	6	76
3	109385724	13	89
3	109606783	9	73
3	110111302	16	78
3	1101274	5	88
3	111156366	6	65
3	114537594	3	67
3	11460297	7	79
3	116447356	7	79
3	11654356	13	82
3	116646719	10	89
3	117209872	13	84
3	118427389	7	88
3	118730747	6	79
3	118770941	11	70
3	118891889	14	90
3	118976423	5	96
3	119401742	21	98
3	119757371	8	92
3	120287620	10	101
3	121548682	7	78
3	121648916	11	95
3	12183502	11	81
3	12185080	7	99
3	12185081	7	95
3	1226015	8	92
3	122656484	7	86
3	123079942	8	84
3	124335046	11	80
3	124685843	10	98
3	125465019	6	90
3	1258675	6	84
3	12665132	7	67
3	126747152	11	82
3	127680146	4	94
3	127956277	7	84
3	128292366	5	66
3	1286164	12	80
3	12987220	13	82
3	130423886	6	90
3	130684481	12	92
3	131287118	4	94
3	132497908	8	90
3	133764271	5	94
3	134207769	9	70
3	134611262	10	110
3	134889921	11	71
3	135267216	10	84
3	135399624	9	64
3	135681339	7	77
3	137639831	5	70
3	137887680	7	89
3	139319281	8	85
3	139345700	7	71
3	140335626	11	83
3	140807236	7	76
3	142072677	7	72
3	144552022	8	89
3	144620707	10	83
3	145018258	12	82
3	145144205	6	87
3	145282760	9	87
3	145315390	8	84
3	145371393	6	91
3	145400580	5	68
3	146497684	10	84
3	146921766	8	94
3	147029103	6	75
3	1470854	8	84
3	147124618	15	88
3	147204684	8	90
3	147325927	5	73
3	147585642	7	86
3	147627283	5	69
3	147641290	14	68
3	147666274	7	66
3	147789286	5	76
3	147937329	8	71
3	147958391	10	105
3	147960523	11	66
3	149872617	5	85
3	153706110	6	60
3	15433853	13	79
3	154344180	8	73
3	154890378	6	89
3	155430995	6	96
3	155891156	13	70
3	156697623	11	80
3	157730986	8	83
3	157797625	7	90
3	157893080	6	91
3	158026910	4	79
3	158203234	6	68
3	158528465	12	98
3	158951001	9	98
3	159491867	10	81
3	159732985	11	97
3	160556731	9	80
3	161109039	13	85
3	161548189	9	93
3	161620726	6	69
3	162145385	11	75
3	162184611	9	89
3	162579837	9	70
3	162635962	12	73
3	163290513	11	62
3	163378165	6	80
3	163572373	15	77
3	163782552	9	77
3	164019852	6	108
3	164080705	12	95
3	164561842	6	71
3	164666135	9	73
3	164917347	6	82
3	164978049	9	71
3	165339166	6	70
3	165339287	7	74
3	166091692	4	86
3	166923311	9	84
3	167136692	8	73
3	167205415	12	88
3	16811658	11	104
3	168377778	7	96
3	16892005	10	77
3	169872300	9	84
3	170103384	12	82
3	170788335	3	96
3	17123973	5	108
3	171621459	9	76
3	172007770	6	79
3	172094465	11	88
3	1724978	5	74
3	172635309	9	71
3	173248143	12	66
3	173285741	6	64
3	173351700	5	79
3	174374143	8	52
3	175570954	7	71
3	175690806	8	67
3	176653963	5	88
3	177240173	6	88
3	177653527	9	95
3	178362843	4	101
3	178898423	8	99
3	179076709	21	78
3	179469539	13	85
3	179482526	18	92
3	17951843	9	89
3	179560838	5	92
3	179723976	10	90
3	180119892	18	83
3	18017130	8	76
3	180451711	15	64
3	181377481	21	70
3	181413018	7	80
3	181968055	20	84
3	182529502	16	73
3	184250397	13	100
3	184318825	10	73
3	18452588	3	74
3	185142488	13	84
3	18585956	10	70
3	185939404	10	86
3	18606388	6	90
3	186822139	17	101
3	187052673	7	102
3	187378733	13	87
3	187614156	14	64
3	187684132	14	102
3	188872650	7	104
3	191453145	5	96
3	191464878	5	80
3	191872685	8	89
3	191999421	11	72
3	192077891	21	95
3	192137022	9	83
3	192173334	3	106
3	193493549	5	82
3	194909967	20	52
3	195243065	5	109
3	19576198	9	111
3	196471414	17	70
3	197987429	10	103
3	19846932	18	91
3	20384867	13	61
3	21282564	7	78
3	21673548	8	75
3	2176093	10	97
3	2206883	6	74
3	22711018	9	100
3	23523291	13	68
3	24477898	12	75
3	26416765	8	72
3	31972566	10	95
3	32327228	11	81
3	32671295	9	83
3	32926452	4	93
3	33313857	8	74
3	33743891	7	69
3	34531519	8	74
3	35501300	14	66
3	3552090	7	81
3	355543	3	86
3	3572229	7	82
3	35738014	5	80
3	35786079	8	87
3	36072762	8	56
3	36170410	6	71
3	36602737	9	75
3	37122163	8	43
3	37669017	11	83
3	38823960	11	89
3	39354233	8	85
3	40021840	7	80
3	40482378	6	95
3	41010114	9	94
3	41143191	6	92
3	4253311	12	83
3	43043546	8	98
3	45726422	8	65
3	46764073	9	71
3	46794964	6	86
3	49999447	8	71
3	52978675	11	73
3	54210990	13	60
3	5429152	13	83
3	54554002	11	88
3	5508726	11	87
3	55474040	12	94
3	56059587	7	78
3	56666584	5	56
3	57056115	8	84
3	5751574	9	72
3	58292998	7	82
3	59234424	9	75
3	61261207	7	63
3	61932872	12	79
3	62199123	11	68
3	6375293	8	79
3	65151011	13	103
3	65712011	10	91
3	65954389	14	87
3	66331996	7	84
3	66607310	8	105
3	6670621	4	67
3	67687022	12	65
3	67976560	3	60
3	68607929	6	75
3	68816383	8	98
3	68957137	11	85
3	69203034	5	53
3	69657050	8	64
3	72317575	13	101
3	72775024	11	84
3	73870407	12	74
3	7394920	6	81
3	74186825	7	84
3	74514300	9	87
3	74933522	5	82
3	75272464	7	86
3	75289238	7	77
3	75323261	9	74
3	75558130	7	39
3	75834410	12	84
3	75877594	14	90
3	75878175	4	74
3	75968073	12	72
3	76223488	11	70
3	76412098	12	87
3	76947910	7	81
3	77156953	4	59
3	77431492	9	71
3	77816497	5	86
3	785546	12	72
3	79556605	6	65
3	79803490	4	78
3	80074049	7	61
3	80168311	8	100
3	81126255	11	81
3	82399864	6	75
3	83719131	7	73
3	83810597	6	81
3	83821931	6	104
3	8390628	8	96
3	83932122	4	83
3	84039860	11	53
3	84160646	6	63
3	84236890	11	84
3	84467181	11	116
3	84769223	11	81
3	85038789	5	65
3	86323881	9	90
3	86424164	7	82
3	86745992	7	52
3	87747914	6	85
3	87770994	5	87
3	88769234	5	88
3	88959494	7	92
3	89183269	6	78
3	89232903	5	84
3	89995184	9	86
3	90367023	7	80
3	90579996	11	71
3	90663860	9	74
3	93723693	9	61
3	94731570	7	103
3	9538536	6	101
3	95693637	6	76
3	95877111	6	78
3	96041504	7	62
3	96061836	9	97
3	96074037	4	78
3	96661468	6	84
3	96757180	10	76
3	97246223	8	77
3	9756553	11	113
3	97683442	7	76
3	98956673	9	89
3	99424628	9	75
3	99424680	10	79
4	100350063	3	59
4	100515829	14	76
4	101982971	6	59
4	103520013	10	60
4	103620935	10	83
4	103627525	12	84
4	103694501	8	74
4	103860492	10	112
4	104592615	8	77
4	106405101	14	100
4	106659769	6	81
4	106681976	15	89
4	106709768	12	76
4	106829689	8	62
4	108222144	8	91
4	109016344	10	87
4	109019133	10	72
4	109020734	4	74
4	110691791	10	82
4	110900591	9	75
4	111013376	15	81
4	111015378	13	84
4	111137909	10	72
4	111137910	10	70
4	111312039	6	62
4	111322702	10	73
4	111363627	12	91
4	112164333	11	95
4	112872864	9	78
4	114232621	5	73
4	11426742	10	92
4	114439435	10	93
4	114487602	11	82
4	1147326	13	84
4	11480122	5	95
4	115480059	8	65
4	115551683	6	69
4	115951002	5	71
4	116288262	8	71
4	116480508	11	94
4	116794908	8	88
4	117195046	5	76
4	117308613	6	73
4	117873104	4	85
4	118664845	10	105
4	119466393	16	96
4	11966030	9	78
4	119803606	6	76
4	119908857	8	90
4	120406716	7	81
4	120483706	4	77
4	121052412	7	91
4	121439799	11	78
4	121471348	6	72
4	121588951	3	103
4	122065179	7	72
4	122392470	9	96
4	123084616	8	63
4	12356742	7	90
4	123976614	5	92
4	125596445	7	83
4	12567465	10	74
4	126107264	7	78
4	126124027	10	63
4	126544966	9	85
4	126666994	10	92
4	127016809	8	74
4	127121263	9	84
4	127173276	10	102
4	12748446	12	103
4	127659137	16	101
4	128866349	5	101
4	129048450	8	88
4	129347321	10	94
4	129875958	11	83
4	129893411	11	70
4	13003073	10	74
4	130315847	11	65
4	130435450	13	67
4	130448287	7	62
4	130492628	8	114
4	130670591	10	77
4	131517220	12	88
4	131586410	9	76
4	131588867	8	82
4	132077908	7	76
4	132360272	12	72
4	132439567	7	64
4	132442358	8	63
4	132885134	14	85
4	133709792	3	34
4	134425662	11	99
4	135146098	5	66
4	135146103	5	64
4	135289100	13	61
4	135588907	8	66
4	135990360	6	71
4	13608612	7	80
4	136313933	15	82
4	136491162	8	72
4	136620524	8	71
4	137464970	13	89
4	138355687	5	92
4	138364562	15	92
4	140749281	13	80
4	14089045	8	83
4	141610903	12	89
4	141612430	5	77
4	141791945	8	75
4	14198889	7	89
4	142991358	12	85
4	143012456	8	80
4	143067971	7	80
4	143621480	9	72
4	143929701	11	87
4	144024688	12	106
4	144222733	13	69
4	144323338	13	76
4	144926241	10	64
4	144927685	18	86
4	144993631	16	63
4	145078261	8	65
4	146072711	7	96
4	14647627	6	105
4	146551510	11	97
4	147156827	14	81
4	14814839	14	112
4	149078521	8	93
4	149600198	7	87
4	149659512	8	82
4	150188555	13	83
4	150327662	5	82
4	151807494	14	82
4	152479440	14	88
4	154428334	15	91
4	154445197	12	99
4	155021028	18	102
4	156124392	10	114
4	157181171	8	68
4	157426909	6	75
4	15823163	10	89
4	158408134	8	89
4	159010692	13	94
4	160420980	7	92
4	160947144	3	70
4	161461335	6	52
4	162130071	4	77
4	162162673	14	78
4	162276252	6	66
4	162586825	7	63
4	163943099	9	82
4	164336733	10	60
4	165604942	12	74
4	165927876	11	68
4	16603407	8	84
4	166390040	9	73
4	166469132	4	43
4	166656280	10	89
4	166774967	6	93
4	167762405	9	101
4	167863389	5	94
4	168537578	14	87
4	170132648	14	101
4	17106413	5	93
4	171221640	14	77
4	171311331	10	84
4	171495931	8	88
4	171509915	8	71
4	171937510	13	88
4	172039734	7	71
4	172055885	8	84
4	172106622	6	66
4	17221131	11	93
4	172296461	16	70
4	172351050	6	79
4	173611190	10	65
4	173626727	8	68
4	173954905	7	81
4	174170616	11	82
4	175168537	11	77
4	175172762	11	94
4	175566965	9	96
4	176136859	5	65
4	176417527	5	72
4	176891259	9	65
4	177066592	8	80
4	177407126	13	73
4	17779384	11	84
4	178142897	11	82
4	178520884	7	79
4	178558153	4	81
4	178768253	7	72
4	178905368	8	85
4	179138029	13	100
4	180256093	10	82
4	1803218	12	97
4	180354604	5	85
4	180527325	7	92
4	180733984	5	77
4	180845035	8	78
4	181072147	6	80
4	181328116	5	83
4	181365178	11	84
4	181586920	13	93
4	181625006	12	91
4	181891946	6	88
4	182404399	7	79
4	18242693	7	92
4	183509991	3	102
4	183598602	8	61
4	183751965	23	103
4	18401094	5	69
4	18427448	10	79
4	184276819	7	105
4	184495970	9	95
4	185037797	7	97
4	185179452	18	85
4	185288330	13	75
4	187633962	7	80
4	187682122	13	106
4	18815238	10	88
4	188249304	6	84
4	188293323	7	93
4	188699352	9	86
4	188738138	14	79
4	189235821	10	79
4	189359844	10	65
4	19235801	9	81
4	19355066	14	76
4	19456040	10	93
4	19687147	15	87
4	19741501	9	102
4	19889737	13	106
4	20161434	14	81
4	20442258	10	89
4	20550096	11	71
4	20706020	11	64
4	21070110	7	85
4	22886398	8	50
4	23405760	4	79
4	23540940	5	78
4	23566286	9	74
4	23937027	14	86
4	24571835	6	85
4	24996561	10	81
4	26698838	4	88
4	28237418	10	78
4	28289739	10	49
4	28315759	7	74
4	28644537	10	80
4	28664497	8	94
4	28836221	9	82
4	30226617	9	76
4	30515449	9	77
4	30587617	9	85
4	31133141	8	84
4	31751520	9	64
4	32393336	5	84
4	32406410	6	46
4	32535324	7	68
4	32814425	8	69
4	33415968	8	77
4	33462552	10	66
4	33679090	7	62
4	34391700	5	66
4	34471622	9	81
4	34960555	9	83
4	3577227	9	86
4	36246074	18	104
4	37356497	11	99
4	3765909	4	34
4	38922182	7	103
4	3897313	5	94
4	41485148	8	74
4	42176762	10	81
4	42239029	6	93
4	43121214	8	82
4	43332489	6	78
4	43393010	14	76
4	43450275	9	86
4	4357332	8	83
4	43611347	11	65
4	44044500	6	75
4	44338606	9	89
4	44396656	6	71
4	44903661	7	59
4	45482541	8	89
4	45769123	8	71
4	46515277	5	67
4	46690721	11	91
4	46789809	8	67
4	47003659	6	95
4	47285918	12	98
4	49171525	8	63
4	49548352	8	79
4	49621525	9	139
4	51896204	7	106
4	52098588	7	101
4	5357009	9	62
4	54705203	12	78
4	5501481	11	90
4	55104579	6	104
4	5671375	9	88
4	57528214	10	84
4	57718446	7	79
4	59270191	7	71
4	59442150	10	77
4	59483893	5	63
4	59540392	10	85
4	59901904	5	78
4	61186279	3	80
4	61538052	14	82
4	61767426	7	101
4	61802849	6	69
4	61896183	5	71
4	61927366	9	59
4	62088506	7	84
4	62482709	10	94
4	62628902	4	82
4	63775928	8	63
4	63775949	6	63
4	63812533	5	71
4	63886072	5	73
4	64489565	7	88
4	64595350	9	80
4	64740792	9	79
4	65295254	8	67
4	65897905	4	94
4	66086239	9	61
4	66248234	9	79
4	66280830	8	71
4	66308594	11	85
4	69923892	6	103
4	70597955	7	70
4	73416440	7	88
4	73627765	6	65
4	74974614	7	77
4	75012805	13	108
4	75320305	9	89
4	76705557	5	111
4	78438407	9	96
4	79565734	8	85
4	79753686	7	63
4	80578873	5	93
4	80628519	13	101
4	81365873	8	79
4	81937863	5	85
4	82116408	10	87
4	82436639	9	86
4	83385076	5	79
4	83937682	8	70
4	84727654	8	96
4	84749851	11	79
4	85075036	8	71
4	85852781	10	83
4	87012127	9	85
4	87712265	14	74
4	88991913	12	65
4	89326627	6	86
4	89443973	13	82
4	90300818	7	79
4	90629497	10	86
4	90660904	11	84
4	91654789	10	71
4	91757871	8	77
4	91759567	6	67
4	92578844	10	68
4	93057860	8	87
4	93078712	5	36
4	93408124	11	84
4	93474651	17	68
4	93535321	6	70
4	94318723	5	104
4	94426406	9	67
4	96381109	9	96
4	96713604	7	72
4	97024773	9	79
4	97168421	12	75
4	97234822	14	86
4	98683836	5	85
4	99149119	6	64
5	100013206	9	86
5	100019832	8	86
5	100368093	5	108
5	100666988	8	83
5	101002832	7	82
5	101078848	7	75
5	102560675	9	90
5	103812720	4	98
5	103889021	8	61
5	104042322	13	78
5	104172162	11	90
5	104436567	13	68
5	105288980	13	87
5	10563350	7	87
5	106027520	9	75
5	106641721	5	61
5	10842944	8	87
5	10855107	12	88
5	110198660	8	67
5	110710409	9	79
5	110743590	6	65
5	111239708	10	104
5	111437227	5	105
5	111582315	6	99
5	111974576	12	81
5	112041550	6	76
5	112515578	13	65
5	114639842	7	104
5	115721354	5	101
5	11703801	5	80
5	117058815	6	93
5	118299556	18	75
5	118479332	8	90
5	118623495	5	86
5	120250648	9	72
5	120438559	9	71
5	120842980	10	86
5	121176425	5	83
5	12259128	6	78
5	123268997	11	94
5	12392132	7	89
5	124068199	8	93
5	124077178	9	77
5	12423000	9	56
5	125012870	6	104
5	125015215	10	73
5	125966046	4	65
5	127196248	6	73
5	130466919	9	81
5	132840645	9	105
5	134886789	12	99
5	134968360	6	75
5	135421958	8	58
5	136512035	6	85
5	136648522	10	92
5	136648538	10	83
5	136735475	5	78
5	137127829	18	80
5	13785239	8	79
5	140322991	13	91
5	140614629	9	67
5	142916568	6	86
5	143274378	12	58
5	145105778	9	68
5	145712114	8	96
5	146238017	9	80
5	146309593	11	86
5	146317492	15	88
5	146321802	10	97
5	14653812	6	90
5	148171228	8	81
5	14827374	9	95
5	148326181	11	84
5	14925531	12	78
5	149811572	6	86
5	150754593	10	105
5	150987473	5	80
5	152418678	8	93
5	152497195	5	74
5	153540453	6	86
5	153677533	10	91
5	153959685	13	102
5	154113059	5	101
5	154979611	9	94
5	156168736	7	77
5	156371307	8	70
5	156372196	8	89
5	156736082	13	89
5	157398524	7	92
5	157515023	11	93
5	157931984	8	83
5	157936971	5	79
5	158337142	12	91
5	158436408	6	99
5	159089576	7	74
5	159224375	16	73
5	160537413	9	93
5	161423082	8	65
5	161744167	7	101
5	16199131	7	66
5	16274688	7	81
5	162780921	7	73
5	163449076	7	87
5	163940472	6	85
5	164108418	13	77
5	164683294	12	67
5	165101002	5	84
5	165293500	10	70
5	165680333	10	80
5	166279387	11	76
5	166323527	7	80
5	166323528	7	78
5	166575691	7	80
5	169424631	13	98
5	169549394	4	92
5	169618982	9	102
5	169749408	3	101
5	170296558	10	95
5	171033665	7	79
5	171487878	10	91
5	171515455	11	101
5	172039344	9	85
5	172722351	9	98
5	174735335	8	88
5	174890877	8	68
5	174890880	7	68
5	17491163	13	78
5	176429670	10	73
5	176587458	12	82
5	178746742	13	85
5	178817103	14	87
5	179033107	10	86
5	17927241	7	74
5	179698375	7	82
5	17994800	7	76
5	180666059	9	101
5	18811070	10	63
5	18970892	9	75
5	19561336	7	84
5	19640799	8	68
5	19854433	12	74
5	20416641	5	70
5	20525568	10	75
5	20568431	8	75
5	20629617	8	82
5	20673630	5	42
5	20734393	9	82
5	20740881	9	79
5	20800735	6	92
5	21145772	11	95
5	21341254	8	104
5	21574715	8	81
5	21850333	9	71
5	21897196	5	66
5	21899584	7	79
5	21939903	13	75
5	21978234	8	77
5	22220396	9	63
5	22789735	4	64
5	23186666	13	103
5	23359112	7	68
5	23513981	12	80
5	24642131	10	77
5	24841414	10	68
5	25006634	8	78
5	25405009	11	86
5	25577449	8	79
5	25761047	6	81
5	25882562	7	76
5	25932798	11	87
5	26093655	6	58
5	26104350	11	77
5	26143225	9	95
5	26618251	7	79
5	26804988	9	76
5	26894080	12	72
5	27060803	9	70
5	28743748	6	65
5	28908043	12	78
5	2900959	11	104
5	30333162	11	82
5	30468201	5	83
5	30627884	5	66
5	30828341	10	69
5	30890814	13	82
5	31327260	5	82
5	31374638	10	85
5	31386490	8	84
5	31885932	7	91
5	32074187	9	106
5	3363266	9	79
5	35064116	11	75
5	35182858	10	75
5	35828462	4	94
5	36063899	5	78
5	3763507	7	77
5	38628800	9	98
5	40672820	11	115
5	40913925	23	96
5	40950481	14	101
5	41447944	10	83
5	432975	13	109
5	43680298	10	75
5	43953765	5	116
5	44019100	16	84
5	44166738	4	86
5	44166746	5	85
5	44354506	4	94
5	44450395	15	46
5	44503368	12	85
5	4455931	9	74
5	44570342	4	87
5	44720522	14	53
5	44940660	9	76
5	45200543	11	105
5	45604390	8	86
5	45694183	11	87
5	45786588	17	92
5	46116783	5	80
5	4753226	6	89
5	4802921	7	67
5	50211888	10	80
5	50312914	9	71
5	51471041	8	81
5	51620381	4	60
5	51892555	9	80
5	51898821	9	77
5	51912009	6	83
5	52340733	12	82
5	52345132	9	93
5	53275392	12	80
5	53919017	5	82
5	54131022	5	73
5	54875869	7	74
5	5557037	9	72
5	55670351	12	71
5	55791113	7	66
5	56336519	8	72
5	56785694	7	88
5	57807528	8	85
5	58846579	11	85
5	60407193	6	98
5	60413232	7	66
5	60491267	11	80
5	6085726	10	88
5	61095225	8	111
5	62128494	13	79
5	63515602	7	72
5	63582416	8	82
5	63732612	6	92
5	63877828	5	105
5	64100655	8	92
5	64235679	4	70
5	64381566	12	93
5	65316812	6	91
5	67757385	6	68
5	6809269	13	77
5	6904185	8	97
5	73947612	10	77
5	75792638	6	78
5	75809026	15	32
5	76247672	7	82
5	77968772	8	79
5	79111729	8	80
5	7999859	11	82
5	80697280	7	80
5	8149972	9	99
5	82489108	5	83
5	82902148	9	63
5	82980660	17	99
5	84415734	6	65
5	84463181	9	84
5	84570303	6	87
5	84571269	6	95
5	84921454	6	92
5	84980045	13	84
5	85027058	12	84
5	85039162	8	62
5	85101137	10	96
5	85167021	13	95
5	85300949	5	66
5	85417554	8	60
5	85550189	12	91
5	85564396	14	80
5	85589484	11	72
5	85900386	9	92
5	8883878	9	77
5	89635307	8	113
5	89713491	13	83
5	89972260	9	72
5	90392361	9	65
5	90702419	7	61
5	92691612	7	87
5	92865570	15	80
5	93030183	7	90
5	93556812	9	67
5	956558	14	76
5	96409731	7	84
5	9656422	8	83
5	97088793	16	88
5	97679110	11	84
5	97928831	7	76
5	97981664	11	83
5	98061783	12	99
5	98064108	9	76
5	98112781	5	94
5	98274148	11	67
5	98381305	9	61
5	98412438	6	82
5	9847709	15	81
5	99243409	7	108
5	99667852	7	72
5	99893297	5	75
5	99997757	12	93
6	10247210	10	93
6	102604202	8	86
6	103327964	7	74
6	103445862	8	86
6	104742921	8	79
6	105768626	10	70
6	110075092	6	82
6	11018388	13	85
6	110528559	13	85
6	110749935	9	105
6	111294859	3	77
6	111705798	8	84
6	111932606	6	82
6	112065101	11	93
6	113320576	8	71
6	114365845	9	63
6	114387087	11	90
6	114591855	12	79
6	114896158	7	73
6	115252497	7	94
6	115529570	10	74
6	11644287	10	93
6	116658701	13	76
6	117636137	7	76
6	118430453	5	104
6	11877176	4	97
6	119196093	13	84
6	120472780	6	81
6	120628117	9	78
6	121027013	13	100
6	122989858	8	69
6	123185929	6	72
6	123220274	8	95
6	123290040	12	100
6	123496793	5	85
6	124043551	12	66
6	124261868	9	85
6	12439483	7	70
6	124741702	12	107
6	125193104	11	79
6	125437897	10	70
6	126643700	9	88
6	126853550	9	85
6	128703209	10	75
6	128787600	6	71
6	129317622	9	83
6	129772895	6	73
6	129852557	13	103
6	130034370	13	94
6	130459586	8	70
6	130481100	8	88
6	131452553	7	84
6	132135689	11	89
6	132822497	5	68
6	133050820	7	75
6	133083061	4	80
6	133142876	9	78
6	133267258	9	68
6	133302231	7	68
6	13359719	11	98
6	134654636	11	73
6	135144640	7	67
6	135561145	12	81
6	135665646	8	93
6	136455617	9	77
6	137934636	9	74
6	138243894	4	89
6	138885809	6	98
6	139681642	8	67
6	139700102	10	86
6	139802230	7	81
6	140818380	9	70
6	141892898	8	83
6	142118335	10	66
6	142331169	12	108
6	142939065	8	87
6	145259758	8	86
6	14557897	7	101
6	145792616	13	80
6	146033054	10	66
6	146446380	8	89
6	146490431	18	76
6	147037114	6	92
6	14742725	11	95
6	147690874	11	100
6	14786757	8	97
6	14786785	11	97
6	148557327	8	91
6	148585906	8	78
6	149419120	6	81
6	151116252	7	70
6	152659283	7	95
6	153381433	14	78
6	153825076	6	76
6	154271411	6	67
6	155924725	8	67
6	156653026	5	100
6	156881054	11	90
6	158253505	5	82
6	158879234	17	94
6	159535790	8	80
6	160214554	10	89
6	160831672	6	95
6	161365091	10	94
6	161853791	12	76
6	161853792	12	74
6	162065399	8	79
6	162471315	11	92
6	162944615	10	68
6	164017245	9	82
6	164126850	5	74
6	164735567	12	79
6	164888273	8	98
6	164965535	12	73
6	167110919	9	95
6	168100152	13	73
6	16944500	4	64
6	170606038	8	85
6	19122944	4	78
6	1923503	8	100
6	199819	10	90
6	19983870	5	96
6	20381072	8	72
6	20444975	10	82
6	20657131	9	84
6	21316369	8	73
6	21936563	11	95
6	22658305	7	79
6	22940519	6	73
6	23531867	9	82
6	23876196	4	107
6	23951690	7	78
6	24343036	7	78
6	24647051	6	95
6	26101166	15	74
6	26207409	8	74
6	26286575	8	88
6	2690019	11	93
6	27888103	8	86
6	34110330	13	59
6	3472574	7	98
6	35026305	9	74
6	35563638	12	82
6	36540005	15	97
6	36916303	10	77
6	3704160	13	101
6	37312742	13	86
6	42195767	12	92
6	43073342	6	96
6	43568498	10	87
6	43716059	9	93
6	44320156	8	87
6	45055375	8	74
6	45383557	5	89
6	48228825	6	75
6	48234126	9	72
6	49084196	7	82
6	49982227	9	92
6	50041508	5	65
6	5022290	9	82
6	50225365	9	89
6	50305137	7	77
6	50638628	7	71
6	50713414	13	91
6	50916110	7	83
6	51355281	6	67
6	51722381	9	97
6	5174423	10	86
6	54201565	11	76
6	55458482	8	75
6	55471276	10	85
6	55639009	10	77
6	56046201	13	83
6	56072439	7	72
6	56663469	10	84
6	56813391	14	81
6	5720893	11	79
6	58008614	10	82
6	58364212	9	84
6	60439231	6	66
6	61640338	7	65
6	61709321	8	71
6	61943204	4	67
6	62188424	7	90
6	62444664	7	77
6	62774313	10	84
6	62776825	8	93
6	62854944	9	68
6	63223227	13	72
6	65024412	12	86
6	65086864	9	81
6	65091181	5	55
6	65176232	9	71
6	65234136	7	84
6	65439451	9	95
6	65472650	9	73
6	66110439	6	64
6	66112487	9	74
6	66392667	4	89
6	66459288	5	66
6	66463684	7	76
6	66470484	3	67
6	66475455	10	58
6	66894394	13	77
6	68478424	9	85
6	68896957	11	84
6	69513331	9	85
6	69582719	11	85
6	69607707	10	83
6	69636964	9	85
6	70909145	12	79
6	70909146	12	81
6	70939340	9	55
6	71469042	7	104
6	71516029	5	72
6	71589261	9	72
6	72052780	8	95
6	72514296	9	89
6	72581596	6	69
6	72675478	10	102
6	72726435	8	98
6	72823931	5	77
6	73369821	12	93
6	74004381	8	81
6	74026704	8	74
6	75656704	6	64
6	76220467	13	95
6	7661943	11	85
6	76757951	9	64
6	77090067	7	88
6	77099691	6	69
6	77112913	6	86
6	77242517	7	87
6	77299993	7	89
6	77400302	8	78
6	77626969	11	80
6	78174711	15	104
6	79010403	8	79
6	79342972	8	74
6	7964689	11	71
6	80506183	15	95
6	80520904	5	79
6	80725132	9	88
6	81128179	6	85
6	81476373	14	91
6	81609416	16	92
6	81845946	16	84
6	82298776	4	48
6	82390883	8	87
6	82579327	8	99
6	82650009	5	89
6	83121981	8	64
6	834558	7	82
6	83998653	6	73
6	84404425	7	70
6	84640635	6	82
6	84761182	8	76
6	84764381	13	93
6	84822909	5	89
6	85025352	9	92
6	85039600	9	74
6	85361950	9	72
6	85722975	8	87
6	86128367	11	66
6	86473748	7	90
6	86491527	8	86
6	86570333	8	78
6	86870866	10	77
6	87000932	7	81
6	87396781	6	81
6	88659467	9	80
6	89043326	6	71
6	892236	11	97
6	89381068	8	100
6	89757275	9	73
6	89875972	13	83
6	90237631	6	95
6	91052874	6	92
6	91877157	5	83
6	92092517	10	75
6	93883085	7	68
6	94631391	7	74
6	94631437	11	58
6	94631612	17	70
6	94631921	7	78
6	94712027	5	67
6	95210640	6	65
6	95468491	7	79
6	95956646	5	64
6	96101342	10	99
6	96527972	10	89
6	97863433	7	77
6	98090295	8	86
6	9861371	7	67
6	98670035	12	74
6	99107996	12	95
6	99239503	5	81
6	99253959	10	94
6	99637632	6	79
6	99702330	10	85
6	99837044	6	97
7	100105093	7	88
7	100246189	9	78
7	100493638	10	122
7	100750378	8	80
7	101412619	7	78
7	101520664	13	87
7	101763140	10	95
7	103707235	9	92
7	104895162	9	84
7	105438604	10	86
7	107560774	7	81
7	10776454	10	96
7	107987647	9	95
7	108124965	8	90
7	108131123	7	92
7	108531857	14	89
7	108671566	5	82
7	109200980	8	91
7	109327845	12	80
7	110702532	6	73
7	111404654	11	80
7	111536106	5	88
7	11262825	6	102
7	113159111	9	81
7	113537136	5	84
7	114458367	8	64
7	114915660	7	105
7	115532989	10	64
7	117762953	6	85
7	118032795	7	82
7	118845041	7	102
7	118853867	7	72
7	11967192	9	79
7	119704310	5	66
7	119736416	12	88
7	119778682	5	79
7	120310147	10	76
7	121397706	9	95
7	121853642	6	66
7	122103910	9	66
7	122247104	12	108
7	122911413	18	72
7	12325063	9	100
7	123439078	12	67
7	124119818	9	103
7	124356532	7	98
7	124537604	19	99
7	125025669	5	73
7	125197729	17	92
7	125600803	9	82
7	125695942	19	80
7	126081380	18	64
7	126129858	19	72
7	126268502	9	84
7	126621678	7	87
7	126638089	6	93
7	126884248	19	84
7	127050310	12	94
7	127085275	17	79
7	127157803	9	86
7	127868225	15	73
7	128445115	13	68
7	128682363	25	90
7	129678709	7	74
7	13005571	10	79
7	130097094	11	96
7	131784296	6	114
7	131824614	21	103
7	132122009	5	100
7	132517351	17	118
7	132664334	20	90
7	132778184	8	112
7	132805429	21	78
7	133822782	10	85
7	134634725	21	92
7	135007222	10	71
7	135455919	31	85
7	136387831	8	96
7	137352863	8	77
7	137388443	8	68
7	137646354	8	77
7	138557346	17	98
7	140271524	7	89
7	14153988	7	64
7	14176382	15	84
7	141937817	10	104
7	143166590	5	85
7	143940975	7	91
7	144065846	8	98
7	144072448	7	74
7	144470621	13	69
7	145603949	9	98
7	145646449	8	91
7	145681631	9	62
7	145796964	10	87
7	145897909	13	62
7	146013004	15	69
7	146840613	5	69
7	147036524	5	76
7	147450242	7	117
7	147468971	23	67
7	147890413	8	89
7	148575140	25	87
7	148712001	12	92
7	148749120	14	82
7	149094883	5	95
7	149550945	19	77
7	149751216	22	95
7	150148837	13	69
7	150271310	13	115
7	150506335	2	51
7	150506344	2	48
7	151174419	22	94
7	152060845	6	91
7	15365313	10	71
7	154090026	13	98
7	154115652	12	88
7	154312653	8	98
7	154407073	12	81
7	154658619	8	79
7	154713619	10	101
7	154855567	12	83
7	155096836	12	104
7	15599518	12	95
7	15645991	9	71
7	156492874	11	95
7	15709263	11	71
7	157656278	11	65
7	157824033	7	118
7	158842398	24	96
7	16120112	10	82
7	16921397	9	94
7	17404818	11	91
7	17495955	11	83
7	19212129	7	96
7	1928726	7	103
7	22368646	12	91
7	22566347	10	93
7	22856129	16	92
7	2302183	4	89
7	23293923	7	94
7	24752965	7	81
7	26874840	14	81
7	28199754	15	91
7	28439441	13	84
7	29630511	13	92
7	30154995	11	97
7	30499832	13	87
7	30729931	14	95
7	31062007	10	91
7	31446127	10	75
7	31944780	5	62
7	32320018	11	89
7	32407649	7	76
7	32665585	7	89
7	32917219	10	86
7	33170316	6	111
7	33535813	5	85
7	33556325	5	73
7	34003899	6	70
7	34251223	3	63
7	34769418	14	86
7	35000872	10	75
7	35352434	8	90
7	35499433	6	105
7	35529218	13	80
7	35688743	6	88
7	3603851	7	83
7	36749962	7	80
7	37581327	7	81
7	3779460	13	81
7	37829944	4	116
7	38823710	9	92
7	394995	7	35
7	39824753	4	79
7	40151197	14	89
7	40235325	11	88
7	40569965	13	91
7	41554376	12	99
7	41560762	8	107
7	41963915	13	75
7	42423425	6	81
7	43192852	15	88
7	43242277	9	77
7	45548330	7	88
7	4636830	6	41
7	46896818	11	71
7	47226306	7	90
7	47315724	4	89
7	48020468	5	73
7	48545795	7	89
7	49099134	15	91
7	49195020	12	72
7	49329043	8	89
7	49632403	12	105
7	50204275	10	99
7	50446682	12	92
7	50627842	7	103
7	511007	13	75
7	5178275	12	88
7	52990437	12	88
7	53477541	7	80
7	53484046	6	101
7	54001515	9	73
7	54069129	10	76
7	54083517	8	51
7	54100440	8	86
7	54675145	5	89
7	56163187	6	99
7	56298051	11	99
7	57350912	7	86
7	57358614	9	78
7	57664451	4	69
7	57738534	7	71
7	57773076	10	78
7	6147393	12	92
7	62186647	6	104
7	62245691	6	79
7	62340715	12	74
7	62355030	6	82
7	62628721	16	73
7	62743505	7	82
7	62776685	7	87
7	63114479	8	63
7	63786162	6	111
7	63813956	8	82
7	63993945	11	76
7	64124846	12	90
7	65162362	11	84
7	65422751	6	73
7	65916968	8	84
7	66088726	10	91
7	67832351	5	70
7	68343574	9	71
7	68657636	5	90
7	68882991	9	80
7	6894579	11	89
7	69402682	10	62
7	69435873	20	72
7	69614791	8	93
7	712282	12	60
7	72847577	11	82
7	76058225	7	87
7	76198004	11	58
7	77521322	7	98
7	78031650	7	62
7	78245620	8	96
7	79276414	11	89
7	7966536	4	74
7	8054456	5	55
7	80828087	8	72
7	80968424	8	82
7	81107623	8	64
7	8308372	5	70
7	83389047	9	60
7	83796297	10	90
7	83817128	8	77
7	84303593	13	68
7	84482407	6	88
7	84649853	8	86
7	85052099	8	55
7	85962680	6	56
7	87689063	10	50
7	88613319	5	73
7	89716728	7	82
7	90227496	15	79
7	91142962	15	80
7	9185643	9	75
7	93786126	9	63
7	94240639	8	69
7	94269731	8	60
7	94903871	9	67
7	95419394	13	90
7	97042883	12	67
7	97346968	11	83
7	97375605	10	59
7	97605258	11	95
7	98610490	13	86
7	99710605	11	95
8	100341178	5	102
8	100470118	4	123
8	101329035	11	129
8	102213593	13	101
8	102396029	11	102
8	102840863	5	116
8	102855926	32	83
8	103065259	10	115
8	103161105	15	116
8	104517861	8	123
8	104517862	8	123
8	105033110	5	82
8	105227378	8	95
8	105394797	10	126
8	105567958	7	129
8	105717222	8	118
8	105806178	6	91
8	108013824	8	106
8	109206914	5	96
8	109713603	34	79
8	109751094	35	83
8	109797207	46	97
8	109821794	9	96
8	109931602	33	97
8	110119057	34	80
8	110311347	31	77
8	110484173	33	79
8	110981680	5	107
8	110996497	20	72
8	111171479	9	126
8	111247966	8	108
8	111394042	8	111
8	111634461	38	95
8	111658907	8	87
8	111693703	9	120
8	111936366	36	69
8	112046010	16	98
8	112071696	38	68
8	112208751	4	90
8	112327796	47	69
8	112393548	35	86
8	112517529	45	69
8	112608617	5	112
8	112640176	8	121
8	112648121	14	110
8	112668982	11	97
8	112734926	21	111
8	112904822	8	109
8	113120540	41	64
8	113361697	33	55
8	113581225	9	79
8	113914583	17	112
8	113947680	8	82
8	114120386	5	86
8	114583232	7	159
8	114589454	34	80
8	114712131	19	99
8	114923012	40	66
8	116044258	7	141
8	116063303	17	137
8	116490370	118	79
8	117039210	7	170
8	117040682	22	193
8	117041005	22	203
8	117044058	19	210
8	117044332	19	196
8	117044475	14	201
8	117044766	15	223
8	117060470	23	195
8	117060506	22	205
8	117060679	24	178
8	117228073	6	181
8	117417493	11	179
8	117964127	10	194
8	118855415	7	174
8	119063423	12	163
8	119623665	15	172
8	119966225	9	109
8	120085948	13	110
8	120104886	11	115
8	120742680	6	107
8	121296856	9	117
8	121319819	7	101
8	121462814	25	73
8	121736745	25	89
8	121772730	10	88
8	122744197	11	92
8	123398093	27	65
8	123771355	6	108
8	123853119	31	77
8	124498138	10	104
8	124689538	11	139
8	125691306	12	110
8	125953370	9	112
8	127150291	19	79
8	128120111	9	112
8	128331322	8	110
8	129231219	7	93
8	129293204	4	106
8	129402211	25	97
8	129434055	16	89
8	129787001	6	98
8	130617797	9	101
8	130617801	9	99
8	130683512	9	86
8	130762812	5	126
8	130827679	39	86
8	130937548	32	73
8	130952435	8	82
8	131165490	23	98
8	131180596	5	110
8	131254933	5	103
8	131429112	7	78
8	131719495	19	82
8	132342503	8	73
8	135077428	4	83
8	135147341	11	64
8	13524017	3	61
8	136964201	5	83
8	13723957	10	74
8	137276432	5	80
8	13802300	3	28
8	138131019	14	95
8	138779209	9	75
8	13881584	12	73
8	138897570	8	71
8	139396239	14	83
8	139715607	10	90
8	141977119	10	80
8	14351012	9	71
8	143978869	10	79
8	15018053	7	80
8	16291874	5	59
8	16795456	9	88
8	18372429	9	93
8	18590211	9	64
8	19673198	13	68
8	19882565	12	79
8	20029659	8	62
8	22174205	9	81
8	23601646	15	67
8	24654247	11	77
8	24874863	8	87
8	26454761	5	63
8	26724929	13	78
8	29890732	11	80
8	30267776	18	70
8	3058821	8	88
8	31073290	4	69
8	31570779	7	93
8	3184104	8	80
8	31934140	8	72
8	32138770	8	92
8	32349953	7	105
8	32362968	9	93
8	32564804	10	95
8	32631169	8	97
8	32737502	8	80
8	32940370	6	91
8	33046171	7	82
8	3385829	7	74
8	34013811	8	93
8	34264458	17	104
8	3428262	6	83
8	34290163	12	80
8	34712223	7	86
8	35053873	7	98
8	35410707	5	92
8	35434731	7	74
8	35688571	6	113
8	36135761	12	71
8	36318936	19	82
8	36372268	16	77
8	36452236	6	93
8	36554856	7	94
8	36555457	6	85
8	36555471	6	89
8	36701077	18	55
8	36709051	9	100
8	3673501	6	74
8	36760837	31	90
8	38800318	30	91
8	40019234	35	85
8	41834672	8	98
8	41941544	6	112
8	4203072	11	74
8	42060475	6	97
8	42673535	13	100
8	42775962	28	96
8	43266436	24	90
8	43557601	6	103
8	4366689	6	73
8	4478781	10	63
8	44805579	6	94
8	4491113	9	83
8	46050936	7	87
8	46079832	16	55
8	46140400	7	81
8	4620125	5	54
8	46203982	9	87
8	46737141	7	70
8	46923386	8	109
8	46928654	11	83
8	47016559	12	76
8	47483794	15	98
8	4787198	8	72
8	48331383	12	125
8	48331390	14	128
8	48331407	17	132
8	48331558	26	143
8	48423527	34	97
8	49229804	20	64
8	49377506	21	90
8	49549236	9	95
8	49678476	25	88
8	50040660	5	89
8	50172552	10	91
8	50240377	5	102
8	50316816	8	91
8	50716542	11	87
8	50716651	8	101
8	50716704	6	99
8	51077141	20	76
8	51114161	10	102
8	51281932	5	92
8	51419526	11	78
8	51616231	7	111
8	5163483	7	75
8	5273185	6	55
8	53875459	6	89
8	54756502	14	87
8	54767336	12	81
8	54865715	10	80
8	54883978	11	99
8	54884133	7	76
8	54884315	4	77
8	54884347	6	85
8	54958815	6	97
8	55010423	10	84
8	55093874	7	85
8	55436242	13	72
8	55436362	13	74
8	55436376	15	79
8	55919758	5	98
8	56466746	12	85
8	56610058	12	77
8	56791696	6	84
8	57142390	15	84
8	59145993	7	96
8	59220104	10	77
8	60239615	22	76
8	60444655	21	83
8	60990729	14	91
8	61078498	17	97
8	61342599	8	91
8	61478595	5	86
8	61910975	23	72
8	62571047	10	105
8	62586902	14	73
8	62786195	6	92
8	62830936	10	92
8	62860567	10	120
8	63492203	6	120
8	63535341	9	107
8	63556523	8	100
8	63556536	7	98
8	63565500	11	92
8	63581365	9	91
8	63795113	8	117
8	64028136	9	128
8	64072248	6	110
8	64233818	38	83
8	64363239	7	92
8	65077133	7	123
8	65125932	28	95
8	65434420	6	87
8	65471844	35	82
8	65477585	30	91
8	65477914	12	72
8	65863953	9	117
8	67029615	8	121
8	67193121	9	100
8	67410925	18	83
8	67565306	54	81
8	68099661	21	95
8	69233099	19	81
8	69311971	6	94
8	69673494	7	100
8	71149244	5	93
8	71571339	16	78
8	71862933	51	85
8	71884834	42	51
8	72052558	53	98
8	72121122	18	74
8	72580946	9	107
8	72696130	6	88
8	73055383	8	126
8	73429853	41	89
8	75103750	5	84
8	75996348	19	71
8	76177915	10	69
8	76608542	20	87
8	77027877	6	108
8	78127046	8	89
8	78326117	27	69
8	78350260	16	103
8	78352015	17	136
8	78352123	10	148
8	78927103	7	119
8	79042280	8	106
8	79717238	9	135
8	79725089	39	113
8	79778014	5	110
8	79930832	8	94
8	80186479	5	124
8	80270947	9	122
8	80482073	10	121
8	81006736	12	71
8	81066283	8	96
8	82405158	6	73
8	83222908	7	80
8	83222909	5	80
8	83291658	6	72
8	84347509	5	55
8	85498012	9	73
8	85660358	15	573
8	86591106	8	63
8	86772880	8	78
8	87052452	13	68
8	87465935	12	79
8	87547893	4	63
8	87662798	6	64
8	88009334	12	67
8	88253845	12	73
8	88258783	7	72
8	90335588	10	74
8	92915805	9	64
8	94361066	6	75
8	96120390	8	122
8	96932961	11	134
8	97717634	19	96
8	97861282	11	98
8	98365205	60	86
8	98882668	6	130
8	99043652	12	152
8	99076797	11	126
8	99076799	11	126
8	99447143	11	146
9	100774450	9	96
9	100860828	9	78
9	101575916	8	85
9	102804345	4	72
9	10286743	8	67
9	103461225	5	80
9	103948966	12	78
9	104273743	6	90
9	104502015	10	93
9	105271802	5	74
9	105705983	8	95
9	10596709	7	55
9	107492489	11	81
9	1077018	14	84
9	108855687	6	83
9	109531875	6	76
9	110014377	7	81
9	110287996	10	83
9	110957918	9	65
9	113709262	8	81
9	1137982	4	78
9	115147555	8	95
9	116310736	7	91
9	118424152	7	70
9	11851818	10	52
9	118546404	6	85
9	118689814	5	86
9	118733943	9	73
9	118980011	5	62
9	119176122	9	90
9	1194394	12	105
9	119459178	6	97
9	119649262	8	77
9	120083842	6	78
9	12137252	9	65
9	122723364	13	64
9	123874384	11	82
9	125483512	8	99
9	125987506	7	96
9	126307314	15	97
9	126757501	7	68
9	126818600	4	78
9	128873497	11	88
9	129671807	9	92
9	130032752	8	73
9	130928806	11	87
9	13216116	15	55
9	132337514	7	81
9	132949005	4	93
9	1330510	11	73
9	13378835	9	79
9	134923320	11	91
9	135037657	7	84
9	135807101	11	78
9	136061577	13	96
9	136116928	9	99
9	136193486	7	84
9	137063923	11	113
9	137078223	8	98
9	137933374	6	106
9	13865822	9	79
9	14608738	7	73
9	15429705	6	84
9	15954291	7	66
9	17608348	6	72
9	18051206	9	80
9	20644706	12	94
9	22603364	9	117
9	22702573	6	67
9	22756581	7	70
9	23191624	6	74
9	23528560	10	83
9	24406483	8	67
9	24421673	16	91
9	24448531	6	102
9	24830606	5	88
9	24957721	5	72
9	25715480	7	82
9	26557335	9	89
9	27018102	14	63
9	27447863	10	101
9	28503604	15	88
9	28816544	10	83
9	29143925	13	64
9	29551247	4	80
9	29665704	7	83
9	29817533	8	83
9	29822527	9	61
9	29903123	6	83
9	30772347	8	74
9	30826732	6	75
9	31135530	5	68
9	31388690	12	79
9	31452694	5	83
9	31656604	4	77
9	31715617	10	74
9	31738460	8	72
9	31879879	8	75
9	3211746	7	89
9	32641935	8	79
9	32653093	6	78
9	32814460	13	86
9	32889202	8	93
9	33081200	9	82
9	33902168	9	81
9	33917886	7	87
9	34903767	14	82
9	35150698	10	99
9	36843378	13	106
9	3691707	14	90
9	37078549	5	77
9	37155238	7	90
9	37603665	12	93
9	40927765	13	271
9	41550468	8	158
9	42352403	4	63
9	42387236	6	164
9	42849064	6	82
9	43042514	9	99
9	5196580	10	75
9	61644867	6	201
9	63779893	7	71
9	64090306	10	65
9	64814660	10	79
9	65466113	7	89
9	65484737	10	83
9	65498825	8	117
9	67542935	7	63
9	6832592	12	78
9	69288569	13	72
9	70006994	5	85
9	73405357	5	41
9	7439915	13	71
9	75244242	9	96
9	75595998	8	87
9	77467701	12	69
9	78438930	11	96
9	80158890	6	95
9	80915397	6	89
9	81136261	8	66
9	81252309	10	74
9	82515151	9	96
9	8268612	7	78
9	84699882	5	83
9	8499609	5	64
9	85422435	9	81
9	85940902	10	81
9	86067568	9	85
9	86217398	9	93
9	86321370	6	70
9	87873675	10	93
9	88087111	7	68
9	88388195	9	77
9	89343786	11	95
9	90748752	7	91
9	94379778	7	74
9	97441505	8	92
9	97712808	9	84
9	98701559	8	107
9	99349487	6	73
10	100613843	11	76
10	100751036	13	89
10	10196986	6	85
10	102043069	10	108
10	102071881	12	95
10	102153982	6	82
10	103381136	9	93
10	10370910	5	70
10	103869294	11	94
10	104414673	11	78
10	104459991	9	102
10	104926182	9	114
10	105009378	10	78
10	105194606	4	67
10	105367642	11	84
10	105862196	9	71
10	105977134	9	92
10	106005943	5	72
10	106029029	10	83
10	106208938	10	73
10	106444856	9	95
10	106578578	9	80
10	106579484	6	106
10	106588740	10	64
10	106724220	5	108
10	106799987	10	91
10	107227601	5	80
10	107285479	5	92
10	107545843	12	69
10	107585090	7	72
10	107750017	7	84
10	10807908	8	82
10	108343637	4	60
10	108495271	10	65
10	108496713	8	97
10	108605512	8	67
10	108977754	7	104
10	109282058	11	82
10	109304006	9	64
10	109411692	7	80
10	109708075	9	96
10	110808252	10	88
10	111557101	10	94
10	11177754	7	91
10	113160589	8	101
10	113182883	8	79
10	113537873	9	71
10	114218432	10	94
10	114548043	10	93
10	116708761	8	93
10	11697216	10	76
10	117578043	18	86
10	118430336	12	88
10	118974939	5	101
10	119392646	10	110
10	119791246	8	87
10	120054774	12	107
10	121268284	4	85
10	12160973	8	102
10	121704089	18	71
10	12230202	9	79
10	12262171	5	75
10	123072556	5	102
10	123440404	13	97
10	123651352	10	109
10	123798818	8	87
10	124217633	7	96
10	124222026	7	87
10	124671418	17	75
10	125597907	5	96
10	125955668	5	100
10	126038026	9	103
10	127015619	9	98
10	127854562	8	92
10	127870867	9	94
10	128057598	13	88
10	12947504	12	109
10	129598751	6	79
10	129793333	8	90
10	130308009	6	89
10	130699873	7	91
10	130951330	10	82
10	131159296	7	89
10	131232156	9	89
10	13125038	7	75
10	13153282	7	82
10	131572079	6	82
10	131584806	11	83
10	131648683	8	61
10	131997957	12	90
10	132051093	12	70
10	13226470	10	90
10	132497091	12	106
10	133445052	6	101
10	1439262	7	76
10	14639737	7	94
10	1471054	11	87
10	15061575	5	80
10	15489091	10	77
10	16257676	9	95
10	16435020	11	101
10	16523590	8	83
10	17947467	10	76
10	1814175	8	77
10	18654885	12	111
10	18876912	11	76
10	19235570	11	80
10	20296232	7	75
10	20343521	8	85
10	20393131	8	85
10	20517010	6	59
10	2253989	11	82
10	2286151	9	90
10	22946454	4	80
10	23465769	6	84
10	23465777	7	86
10	25312293	5	67
10	25388484	13	88
10	25420242	10	76
10	26011444	10	72
10	2608785	10	68
10	26234274	11	102
10	26346498	10	80
10	26396565	7	96
10	26453358	6	100
10	26466983	7	84
10	29660970	14	90
10	30524597	9	75
10	31256867	7	87
10	35023317	7	73
10	35292506	9	90
10	35370440	9	74
10	3600456	5	82
10	36010856	6	80
10	36423537	6	81
10	3669571	8	99
10	37099207	6	77
10	379479	9	94
10	38417828	10	91
10	39067273	10	67
10	39091798	9	66
10	39241900	8	71
10	39468280	8	80
10	39537842	9	81
10	41818059	11	85
10	42620390	7	78
10	43397162	5	80
10	43416434	9	90
10	44299006	11	80
10	44511288	4	86
10	46304267	11	99
10	46402148	8	73
10	48315027	12	77
10	48651261	6	95
10	49338509	7	90
10	49400820	8	86
10	49542082	12	103
10	49780245	8	82
10	50846185	8	62
10	50993654	8	98
10	51076747	6	64
10	51828317	11	75
10	52307847	5	74
10	52626324	7	90
10	53880914	11	71
10	54299565	7	102
10	54575474	7	62
10	54899790	7	64
10	54918162	7	70
10	55040907	5	72
10	55175062	11	74
10	55446008	5	82
10	55548788	4	83
10	55751337	12	62
10	55753115	7	64
10	56102712	12	65
10	56381256	5	94
10	57840552	6	92
10	60693161	13	104
10	60778041	7	95
10	60860046	12	74
10	61078363	7	76
10	61284157	7	92
10	61450305	10	78
10	61829116	11	94
10	63847702	5	105
10	64032084	7	88
10	66125016	7	57
10	66446698	6	91
10	67190395	3	90
10	67397782	11	79
10	67768064	5	98
10	69255861	5	72
10	69841834	9	95
10	70286877	11	87
10	71018026	9	85
10	71069055	15	99
10	72765104	4	62
10	72791127	14	88
10	73706287	7	79
10	73944491	8	95
10	75587376	5	75
10	75746618	11	77
10	75804363	11	78
10	76076109	6	90
10	77645204	12	77
10	78010319	10	103
10	79386428	10	87
10	80310108	8	62
10	80329628	17	106
10	81768043	5	76
10	81796381	7	86
10	81801691	8	99
10	81932792	6	89
10	82209138	9	96
10	83538015	11	87
10	84638379	16	102
10	8482407	11	102
10	85077616	9	67
10	8519088	8	92
10	85818725	7	79
10	8703587	5	74
10	87617113	7	79
10	8776691	5	84
10	88626403	6	79
10	88677238	10	76
10	88769089	4	72
10	88948933	7	88
10	89839284	7	113
10	8996573	4	84
10	90220928	8	85
10	90354239	7	83
10	90457228	6	89
10	90718028	5	87
10	91416964	8	79
10	91711057	11	89
10	91912979	8	66
10	91942978	9	76
10	93098077	8	99
10	93160024	8	93
10	93813235	6	72
10	94648310	12	92
10	94743896	7	96
10	97465565	5	105
10	97894596	3	49
10	98815703	5	75
11	100440760	10	90
11	100537110	6	75
11	100731984	6	95
11	103624941	7	83
11	103655074	9	73
11	103725813	5	78
11	103879329	9	82
11	104253246	12	78
11	104375531	7	75
11	104428179	5	75
11	104701050	7	95
11	104874552	9	77
11	105196714	12	90
11	105540460	6	69
11	105763352	8	91
11	106490704	9	71
11	106656748	8	83
11	106886667	12	72
11	107596859	7	83
11	108488532	12	98
11	108749090	11	61
11	109223261	11	79
11	109334901	11	66
11	109408679	10	64
11	109465639	7	65
11	109835520	12	98
11	110000412	12	85
11	110021359	10	82
11	110121247	10	72
11	112262103	4	78
11	11273105	7	89
11	112847801	9	90
11	112901064	11	75
11	114803759	8	76
11	115258154	8	92
11	115330223	6	79
11	115601040	9	93
11	116076153	9	111
11	116867162	7	93
11	117118459	4	85
11	117192577	11	85
11	119791666	19	98
11	122447948	6	94
11	122739654	9	92
11	122789792	10	84
11	123041335	7	56
11	123291528	9	91
11	123810089	11	97
11	124332994	10	81
11	124359191	13	79
11	124718059	9	82
11	124851354	11	95
11	126087327	14	97
11	126968005	9	78
11	127572293	10	58
11	127867456	5	100
11	128005197	9	86
11	128486913	14	98
11	129135630	11	101
11	129809729	15	83
11	129991296	9	87
11	130990528	9	88
11	131235510	8	100
11	131491620	9	94
11	13160397	15	89
11	131939976	8	98
11	132127343	10	94
11	132241811	8	92
11	132283962	9	86
11	132382798	5	75
11	132387655	8	80
11	132571221	8	75
11	132790217	11	87
11	133002550	7	85
11	133042485	3	106
11	133493086	5	91
11	133784138	11	79
11	135059091	14	83
11	1367073	10	94
11	14274618	7	89
11	14556672	12	68
11	15078768	6	85
11	15464022	9	93
11	16178260	6	85
11	16961238	13	81
11	1836020	13	83
11	19017686	6	86
11	19082216	7	82
11	19361312	10	88
11	19644338	6	101
11	20410394	9	60
11	20495039	10	94
11	20581862	18	108
11	21170805	6	72
11	2120918	13	102
11	21209183	12	82
11	21258447	5	75
11	21510900	11	74
11	21946210	4	84
11	22023890	9	53
11	22029012	7	99
11	22206986	10	81
11	22414696	13	85
11	22489411	8	75
11	22645704	8	84
11	23718677	9	102
11	25647596	7	78
11	25986220	8	89
11	26655874	8	76
11	27213706	12	100
11	27293587	9	47
11	27360748	13	90
11	27484758	7	75
11	28491337	7	69
11	28917927	9	81
11	28966087	10	75
11	29160411	12	90
11	29337797	8	60
11	29413016	6	76
11	29877439	8	74
11	30873366	6	53
11	31031201	12	63
11	31550600	8	92
11	31775635	11	90
11	32074342	6	74
11	331758	12	100
11	33984076	9	107
11	3422824	10	91
11	34467401	6	74
11	34668843	8	89
11	35999856	6	86
11	36022329	9	75
11	3603978	12	67
11	36191605	7	26
11	37246486	6	81
11	37469883	6	84
11	37999126	5	77
11	38239720	14	72
11	3847511	7	98
11	38518826	8	84
11	38880583	6	92
11	39029676	13	83
11	39163812	10	73
11	39206960	9	64
11	39285756	5	120
11	39601911	10	70
11	40465221	10	71
11	40940215	11	67
11	40952269	7	81
11	41047318	6	54
11	41146439	6	88
11	42589721	9	104
11	42623943	7	83
11	43472071	10	75
11	43562038	9	104
11	44363053	9	105
11	44404781	7	101
11	45417508	11	69
11	47859372	4	68
11	48035850	8	78
11	48434454	10	85
11	48606910	6	65
11	48975501	9	77
11	49241585	5	29
11	49353210	7	70
11	49456694	6	88
11	49570190	9	86
11	49612262	9	78
11	49742907	4	74
11	49767481	7	94
11	50476144	12	79
11	52462327	5	47
11	53340222	3	214
11	53954236	3	22
11	54937181	5	100
11	55651675	11	91
11	56499941	5	94
11	57410302	8	93
11	57573527	7	74
11	58108718	7	90
11	58276352	10	73
11	5988873	15	91
11	60106764	14	65
11	60236893	12	84
11	6027319	13	96
11	60790546	13	105
11	6179572	9	81
11	62040407	9	105
11	62528340	15	91
11	6396432	11	80
11	66420836	9	89
11	67611776	16	92
11	68357934	13	84
11	68400709	8	92
11	6927461	6	88
11	69406422	5	70
11	70226629	6	95
11	70409137	8	71
11	70813411	8	69
11	72261738	12	106
11	74576121	13	83
11	74689698	15	103
11	75661121	9	72
11	75808036	9	86
11	76520845	6	82
11	7666163	11	89
11	76788753	9	100
11	76920027	8	93
11	77866870	15	84
11	78162902	14	99
11	79149306	12	76
11	79840801	5	74
11	79959727	12	77
11	80001455	7	92
11	80108510	7	91
11	81710002	5	85
11	81941654	8	75
11	81981881	10	55
11	84061869	9	53
11	86542207	17	76
11	86769679	12	68
11	87898270	7	99
11	88345875	8	66
11	88353022	9	72
11	88356350	4	96
11	88772944	11	88
11	88777415	10	98
11	89047207	8	85
11	89053695	10	73
11	89080380	5	78
11	89605295	9	99
11	90713368	12	68
11	90929259	10	74
11	91005289	6	92
11	91225187	10	81
11	91411476	6	77
11	91777262	7	80
11	91817362	6	89
11	91999034	10	98
11	92002648	10	81
11	92078994	13	72
11	92079001	13	73
11	9231150	13	91
11	92989404	10	78
11	93074238	6	76
11	93283835	9	71
11	94125767	8	84
11	94309917	11	102
11	94382939	9	77
11	94934767	7	77
11	95031640	13	86
11	95631689	8	81
11	95634358	6	35
11	96520061	10	102
11	97227132	10	61
11	97825979	13	90
11	97866168	7	72
11	98209121	7	86
11	98212867	10	69
11	98681446	12	94
11	99747529	9	60
11	99888022	7	96
11	99940294	11	73
12	101030689	5	77
12	10115387	12	89
12	101309545	7	95
12	103048263	7	84
12	104599012	8	111
12	108534899	3	85
12	108983678	7	107
12	109191957	5	91
12	109312118	9	100
12	109836774	12	85
12	110914702	4	84
12	112148603	7	74
12	112536442	11	71
12	112788572	12	94
12	113121736	8	85
12	114229597	7	91
12	118205400	5	78
12	118242884	7	77
12	119003465	7	98
12	119110527	10	78
12	119406128	9	73
12	120260638	15	89
12	120671631	11	92
12	121119333	10	79
12	124300314	15	101
12	124325956	9	96
12	124958141	7	116
12	125193157	8	72
12	125256490	12	96
12	125594927	12	88
12	126726391	5	98
12	126891811	8	94
12	127210417	9	72
12	127452817	12	86
12	127607004	5	75
12	127873360	4	67
12	127982008	9	103
12	128140381	6	92
12	128374094	8	84
12	128536979	11	93
12	128602566	8	93
12	128622884	8	65
12	128701904	7	80
12	128766692	10	109
12	129377734	7	65
12	129390460	6	77
12	129723367	12	98
12	130312282	12	80
12	131227952	15	87
12	131231956	6	61
12	131446435	9	112
12	131838914	11	89
12	132942099	12	92
12	132959329	6	89
12	13314904	12	107
12	13510959	6	66
12	13665395	9	76
12	14602386	7	86
12	1532939	7	91
12	15811626	14	90
12	16515668	4	83
12	1661095	11	76
12	16833993	8	91
12	17084252	10	117
12	17468444	11	70
12	17626509	9	80
12	17870798	4	68
12	17944195	6	77
12	17962383	8	77
12	18241187	7	61
12	18491367	13	89
12	19292541	12	84
12	19729370	11	100
12	19823507	11	91
12	20758806	4	67
12	21673993	8	93
12	22128627	4	87
12	22234120	10	89
12	22586250	7	89
12	23620930	5	72
12	23631392	5	84
12	24177446	7	68
12	24581098	9	75
12	24633025	5	58
12	26199303	5	78
12	264840	10	94
12	27526501	10	91
12	28739859	10	68
12	29104378	12	99
12	29256673	10	100
12	29260769	5	103
12	29976145	7	111
12	32000937	4	78
12	32556427	10	85
12	32565766	4	87
12	33048691	5	76
12	33093115	6	85
12	33761851	4	75
12	34000396	12	113
12	34062550	5	80
12	34183714	5	79
12	34354009	4	93
12	34389440	9	96
12	34490736	8	92
12	3657722	4	90
12	37320751	4	70
12	37381508	6	70
12	37385022	4	67
12	37607157	5	77
12	37765816	14	91
12	38075541	15	94
12	3878641	19	95
12	38871100	9	80
12	3898657	12	75
12	39275287	10	62
12	40430885	12	62
12	40779779	11	86
12	4080485	6	83
12	40873454	6	84
12	40927253	8	86
12	41240725	6	79
12	41381155	7	75
12	41593418	6	67
12	43898513	7	68
12	4411269	7	89
12	44409594	7	68
12	44412540	12	90
12	44731529	10	78
12	46387475	13	110
12	46496392	7	56
12	46594485	6	57
12	46596204	10	99
12	46785275	12	99
12	47079576	9	75
12	49447890	13	73
12	5005467	11	93
12	50497888	12	81
12	51748304	12	82
12	52709790	11	112
12	52985189	17	84
12	53992450	18	93
12	54072007	11	87
12	54579089	12	96
12	54839942	9	88
12	56726006	10	64
12	5760576	7	103
12	57607099	10	97
12	57626188	16	107
12	5791248	8	90
12	60211589	4	74
12	60649199	10	99
12	60801985	8	91
12	61042612	2	46
12	61460923	11	84
12	62686878	9	83
12	62728080	10	92
12	62896452	8	89
12	63332759	7	80
12	64726064	5	86
12	65339287	7	62
12	65630627	11	90
12	66978027	7	53
12	69084164	13	88
12	70161515	6	91
12	70199544	5	89
12	70562497	4	69
12	71597257	13	69
12	72465516	13	84
12	72530055	11	78
12	72684353	6	96
12	72855902	6	86
12	74245257	12	80
12	74380573	10	72
12	74508946	7	95
12	74659998	11	77
12	74842107	12	77
12	754543	8	99
12	77613799	15	77
12	77739658	5	71
12	78466751	13	65
12	78796703	9	70
12	79115006	6	70
12	80201934	6	105
12	80257126	10	108
12	80433811	11	84
12	81014041	5	86
12	8141968	16	88
12	81702256	9	73
12	82003826	8	93
12	82133787	9	64
12	82446044	8	74
12	82459612	7	83
12	82947016	6	69
12	83207273	13	85
12	83383738	12	90
12	83607176	15	103
12	84006191	7	56
12	84214602	5	74
12	84217230	7	86
12	84280764	8	91
12	84580469	7	62
12	84961024	9	60
12	85318159	10	71
12	85486688	7	93
12	86579997	9	83
12	86642932	7	64
12	87153790	9	76
12	8718176	6	87
12	87214386	15	73
12	87800485	9	84
12	88694117	12	70
12	88784850	13	79
12	90457308	10	83
12	90561685	8	92
12	91664112	8	76
12	92089064	7	85
12	92328415	12	100
12	94161836	8	72
12	94209548	11	100
12	95083664	8	80
12	95385937	8	82
12	96125742	7	63
12	96912839	9	84
12	97072534	14	71
12	97116686	8	87
12	97996696	9	96
12	98139178	7	81
12	99187206	9	61
12	99317168	6	91
12	99491484	11	78
13	102086882	6	74
13	102192581	7	70
13	102689500	7	80
13	103210657	7	82
13	103528242	5	84
13	103536082	7	95
13	103943461	4	52
13	104670218	8	72
13	105402665	11	67
13	109622639	11	68
13	111405163	10	89
13	114016509	13	75
13	16478034	2	52
13	16478042	2	51
13	18444615	12	122
13	19223357	8	67
13	21772617	6	96
13	22558092	11	62
13	23063911	8	77
13	23575208	7	105
13	24047005	8	80
13	24949044	4	73
13	24993599	7	66
13	26720748	5	69
13	26810553	7	83
13	27775821	8	90
13	28001523	6	69
13	28408000	14	69
13	28994992	7	59
13	29170666	9	90
13	29531817	6	75
13	34457214	9	78
13	34746497	4	70
13	35958934	9	71
13	36318205	8	76
13	38376677	8	62
13	40250413	6	67
13	41228396	10	68
13	42385760	9	74
13	44159676	11	60
13	44956500	11	81
13	45027979	7	68
13	45548085	18	89
13	46423869	16	68
13	49042779	7	73
13	50350078	6	58
13	53362813	8	65
13	55361237	7	74
13	55378174	7	58
13	56188320	7	79
13	56275951	5	90
13	56782445	18	61
13	57022484	8	67
13	57249898	8	78
13	59278000	6	82
13	59798674	12	72
13	60443928	6	63
13	63247148	6	72
13	64554956	7	68
13	64812037	9	62
13	65051591	6	56
13	65563245	8	72
13	67758948	4	61
13	68054860	8	72
13	69581605	4	75
13	75387893	18	84
13	75977235	7	73
13	76238316	9	91
13	76384091	9	74
13	76554684	8	76
13	76694767	10	71
13	76876675	8	67
13	78289846	9	75
13	78600464	11	68
13	79223877	7	90
13	80622586	10	76
13	81899255	9	77
13	82750263	6	85
13	83058667	7	64
13	83137312	4	67
13	85344859	6	47
13	86034972	14	54
13	86286625	4	78
13	86386367	8	62
13	86570740	6	56
13	86721196	7	84
13	86773908	12	70
13	87175524	8	67
13	88253261	14	75
13	88416059	11	75
13	88915528	11	58
13	91260901	8	77
13	91377308	10	70
13	91381143	11	71
13	91561097	13	67
13	92430127	11	71
13	94664945	8	79
13	94825659	8	89
13	94860971	8	69
13	95487851	8	67
13	96417247	7	76
13	99173971	15	93
14	101065526	13	101
14	101363900	9	91
14	103674100	14	93
14	104081048	12	97
14	104629222	13	88
14	105338127	11	102
14	105443861	15	100
14	18324919	11	131
14	20342213	10	67
14	21088721	8	90
14	22805095	15	90
14	22905828	17	92
14	22960018	7	65
14	23416130	12	99
14	23638051	9	91
14	23726080	10	91
14	24197462	7	71
14	26646284	9	72
14	27029254	6	66
14	27665234	8	83
14	27720846	6	81
14	27953706	13	61
14	28237017	7	43
14	32818840	5	71
14	33022533	12	66
14	33047801	7	80
14	37330623	15	92
14	37592034	10	100
14	38571317	4	72
14	38572857	10	83
14	40279230	5	73
14	40283051	7	78
14	41140784	7	44
14	41484165	13	90
14	41624768	6	85
14	41880803	9	78
14	41996232	6	67
14	42249530	12	36
14	42563036	12	87
14	42841146	9	92
14	42969058	6	79
14	43098468	4	78
14	43344385	5	71
14	43850335	7	64
14	43871166	12	76
14	44953572	6	84
14	45705772	7	80
14	45782368	7	71
14	45902648	5	93
14	45944948	7	71
14	46095040	9	74
14	46395838	8	78
14	46710097	11	80
14	46829621	5	104
14	46864336	9	75
14	47017077	4	79
14	47175321	7	88
14	47371481	4	73
14	47510658	6	71
14	47702968	6	91
14	47771655	7	51
14	48327346	8	71
14	48917730	7	96
14	49043074	10	100
14	49069135	5	75
14	49298888	6	82
14	49479043	16	92
14	49978142	5	78
14	50010447	12	87
14	52816768	8	71
14	53199266	7	95
14	53280784	8	87
14	53620850	6	80
14	53736596	6	81
14	54013560	14	78
14	54057080	8	84
14	54131239	10	80
14	54136561	9	73
14	54170352	15	106
14	54366504	8	94
14	56918590	4	97
14	57544650	5	110
14	58150829	14	93
14	60883501	6	62
14	61733987	9	94
14	62667936	9	72
14	65527356	10	92
14	66195898	13	103
14	66475031	9	103
14	66821456	8	81
14	67122776	9	84
14	68951476	12	102
14	70162770	6	84
14	70347345	15	82
14	71579973	10	105
14	72138033	6	81
14	72194982	14	81
14	72671200	11	96
14	72853761	11	82
14	73421164	5	67
14	74064312	5	75
14	75112602	11	82
14	75192982	12	90
14	75353522	6	91
14	75376703	7	75
14	77279710	7	100
14	78289702	8	96
14	78966369	6	73
14	79182465	12	84
14	79243293	11	83
14	80687405	6	99
14	81849242	7	93
14	82689554	8	74
14	82927060	13	79
14	83620190	8	98
14	83664803	7	84
14	83811218	10	84
14	83836415	9	64
14	84089291	12	97
14	84164059	9	67
14	84923766	5	74
14	85606049	7	85
14	85956326	10	83
14	86273958	7	73
14	86835286	7	74
14	86999610	8	92
14	87104401	4	82
14	87758470	8	81
14	87820205	7	63
14	88070508	10	83
14	88665803	6	76
14	88824411	12	97
14	89519494	11	107
14	90032110	8	79
14	91973911	9	100
14	92514843	9	95
14	94826503	5	76
14	96035909	9	98
14	96713483	11	95
14	97280148	6	88
14	97310166	5	77
14	97397459	14	106
14	97581995	5	80
14	98718719	13	89
14	99175291	6	53
15	100082873	7	86
15	17011283	3	76
15	19345249	2	27
15	19363633	6	103
15	19886872	7	64
15	20665586	8	262
15	22854266	6	88
15	23506972	4	71
15	23723499	7	89
15	24523121	12	101
15	24953601	13	87
15	25209046	17	89
15	25491046	9	89
15	26381162	7	97
15	26525256	12	75
15	27002264	8	91
15	27333133	9	87
15	33218303	8	85
15	33642638	10	83
15	33781208	10	82
15	35625586	7	80
15	35657723	6	84
15	36471524	9	71
15	36845979	8	86
15	37326864	5	76
15	40002102	5	69
15	41039962	13	92
15	44245411	12	85
15	44267173	10	81
15	44273944	10	74
15	44374116	8	79
15	44391176	9	92
15	45533296	8	95
15	45802986	6	85
15	46149325	6	66
15	46313204	12	89
15	46858229	8	75
15	47740820	5	93
15	48450335	5	80
15	48650096	11	86
15	48948631	8	81
15	49052878	10	94
15	49785991	10	76
15	50202519	10	82
15	52163719	13	95
15	52722881	8	90
15	52855442	7	95
15	53010066	8	82
15	53035017	6	87
15	53106889	6	87
15	53196270	6	75
15	53762511	8	99
15	54182860	19	68
15	56495944	7	82
15	56767337	9	93
15	57025751	8	70
15	58333143	10	85
15	59529516	9	96
15	59540917	6	95
15	59580587	7	87
15	62037006	3	49
15	64036989	13	87
15	65355322	11	111
15	65673089	16	74
15	67076564	9	118
15	67630481	8	82
15	67740061	8	87
15	69805632	11	104
15	69854959	13	92
15	71044167	12	75
15	72836357	6	115
15	74612439	14	104
15	75237037	8	106
15	76304516	8	71
15	77030474	12	95
15	77416104	16	85
15	78265873	12	95
15	78572673	9	89
15	78593391	11	87
15	79624687	12	95
15	80794703	9	88
15	81366987	8	69
15	81567295	8	76
15	81820768	7	65
15	82709937	13	99
15	85582969	11	91
15	86688526	5	76
15	87054559	8	90
15	87351525	6	94
15	88259057	7	95
15	88304098	12	90
15	88308803	12	82
15	88766969	19	81
15	89096798	10	98
15	89236148	14	80
15	89945715	10	85
15	90174205	8	75
15	90981023	12	86
15	91157757	9	90
15	91174620	13	91
15	91913358	11	64
15	92333548	15	80
15	94205842	11	83
15	94814060	4	42
15	94936590	8	85
15	95338950	9	90
15	96325821	5	98
15	96899098	7	95
15	96915588	6	75
15	97137097	11	63
15	97321656	12	83
15	97970583	7	79
15	98200529	7	79
15	98401930	14	89
15	99161255	8	81
15	99936776	9	97
16	1105685	13	99
16	12897461	7	81
16	12992091	8	80
16	13020966	15	92
16	13218371	8	110
16	13302946	11	84
16	13642261	6	85
16	1389641	10	101
16	1542743	14	93
16	1640577	15	100
16	1841481	9	87
16	188993	9	88
16	21069119	10	83
16	21827012	10	87
16	22584288	11	176
16	22882945	7	76
16	24264258	9	79
16	25123048	10	70
16	25543795	8	69
16	26151411	12	103
16	26207292	4	90
16	26692581	11	72
16	27243301	15	113
16	27514220	10	95
16	29210952	7	95
16	30138452	6	68
16	31341130	12	82
16	31355123	9	101
16	31919689	10	83
16	31982997	10	74
16	32513680	8	79
16	34904466	8	64
16	35083038	6	83
16	35317703	8	150
16	35430034	16	132
16	35561137	11	85
16	35775449	10	96
16	35871048	6	75
16	36088683	9	98
16	36132992	7	58
16	36142252	7	75
16	36201868	7	64
16	36240343	5	83
16	36909012	8	136
16	46415925	16	83
16	47600477	6	75
16	47738214	5	58
16	4806349	16	86
16	48503561	17	104
16	48609423	14	80
16	49262286	11	92
16	49800813	12	87
16	49922647	10	93
16	50176302	6	89
16	50279507	17	95
16	50437196	13	82
16	50859637	13	102
16	51101411	7	69
16	5115385	12	74
16	51163654	13	89
16	51214336	11	92
16	51293499	15	98
16	51302083	6	73
16	51334179	11	70
16	51384265	7	85
16	52496418	9	72
16	53189559	9	61
16	54509943	16	83
16	55324827	10	85
16	55769033	9	80
16	5675776	9	87
16	59458815	8	80
16	59529220	9	77
16	59602957	8	86
16	59619515	10	84
16	59872531	5	75
16	59924288	12	82
16	59925801	14	80
16	59984015	9	89
16	60008987	5	96
16	60212494	7	84
16	60457556	13	79
16	60511036	10	90
16	60743903	6	98
16	60771323	7	110
16	60845870	7	75
16	60910023	18	94
16	61047497	6	114
16	61060618	5	89
16	61493803	8	83
16	61839537	10	90
16	6252593	9	93
16	63565446	5	81
16	6357812	9	75
16	63708013	10	64
16	64064350	8	93
16	64128830	9	18
16	64213847	4	75
16	64246585	8	78
16	64317728	7	62
16	64446620	7	73
16	64674359	10	82
16	64690726	7	72
16	65224269	8	74
16	65264238	8	80
16	65289779	5	85
16	65311165	10	65
16	65986920	6	98
16	68477699	8	95
16	70409535	8	97
16	70469776	6	86
16	7053420	8	84
16	72498599	8	70
16	7335193	7	69
16	73786068	5	97
16	74783248	15	78
16	75529678	9	71
16	7601844	8	61
16	76371335	11	84
16	7800586	7	69
16	79324684	12	92
16	80093088	9	92
16	80147742	14	90
16	80434184	7	98
16	80954268	7	82
16	81725713	7	21
16	82797079	5	85
16	83684092	9	87
16	83742292	13	74
16	84199492	9	72
16	84685351	7	81
16	84995347	6	99
16	8517050	4	95
16	86131830	14	75
16	9138629	8	82
17	10452143	10	69
17	10560086	6	83
17	13312993	7	87
17	13749004	9	99
17	14385736	8	90
17	14899927	7	82
17	15660285	12	84
17	16946600	9	79
17	18751001	9	92
17	19984695	10	81
17	21062260	11	73
17	21216488	10	83
17	21278025	10	97
17	21350974	7	153
17	22086560	7	88
17	22166802	6	76
17	2250696	10	70
17	22751209	11	105
17	22751219	12	99
17	26773754	7	62
17	2692116	11	73
17	27554998	8	83
17	27765900	13	100
17	30427390	12	78
17	31091126	12	95
17	32962697	10	106
17	32978087	7	82
17	33009330	12	88
17	33474565	9	105
17	33508595	6	92
17	33553603	11	83
17	34152921	10	82
17	34426937	8	94
17	35149614	8	83
17	35728369	6	89
17	39868664	6	90
17	3997186	6	67
17	42257430	9	86
17	43474268	10	91
17	44261554	6	92
17	44814891	9	91
17	47285161	10	94
17	48610863	6	81
17	48744323	8	79
17	49767835	10	95
17	50097524	9	88
17	50630265	16	93
17	52397952	6	68
17	52993039	6	63
17	52999156	10	89
17	53586514	5	81
17	53974091	3	87
17	54845591	5	89
17	5497778	10	81
17	55757608	9	84
17	55851475	7	114
17	56331605	11	93
17	58637073	6	91
17	59648625	9	88
17	62368088	6	93
17	62407250	6	87
17	6261555	8	57
17	63853515	5	91
17	64662456	10	76
17	65400905	7	55
17	67436208	15	90
17	68015233	10	75
17	69222497	6	84
17	69746912	7	84
17	70246878	8	67
17	72216419	12	76
17	72661306	12	92
17	72827136	4	84
17	72828054	12	79
17	73588879	16	86
17	74164573	10	67
17	75178208	6	93
17	76251333	17	98
17	77052618	15	96
17	77666653	13	96
17	78051748	8	88
17	78437677	15	95
17	78541980	11	99
17	78838042	10	92
17	79002475	13	90
17	79015310	10	89
17	81180263	3	89
17	81634363	6	80
17	81802185	16	94
17	81879293	9	82
17	81942349	10	99
17	82081650	11	120
17	82216401	11	107
17	82307259	14	85
17	82393512	5	89
17	82511061	12	86
17	82655518	6	92
17	82910607	15	99
17	9952940	6	67
18	12304757	10	94
18	13331658	10	79
18	1914860	6	74
18	19187575	4	85
18	2162333	8	78
18	22521037	10	92
18	25285704	10	62
18	25333316	16	42
18	25333318	14	46
18	25557217	11	73
18	27041446	6	73
18	27678661	10	74
18	28544280	9	48
18	28600844	11	67
18	29083926	4	73
18	29158678	5	91
18	29379269	7	67
18	29478514	4	68
18	29700428	8	63
18	30634299	10	59
18	30746784	8	74
18	30782742	10	89
18	31173764	11	71
18	31179569	11	78
18	33328776	5	76
18	33565492	5	57
18	33967737	12	69
18	35709165	14	78
18	37801789	10	62
18	37802017	6	80
18	39047482	11	83
18	39441406	7	64
18	40797326	7	71
18	44598663	15	85
18	44767043	14	65
18	45260878	11	70
18	46915794	6	71
18	48541339	6	82
18	49670913	7	77
18	50029347	9	73
18	5016476	7	70
18	52053429	6	69
18	52561297	4	50
18	5311742	12	103
18	53175824	7	85
18	53541927	11	76
18	54447909	12	82
18	54455204	4	62
18	54931270	9	75
18	55156342	17	74
18	55977244	9	76
18	56278261	5	79
18	58016124	11	87
18	59630215	14	69
18	59935200	8	71
18	61239466	5	78
18	61239605	8	71
18	6147768	8	76
18	61761719	8	73
18	63358506	6	59
18	6340420	6	68
18	63777933	9	60
18	64607442	4	33
18	65633852	9	78
18	65652598	6	77
18	65970498	5	74
18	66771290	5	65
18	67882213	13	66
18	70447090	7	73
18	71969882	7	61
18	72202839	8	65
18	72697499	7	91
18	75083201	10	106
18	77677007	10	92
18	78476228	14	83
18	78828502	8	82
18	78828506	8	83
18	79804304	10	88
18	80232512	12	73
18	8307083	13	82
19	13607978	15	75
19	14288411	10	118
19	14756096	14	99
19	15102231	9	87
19	15775186	8	81
19	1686173	15	83
19	17630156	5	86
19	17650715	12	62
19	18135387	15	107
19	18296554	11	73
19	18780294	12	79
19	19046121	12	107
19	20040899	9	87
19	20562383	7	79
19	21506195	8	87
19	21932848	8	94
19	21947379	9	92
19	22627095	6	81
19	22869146	6	72
19	23596655	5	81
19	23709129	7	66
19	24347962	10	174
19	24377288	10	160
19	27321870	10	95
19	28034757	6	96
19	28595188	10	96
19	28790024	6	70
19	28798130	9	85
19	29323704	9	101
19	29402844	11	95
19	29453114	14	82
19	29596859	6	95
19	30113958	9	64
19	30395058	10	75
19	30714613	14	98
19	31420133	7	83
19	31422012	13	74
19	31951614	8	97
19	32065643	15	92
19	32341219	12	80
19	33771654	5	88
19	33897786	7	89
19	34004081	7	113
19	37038679	9	100
19	37432276	12	78
19	38730107	10	87
19	39161475	12	103
19	39247904	13	104
19	40691505	9	88
19	40913589	7	90
19	40913590	7	88
19	42023107	12	83
19	42110279	5	92
19	44023499	7	81
19	44039392	13	91
19	44414307	9	99
19	45459519	7	77
19	46663075	12	95
19	46948840	11	82
19	46960973	6	81
19	47392586	7	88
19	47962619	8	80
19	47969016	7	81
19	48059289	5	65
19	48351985	8	93
19	48738958	12	74
19	4878240	11	89
19	49016349	9	110
19	5017425	11	74
19	51427638	12	106
19	51850644	11	77
19	52173087	12	92
19	52520829	13	93
19	53251881	9	97
19	55932803	10	82
19	56011568	10	92
19	56866760	11	71
19	56901300	9	99
19	57303468	7	86
19	5764292	15	56
19	58223791	8	86
19	58392132	8	89
19	6455061	10	96
19	6833998	9	90
19	704965	6	85
19	7156291	13	87
19	7520351	13	66
19	7695398	11	97
19	7873341	11	93
19	8447808	8	76
19	9015785	7	65
19	9455524	9	92
19	9665456	6	83
20	10957248	16	78
20	11213198	8	66
20	12380827	6	91
20	12485558	15	71
20	12642631	9	89
20	15082763	5	78
20	15458410	5	81
20	15741285	8	73
20	15931723	11	70
20	16589999	9	82
20	16793227	19	106
20	16902903	6	75
20	1696582	13	110
20	17011579	5	73
20	17011642	8	73
20	17028965	14	96
20	17570694	13	110
20	18277922	9	77
20	19174336	12	95
20	2006094	7	90
20	20766328	8	89
20	22799334	10	88
20	23027028	9	111
20	2366798	11	82
20	24096138	6	92
20	24436179	8	83
20	24559726	9	72
20	24810458	5	77
20	24846511	18	81
20	24987374	15	102
20	25923263	14	51
20	25952545	8	64
20	2613263	11	90
20	26304767	7	85
20	28862064	6	151
20	29049503	9	78
20	29497544	6	77
20	30286078	12	110
20	30889739	12	80
20	31760973	8	78
20	33200159	14	91
20	33494679	7	89
20	34048499	7	83
20	34468998	8	78
20	36016452	8	76
20	36415305	5	86
20	36417689	10	82
20	36980690	5	97
20	3740159	13	92
20	37936810	11	99
20	38154002	8	87
20	38829713	7	93
20	38884898	11	89
20	40144688	8	81
20	40208526	5	86
20	40640224	9	108
20	4072763	12	87
20	41831173	6	74
20	41871952	6	58
20	42793615	16	100
20	43258986	11	98
20	43385142	7	94
20	4363867	11	95
20	4364479	14	85
20	43972278	11	101
20	44851220	7	87
20	4529121	4	75
20	46009587	15	84
20	46026502	9	103
20	46076786	10	92
20	46783727	11	86
20	46922008	11	105
20	47191402	6	103
20	47485338	8	79
20	47905693	14	99
20	47967679	5	79
20	4992678	9	81
20	50652609	9	81
20	50666914	11	93
20	51460053	10	94
20	51550398	6	104
20	5449616	9	94
20	54523740	10	87
20	5465672	10	102
20	5484860	6	97
20	54903329	11	92
20	55220758	9	78
20	55244932	12	86
20	55531278	12	77
20	55549360	12	72
20	55623585	10	89
20	55882441	6	71
20	55924321	7	82
20	56119869	17	94
20	56436846	8	99
20	56542634	11	72
20	57375539	5	104
20	58198068	10	97
20	58471101	10	111
20	60437657	11	56
20	61006087	11	107
20	61737430	6	104
20	62586117	14	76
20	62657758	9	95
20	62710678	7	94
20	6274217	5	96
20	62836557	9	95
20	63140867	11	82
20	63763228	13	100
20	64316546	7	129
20	6474925	6	84
20	6475450	15	92
20	6599036	11	86
20	6677031	9	72
20	6978878	8	76
20	708348	13	86
20	7255209	9	74
20	7596543	10	121
20	7728253	14	88
20	8555022	10	79
20	9688320	11	92
20	9712149	10	77
21	10005989	9	245
21	10689863	11	238
21	10727893	6	247
21	13351953	6	90
21	13419772	8	87
21	13851094	13	101
21	14025132	6	86
21	15791207	8	67
21	16326935	7	78
21	18290148	8	80
21	18649517	11	76
21	19062929	6	69
21	20548384	8	72
21	20563087	8	109
21	20845736	8	77
21	20916335	9	78
21	22591977	5	84
21	22684028	8	86
21	22875125	10	78
21	23021682	9	76
21	23382142	7	60
21	23623130	5	72
21	24441310	10	88
21	24911416	9	64
21	25128580	11	88
21	25260579	9	65
21	27443529	9	69
21	28827700	8	87
21	29451558	6	84
21	30475398	9	72
21	30645305	8	93
21	30868472	12	64
21	31018431	7	65
21	31063809	15	83
21	32338168	8	105
21	33882587	12	88
21	33981277	6	94
21	35386505	6	91
21	35675113	12	94
21	36442332	10	80
21	36704193	13	93
21	36868245	8	85
21	37398144	4	62
21	37497990	5	58
21	37700456	9	80
21	38045431	12	76
21	40104986	7	76
21	41329562	13	92
21	42414578	11	103
21	44398881	8	85
21	44993467	9	88
21	9749903	7	285
22	11565839	9	220
22	16398561	10	85
22	16422046	10	149
22	16703242	13	84
22	16713542	5	76
22	16916609	7	71
22	17830142	16	121
22	19199850	20	94
22	21552873	10	123
22	22212409	6	74
22	24255457	10	81
22	24395096	8	89
22	26267089	7	77
22	26421466	6	83
22	27096512	12	72
22	27283350	11	92
22	27452623	16	86
22	28570384	5	89
22	30674296	6	87
22	31337577	9	97
22	32753938	9	98
22	33190890	6	89
22	33319256	6	74
22	33744885	12	92
22	35453823	8	53
22	37645995	9	80
22	40763764	15	63
22	42588556	7	83
22	43200193	12	98
22	43670819	6	89
22	43887281	6	106
22	44065642	12	87
22	44309334	6	97
22	44506322	7	107
22	45829225	10	73
22	48631959	10	103
22	48947375	11	103
22	49091532	10	76
22	49231596	7	105
22	49704609	11	109
22	50013902	13	103
