chromosome_index	position	alt_count	ref_count
1	100213412	16	85
1	100241807	9	60
1	101118340	15	83
1	102563079	16	114
1	102612677	11	97
1	102857988	9	89
1	103089090	17	116
1	103125081	8	73
1	103229574	9	88
1	103823912	7	113
1	103984492	18	96
1	104372819	12	97
1	105077160	20	98
1	105700126	5	113
1	105866496	14	103
1	106196507	12	88
1	106843284	11	109
1	106855630	14	88
1	107717319	14	104
1	109085765	14	59
1	111981192	13	114
1	112265127	13	98
1	113014587	7	57
1	113422567	5	104
1	115801393	11	76
1	116143290	6	72
1	116352489	19	85
1	116608996	9	96
1	116927401	14	93
1	117655825	15	108
1	119836448	11	102
1	121042061	20	105
1	122901469	6	28
1	123348969	2	17
1	124628419	3	59
1	12768304	29	73
1	12778196	8	85
1	1286028	26	91
1	13590938	14	64
1	143614402	10	93
1	143638613	9	42
1	143726307	8	55
1	144412790	12	75
1	145512811	10	78
1	146817159	14	85
1	147789554	17	96
1	148505403	11	87
1	150376204	11	70
1	152492360	10	100
1	152578521	5	112
1	152620727	12	85
1	152693746	10	119
1	154567991	17	84
1	155421080	8	48
1	155847831	12	69
1	155941140	6	64
1	155980717	5	60
1	15804051	13	57
1	158152008	23	100
1	158170094	19	107
1	158183915	14	79
1	158266562	13	90
1	158381527	15	74
1	158952512	18	71
1	159024491	17	91
1	159124474	12	77
1	159147593	11	87
1	159176472	16	88
1	159221903	11	87
1	159425983	11	86
1	160482865	11	92
1	160837458	14	84
1	161554918	14	72
1	161709085	11	94
1	163936850	16	96
1	164593584	15	74
1	165267360	16	90
1	166113314	14	104
1	166427870	11	75
1	166724014	12	90
1	167095295	18	101
1	167345301	11	75
1	16782793	24	269
1	168683007	7	98
1	170302905	13	106
1	170683351	19	98
1	170736856	8	96
1	170759539	13	104
1	170770753	8	78
1	172107294	4	110
1	172584898	21	100
1	173155136	15	67
1	173485495	16	90
1	175530951	13	109
1	175563400	15	147
1	176241270	9	92
1	177313471	10	116
1	177633853	10	88
1	177825883	12	87
1	178309250	10	57
1	178576266	13	104
1	179190297	7	83
1	179785854	10	103
1	179951452	6	90
1	180944780	16	96
1	18105208	7	120
1	181327780	17	128
1	181431133	10	105
1	182568528	16	93
1	182642429	6	89
1	183620837	12	83
1	183685578	15	84
1	184396028	13	105
1	185128832	9	80
1	185259469	7	74
1	185439423	10	83
1	185696985	31	98
1	186260604	14	96
1	186667483	17	77
1	18715610	23	89
1	187468088	7	85
1	188415306	10	104
1	188443966	18	84
1	18853748	14	84
1	188587514	13	105
1	188671967	13	121
1	188762817	9	88
1	188853853	18	95
1	188943526	7	86
1	189000424	11	62
1	189011878	8	81
1	189055438	13	83
1	189428845	11	56
1	189566525	14	95
1	18976942	18	90
1	189914305	6	87
1	190056959	15	95
1	190339020	15	79
1	190754200	21	99
1	190933793	16	97
1	191161252	8	93
1	191419139	19	97
1	191617707	17	84
1	191695449	19	111
1	192428534	15	86
1	192993885	15	74
1	194102443	20	97
1	194522944	13	84
1	194860492	11	108
1	195057140	17	74
1	195247449	24	84
1	195266700	19	82
1	195405234	13	89
1	195473410	14	69
1	195475393	13	85
1	195505665	10	91
1	195512962	13	78
1	195648932	5	88
1	196011779	9	91
1	196266478	18	98
1	196278941	12	107
1	196404499	16	102
1	196966440	10	82
1	198140232	13	105
1	198998570	9	83
1	199067730	10	102
1	199073639	16	79
1	199223975	21	98
1	199814693	13	76
1	200042861	8	89
1	200980283	12	106
1	202491176	13	91
1	202768906	6	66
1	203036855	21	111
1	204564565	4	77
1	204839744	15	104
1	205490638	5	90
1	205543393	8	80
1	205786021	8	75
1	206418674	15	85
1	206911969	13	107
1	208343090	7	103
1	209132464	6	82
1	209293210	17	98
1	209657620	20	103
1	209999612	9	94
1	210126076	16	96
1	210828287	8	102
1	210963058	17	76
1	212230608	17	63
1	212532392	13	79
1	213339444	10	84
1	213393195	13	91
1	213443680	12	98
1	214641644	12	91
1	214737488	13	94
1	215326289	16	112
1	215339349	20	89
1	215553502	16	91
1	216015837	16	106
1	216216730	12	118
1	216905231	9	76
1	218088923	12	95
1	218865888	10	86
1	219281997	19	98
1	221012774	5	107
1	22108131	5	77
1	221695307	19	125
1	221859639	9	81
1	222454490	7	99
1	223036659	11	92
1	223197642	13	80
1	224960944	13	82
1	225092726	5	89
1	225281583	5	80
1	227120434	19	99
1	227532100	16	86
1	227776699	5	109
1	228065005	18	88
1	228198519	10	66
1	228246888	6	102
1	229037061	14	92
1	229235426	20	95
1	230678444	13	100
1	231713978	6	68
1	232301266	10	105
1	232346657	9	102
1	233348929	16	64
1	233589068	12	70
1	234062741	9	79
1	235532496	11	74
1	235539123	12	67
1	236093757	16	83
1	236141938	12	65
1	236727521	7	75
1	237157065	9	76
1	237222923	13	83
1	237309648	12	81
1	237491774	7	90
1	237508803	10	66
1	237950222	5	82
1	238004937	11	77
1	238178354	18	103
1	238236783	6	84
1	239770483	12	97
1	240456975	7	95
1	240576534	5	79
1	240906740	12	76
1	241322323	11	105
1	242095607	13	88
1	242275693	6	88
1	242782444	14	90
1	244076266	13	98
1	245789077	4	100
1	246801305	6	86
1	247182659	9	63
1	247262332	6	82
1	247850737	11	79
1	248044637	12	84
1	248550115	17	32
1	25262820	5	70
1	27784642	17	49
1	29156226	7	83
1	29437039	7	100
1	29564058	21	83
1	2968009	23	82
1	29861306	5	95
1	29972857	25	89
1	32127656	4	66
1	32467223	16	60
1	32467224	15	67
1	33783701	8	102
1	34953568	15	61
1	35821275	4	62
1	3582652	23	83
1	36363016	23	76
1	36941425	22	99
1	37107534	31	85
1	37300781	6	128
1	37405545	16	75
1	38037052	19	61
1	38221005	6	82
1	38398770	29	74
1	38808700	7	102
1	38835324	28	74
1	39236583	20	80
1	41727685	10	126
1	42089424	16	67
1	42935859	7	97
1	4397162	24	100
1	4403991	21	81
1	4602384	21	84
1	49280882	13	85
1	49370453	14	88
1	49513477	16	77
1	49624006	14	82
1	49921186	10	92
1	51242656	10	68
1	51325598	11	85
1	51381732	11	81
1	52560731	9	70
1	52776998	6	78
1	53067778	17	91
1	53136153	12	56
1	54360309	15	86
1	54849639	13	85
1	55395395	5	108
1	55789908	12	107
1	57148003	14	93
1	57560778	19	78
1	59586318	9	118
1	61729865	12	72
1	62377448	12	85
1	63104101	13	106
1	63104102	13	104
1	63816661	15	127
1	63845291	20	98
1	64082536	14	108
1	64455200	8	79
1	65255754	13	90
1	65419284	14	103
1	6731062	5	76
1	6821568	19	69
1	68332285	15	62
1	68471006	9	101
1	68514706	15	97
1	69266936	10	105
1	69361057	13	85
1	69934579	8	69
1	70217553	11	93
1	71059573	12	75
1	72781833	10	103
1	72971827	11	96
1	73406179	13	96
1	73522421	5	94
1	73874186	13	103
1	74299855	17	106
1	74640743	9	117
1	74674552	14	98
1	75111254	15	94
1	75234353	14	111
1	75430425	20	108
1	75641142	5	85
1	76113190	11	60
1	76189798	16	91
1	77671647	7	100
1	79437568	10	79
1	80229404	12	98
1	81276831	12	97
1	81350646	8	96
1	81399992	17	100
1	82957612	12	112
1	83711221	6	126
1	84198974	4	40
1	85311591	11	85
1	85311592	10	81
1	85494127	10	76
1	85574891	19	93
1	85607837	7	116
1	86614545	8	104
1	86644685	9	66
1	88549966	12	109
1	88630594	16	84
1	88875342	10	70
1	88968206	14	52
1	90569083	7	114
1	90594529	8	90
1	92004754	4	75
1	94458924	11	53
1	94748613	14	77
1	95502108	15	102
1	95755958	9	89
1	95978504	14	102
1	96054757	11	90
1	96131954	15	83
1	96803612	10	103
1	96990661	7	105
1	97322513	12	87
1	97468232	12	91
1	97833955	18	91
1	98096314	15	118
1	98173589	18	90
1	98811726	7	96
1	98990986	13	109
1	99052289	20	97
1	99381552	6	92
1	9947031	6	64
1	99852636	8	71
1	99994045	11	64
2	102231009	14	112
2	103020312	20	94
2	103807975	11	83
2	103846538	10	99
2	103942190	8	90
2	103950767	13	91
2	104026753	19	104
2	104101665	7	40
2	104107842	13	90
2	104108146	12	101
2	104287093	13	86
2	10438017	10	101
2	104396693	16	108
2	105043982	14	68
2	105593905	21	95
2	106112141	13	98
2	106174612	10	109
2	106671690	14	102
2	106690826	15	116
2	107176558	16	91
2	110939756	9	93
2	112160151	10	73
2	112465635	5	60
2	112762567	9	85
2	113434670	11	115
2	114389139	10	104
2	114813775	17	82
2	114887088	7	90
2	115286398	6	43
2	115395225	14	99
2	115504299	9	85
2	115623285	11	80
2	116042775	16	78
2	116044235	7	85
2	116389599	5	90
2	116402719	22	92
2	116474881	5	89
2	116501796	19	89
2	117276620	19	102
2	117276759	12	97
2	117374131	12	124
2	117471695	9	78
2	117691155	15	91
2	117847116	8	99
2	118232775	21	107
2	118371920	15	99
2	120686388	11	77
2	122028885	14	92
2	122694658	37	78
2	122874600	13	115
2	123475318	10	103
2	124338046	10	101
2	124667758	12	91
2	124892972	16	101
2	124972191	11	85
2	125458726	10	63
2	125954400	7	90
2	126131150	15	70
2	126184371	10	69
2	126195556	12	89
2	126311534	7	93
2	126343927	17	105
2	126625769	7	107
2	127395377	10	77
2	128469958	7	112
2	128548657	12	79
2	129595609	11	98
2	130170418	15	70
2	130281333	14	109
2	131414260	10	100
2	131658063	14	90
2	132124133	13	70
2	132234636	8	81
2	132290990	15	66
2	132954640	14	88
2	133031593	13	115
2	133691492	16	103
2	134032716	14	74
2	134710551	16	65
2	13472935	15	27
2	136090680	8	125
2	136283987	12	66
2	136693732	4	104
2	136753775	18	114
2	136997807	14	103
2	137206727	12	104
2	137400342	10	80
2	137460400	12	102
2	137885454	20	86
2	139252721	8	101
2	139665361	13	77
2	139956282	9	90
2	140327184	15	124
2	140553148	14	104
2	140736454	7	85
2	140908005	18	90
2	141383189	12	108
2	141420340	15	92
2	141548861	9	132
2	141963344	17	98
2	143157872	15	94
2	143207537	9	97
2	144062258	17	98
2	144329988	14	88
2	144423513	16	93
2	144432404	13	124
2	145046343	6	93
2	145166183	10	77
2	145989589	18	99
2	146063128	8	99
2	146103423	14	98
2	146158916	8	91
2	146226135	16	108
2	146257345	14	72
2	146270161	12	101
2	146403605	7	98
2	146772620	11	97
2	14717506	22	106
2	147856267	14	109
2	14843583	6	90
2	14869887	9	104
2	148772325	8	84
2	148926941	19	90
2	149596483	14	107
2	149673021	9	112
2	149816817	14	87
2	150320419	10	85
2	15039677	11	95
2	150602093	9	98
2	150847439	13	93
2	151114809	19	98
2	151246873	6	60
2	151349023	7	77
2	152893935	11	80
2	153371828	9	92
2	153656863	14	66
2	154104091	6	81
2	154215709	12	94
2	154295725	19	89
2	1543830	15	95
2	154401135	4	123
2	155071589	5	109
2	15637286	11	94
2	156944389	11	80
2	15704648	5	106
2	157418322	14	100
2	158128136	23	105
2	160771481	15	78
2	161430364	13	126
2	161500852	15	68
2	161559685	15	68
2	161572311	8	95
2	162141885	11	100
2	162416827	20	112
2	162668324	14	100
2	163030346	10	81
2	163072604	19	98
2	164268768	11	96
2	164840402	16	92
2	165226261	14	95
2	165680366	16	83
2	165724848	7	63
2	16581678	19	92
2	166226051	13	87
2	166430106	22	91
2	167618083	9	115
2	167654474	21	115
2	170219779	22	104
2	171112807	8	64
2	171561495	21	97
2	17206722	9	101
2	172217703	10	82
2	172649768	12	83
2	172687347	10	66
2	173296546	11	62
2	174097647	7	97
2	174601259	17	98
2	175594601	12	85
2	175953103	8	70
2	177621999	12	90
2	1776851	16	89
2	17781023	17	72
2	178700361	16	125
2	178830611	17	91
2	179065501	12	105
2	18073944	16	98
2	181603315	10	85
2	183331270	5	86
2	183559029	9	101
2	184208573	17	92
2	184480515	17	108
2	184500166	13	104
2	184559742	16	103
2	185136025	7	103
2	185243928	13	99
2	185547893	6	99
2	187074828	13	89
2	187184628	11	118
2	187343457	17	87
2	187746563	8	85
2	188791552	14	82
2	188895019	16	96
2	188999983	15	107
2	189223238	13	96
2	189395205	13	70
2	189562724	15	86
2	189562982	12	94
2	189563518	12	97
2	192023265	7	118
2	192372183	20	100
2	193100150	13	106
2	193427596	17	96
2	193821028	15	105
2	193920196	8	77
2	194159962	18	83
2	19595839	14	66
2	196030024	16	89
2	196387424	12	92
2	196818196	16	79
2	197786296	19	84
2	198444678	10	76
2	198669650	13	86
2	198732142	13	96
2	198876668	18	96
2	198878066	20	80
2	199120427	17	110
2	201591455	10	84
2	202385452	4	47
2	204588723	16	86
2	205683154	12	119
2	205808878	14	92
2	206291129	13	104
2	206445289	4	104
2	20651176	10	83
2	208799428	11	95
2	208819496	13	78
2	2089414	5	93
2	209157962	7	106
2	209252141	9	75
2	210242860	4	101
2	210305693	12	86
2	210800749	13	105
2	211000227	9	104
2	211084976	14	88
2	212675298	10	96
2	212701866	12	96
2	213478142	12	97
2	213652288	11	89
2	213754360	21	80
2	213832038	7	89
2	213918403	7	89
2	215592185	5	104
2	215716095	15	91
2	215738041	12	70
2	216101734	17	78
2	216457649	9	64
2	219015914	13	87
2	2217709	15	90
2	221934139	12	83
2	223325877	7	93
2	22359469	5	97
2	22448403	12	92
2	225540528	15	117
2	225969359	11	82
2	226047487	17	79
2	227224103	13	76
2	22744066	13	104
2	227691830	7	73
2	227921490	13	82
2	228546993	13	93
2	22875208	16	97
2	229085861	11	93
2	229718291	21	92
2	229796574	15	90
2	229949793	9	65
2	230147580	15	105
2	23176184	26	94
2	233092474	10	86
2	23311250	14	101
2	23460415	14	77
2	235254498	11	86
2	238149859	20	99
2	238425765	4	83
2	238476033	13	67
2	238557278	13	86
2	238583273	11	83
2	238719535	21	98
2	239324000	12	89
2	240219253	12	87
2	240672092	11	95
2	240903352	17	87
2	24379918	11	61
2	24458908	11	68
2	25220705	10	67
2	26545196	8	97
2	2750709	14	46
2	28085403	12	93
2	28872968	4	70
2	29372170	12	114
2	30908115	8	170
2	31906061	11	65
2	32890615	5	82
2	32963789	12	84
2	33178161	13	90
2	33765619	10	87
2	33911287	8	35
2	35033494	13	85
2	35230655	15	85
2	36100072	7	106
2	36121557	8	81
2	38220435	10	100
2	38949860	8	100
2	39998244	6	91
2	40309574	9	100
2	40480087	19	77
2	40520767	15	99
2	40529956	12	105
2	40573803	11	89
2	40975063	9	80
2	43045326	7	50
2	4378052	19	100
2	43936044	21	85
2	441945	13	136
2	45484971	5	100
2	46608662	9	97
2	46621449	15	81
2	48018522	8	77
2	48404254	10	86
2	49235159	15	88
2	50075002	12	97
2	50903083	13	102
2	51251209	16	111
2	51332816	8	94
2	51958388	15	95
2	52124541	8	113
2	52222709	16	82
2	52305501	15	94
2	52517042	14	89
2	52600413	13	116
2	52959831	5	88
2	5322276	14	87
2	552440	5	133
2	55988646	6	114
2	56020729	15	83
2	56081754	12	92
2	56553632	13	74
2	56708232	12	105
2	56732338	4	114
2	56811461	9	90
2	56935900	16	109
2	56937449	14	102
2	56998	5	108
2	57343068	6	89
2	57357660	5	86
2	57603016	10	102
2	58844002	13	88
2	58894025	13	127
2	59041822	12	92
2	5931766	14	110
2	59741223	10	116
2	59796324	17	103
2	60120357	17	84
2	60225464	14	91
2	60866223	12	77
2	61462420	6	60
2	62015561	10	64
2	62552364	18	88
2	63035870	19	96
2	63388731	18	71
2	6364339	10	108
2	63983924	6	91
2	64328153	12	98
2	648278	5	119
2	65356768	13	81
2	65432716	11	81
2	65587708	7	83
2	65841495	20	91
2	67296045	22	115
2	67753274	9	92
2	67787192	9	97
2	6785700	21	121
2	67984587	14	93
2	68091344	15	88
2	68961521	15	98
2	69278897	11	79
2	69389365	11	73
2	71151974	10	87
2	71208431	13	89
2	71481419	12	95
2	71586752	16	104
2	726726	10	104
2	73105790	13	83
2	73112932	7	71
2	73136860	5	83
2	7433944	18	99
2	74834032	12	59
2	75953372	16	95
2	76988249	12	101
2	78153735	8	97
2	78169219	15	92
2	78218407	19	91
2	78281855	17	98
2	78347059	14	106
2	78556729	9	80
2	80082406	17	96
2	80373057	9	85
2	8044853	15	85
2	80531418	16	77
2	80539726	6	117
2	80728297	14	104
2	80945403	12	79
2	80978231	5	109
2	81320265	12	77
2	81404758	16	92
2	82543417	16	103
2	82809520	17	92
2	83808083	11	85
2	84392651	12	89
2	84543656	12	102
2	8463770	9	72
2	85358128	10	65
2	8639447	14	95
2	86565032	13	104
2	87082516	15	80
2	87326661	13	104
2	88220394	12	101
2	88260366	14	81
2	8955890	17	92
2	89594022	12	155
2	89775237	12	210
2	89818853	8	220
2	89871631	13	83
2	90139798	8	94
2	9075801	14	74
2	91747923	12	108
2	91922761	9	92
2	94142154	6	112
2	94556227	12	73
2	94923916	14	79
2	94951267	12	89
2	96456371	14	73
2	96490974	14	80
2	9651388	16	84
2	96696400	7	77
2	98123655	23	82
2	98789719	13	87
2	98942869	11	56
2	99196278	16	87
2	99811819	18	98
3	10016620	16	69
3	100783709	15	110
3	101255890	13	88
3	101815413	18	89
3	102657810	12	84
3	102871200	13	73
3	103323719	7	128
3	103373787	9	102
3	103796910	7	110
3	104356042	9	98
3	105082550	5	83
3	105911822	12	80
3	106431784	10	105
3	107210220	4	62
3	10758821	18	118
3	108297642	12	96
3	108570343	14	97
3	108636137	9	81
3	108782586	5	83
3	108935832	9	90
3	10895398	8	102
3	109154552	14	82
3	109261412	11	62
3	109385724	6	75
3	109606783	16	77
3	110111302	20	88
3	1101274	8	101
3	111156366	17	99
3	113754119	5	84
3	114537594	10	96
3	11460297	12	73
3	116447356	10	103
3	11654356	13	61
3	116646719	18	101
3	117209872	14	93
3	118730747	13	106
3	118770941	19	80
3	118891889	16	96
3	118976423	16	98
3	119401742	17	100
3	119757371	8	95
3	120287620	16	88
3	120699748	15	111
3	121648916	12	84
3	12183502	15	86
3	12185080	13	72
3	12185081	13	73
3	1226015	12	103
3	122656484	14	82
3	123079942	12	102
3	124335046	18	103
3	125465019	8	67
3	1258675	12	88
3	12665132	3	46
3	126747152	10	69
3	127343638	9	111
3	127680146	15	95
3	127956277	16	86
3	128292366	20	81
3	1286164	15	109
3	12987220	12	88
3	130058466	11	32
3	130423886	16	101
3	130684481	10	94
3	131214767	7	82
3	131287118	16	110
3	133796845	5	102
3	133954312	9	94
3	134207769	14	88
3	134611262	15	117
3	134661151	5	110
3	134889921	16	111
3	135267216	14	86
3	1354833	6	105
3	135681339	17	96
3	136964737	4	81
3	137639831	10	71
3	137887680	12	89
3	139319281	14	101
3	139345700	17	107
3	140335626	19	96
3	140807236	18	89
3	142072677	10	76
3	144552022	17	105
3	145018258	12	88
3	145144205	11	104
3	145282760	12	83
3	145315390	17	95
3	145371393	19	110
3	145400580	14	100
3	146497684	13	100
3	147029103	15	97
3	147124618	19	102
3	147204684	20	101
3	147212972	14	67
3	147325927	14	98
3	147406856	9	111
3	147504906	11	97
3	147585642	15	105
3	147627283	10	98
3	147641290	17	103
3	147666274	12	81
3	147789286	7	76
3	147937329	13	76
3	147958391	12	94
3	147960523	11	94
3	149251613	7	76
3	149872617	17	86
3	150208760	13	109
3	153706110	9	75
3	15433853	8	69
3	154344180	10	83
3	155430995	16	83
3	155891156	15	59
3	155892389	5	77
3	156041620	5	86
3	157730986	10	73
3	157797625	13	103
3	157893080	16	67
3	158203234	12	86
3	158528465	15	109
3	159346457	12	77
3	159491867	13	89
3	159732985	13	85
3	160556731	14	95
3	161109039	17	112
3	161548189	15	99
3	161620726	14	112
3	162145385	18	84
3	162184611	11	109
3	162460055	6	111
3	162579837	16	93
3	162635962	15	92
3	162732091	7	90
3	163290513	13	92
3	163378165	17	92
3	163572373	17	94
3	163782552	21	104
3	164019852	12	77
3	164080705	12	109
3	164561842	9	108
3	164666135	12	80
3	164917347	20	101
3	164978049	14	98
3	165339166	8	91
3	165339287	8	97
3	165578606	15	72
3	166923311	15	98
3	167136692	9	81
3	167205415	11	112
3	16811658	27	108
3	168377778	13	103
3	16892005	13	119
3	169872300	8	70
3	170103384	18	86
3	171621459	12	76
3	172094465	17	91
3	1724978	14	71
3	172635309	10	87
3	173248143	10	88
3	173285741	7	77
3	173351700	22	122
3	174374143	13	86
3	17451894	7	107
3	175471031	10	110
3	175570954	7	75
3	175690806	13	72
3	176653963	10	92
3	177240173	15	65
3	178050136	4	109
3	178898423	12	89
3	179076709	9	89
3	179469539	11	71
3	179482526	13	60
3	17951843	11	103
3	17953169	5	106
3	179723976	9	78
3	180119892	24	85
3	18017130	21	98
3	180451711	10	85
3	181377481	13	97
3	181413018	19	105
3	181529801	9	26
3	181968055	15	93
3	182529502	10	117
3	1834507	8	99
3	184250397	11	74
3	184318825	13	60
3	185142488	13	73
3	18585956	13	87
3	185939404	15	93
3	186822139	9	71
3	187052673	10	76
3	187312321	7	43
3	187371607	10	92
3	187378733	18	71
3	187614156	9	95
3	187684132	16	88
3	191464878	12	76
3	191999421	8	91
3	192077891	15	76
3	192137022	16	97
3	194213852	5	78
3	194909967	10	56
3	195243065	9	86
3	19576198	18	87
3	19637667	5	88
3	197932900	4	29
3	19846932	10	85
3	20384867	12	84
3	21282564	15	73
3	21673548	19	79
3	22711018	16	65
3	23523291	17	83
3	24477898	9	64
3	26416765	9	83
3	31406379	6	110
3	31972566	13	79
3	32671295	14	73
3	32926452	11	69
3	33313857	13	78
3	33743891	9	65
3	3517659	5	109
3	35275750	7	72
3	3552090	12	94
3	3572229	13	112
3	35738014	15	90
3	35786079	18	80
3	36072762	14	63
3	36602737	9	82
3	37122163	6	56
3	37669017	11	89
3	38139656	13	94
3	38595872	10	82
3	38646340	10	86
3	38823960	15	95
3	39335932	8	76
3	39354233	9	81
3	40482378	16	67
3	41010114	16	86
3	41143191	10	81
3	4253311	18	66
3	43043546	22	102
3	45726422	11	61
3	46764073	5	69
3	46794964	11	89
3	49938306	3	59
3	49999447	4	53
3	52978675	14	64
3	5331481	7	98
3	54210990	8	72
3	5429152	12	112
3	54554002	12	87
3	56059587	10	97
3	56666584	5	61
3	57056115	9	50
3	5751574	9	99
3	58199612	5	73
3	58292998	8	68
3	5912740	10	72
3	59234424	9	67
3	59955712	10	84
3	61261207	14	84
3	61881360	5	91
3	61932872	13	106
3	62041300	6	81
3	62199123	8	102
3	6375293	14	80
3	65151011	10	91
3	65712011	8	110
3	65954389	6	87
3	66331996	19	93
3	66607310	9	86
3	67976560	11	78
3	68607929	12	68
3	68816383	8	81
3	68957137	19	91
3	69657050	14	79
3	713311	11	116
3	72317575	10	109
3	72775024	9	83
3	73870407	12	99
3	7394920	13	89
3	74186825	11	103
3	74514300	11	96
3	74933522	14	92
3	75272464	14	81
3	75289238	5	82
3	75558130	14	36
3	75727008	4	90
3	75834410	10	92
3	75874251	14	102
3	75878175	11	85
3	75968073	19	104
3	76223488	11	100
3	76412098	11	86
3	76947910	16	83
3	77156953	13	91
3	77180414	7	62
3	77702032	9	97
3	77816497	19	92
3	785546	13	72
3	78631633	8	92
3	79803490	11	108
3	80074049	9	87
3	80168311	16	95
3	80178889	9	95
3	80244717	8	86
3	81126255	12	97
3	81361591	7	99
3	82399864	14	84
3	82838464	5	99
3	83719131	18	93
3	83810597	9	97
3	83821931	17	106
3	8390628	13	82
3	83932122	9	96
3	84039860	17	94
3	84236890	5	91
3	84467181	9	90
3	84769223	16	90
3	85038789	15	95
3	85206538	8	95
3	85695111	7	90
3	86323881	7	77
3	86424164	15	91
3	86745992	9	83
3	87747914	17	91
3	87770994	16	89
3	87976497	7	97
3	88407471	6	107
3	88499081	4	103
3	88769234	12	85
3	88959494	13	98
3	89057102	7	100
3	89183269	18	84
3	89232903	13	97
3	89893124	7	52
3	89995184	21	79
3	90367023	10	77
3	90579996	9	70
3	90663860	13	73
3	90905413	5	73
3	91262490	11	53
3	9310050	3	82
3	93723693	15	65
3	94391714	24	96
3	94731570	15	115
3	95693637	8	90
3	95877111	6	91
3	96041504	11	86
3	96061836	14	98
3	96074037	13	89
3	96661468	19	92
3	96757180	10	88
3	96990022	5	91
3	97204770	7	105
3	97683442	15	86
3	97917190	19	90
3	98492762	9	100
3	98667481	8	79
3	98956673	13	103
3	99320248	6	87
3	99424628	9	97
3	99424680	11	92
4	100350063	22	112
4	100515829	9	103
4	101074779	8	112
4	101982971	11	88
4	103520013	12	79
4	103627525	11	74
4	103694501	16	78
4	103746961	11	74
4	103860492	13	98
4	104592615	12	101
4	106405101	9	86
4	106659769	14	86
4	106709768	12	72
4	106829689	24	79
4	108222144	9	83
4	109016344	10	92
4	109019133	12	66
4	109020734	8	81
4	109077532	7	89
4	110691791	13	80
4	110900591	11	89
4	111013376	11	92
4	111015378	14	105
4	111084997	7	94
4	111137909	8	86
4	111137910	9	79
4	111312039	4	61
4	111322702	10	91
4	111363627	9	66
4	112872864	9	60
4	114232621	11	84
4	11426742	14	88
4	114439435	14	86
4	114487602	8	93
4	1147326	18	51
4	11480122	10	95
4	115178949	4	90
4	115480059	7	85
4	115551683	18	113
4	115747051	11	95
4	116288262	8	78
4	116480508	5	96
4	116794908	8	83
4	116854158	12	96
4	117195046	16	81
4	118664845	6	87
4	119466393	13	95
4	11966030	8	87
4	119803606	17	66
4	119908857	12	95
4	120406716	19	103
4	120483706	12	74
4	121439799	10	104
4	121592981	7	87
4	122065179	9	93
4	122066813	4	97
4	122392470	14	87
4	12269650	11	80
4	123827828	4	97
4	124752541	4	73
4	125596445	6	89
4	12567465	7	108
4	126107264	15	98
4	126124027	10	80
4	126666994	23	94
4	127016809	26	95
4	127173276	13	103
4	127659137	10	98
4	128170815	8	81
4	129048450	17	100
4	129347321	17	101
4	129652569	9	130
4	129875958	15	109
4	129893411	11	82
4	13003073	15	88
4	130173633	10	116
4	130315847	20	108
4	130448287	14	87
4	130492628	11	121
4	130670591	13	97
4	131517220	17	85
4	131586410	22	96
4	131588867	22	82
4	132077908	11	110
4	132360272	22	77
4	132439567	15	93
4	132442358	11	89
4	132556113	13	99
4	132885134	29	80
4	133477211	13	79
4	133709792	12	63
4	134425662	14	119
4	134870065	10	115
4	135289100	27	87
4	135588907	28	102
4	135990360	17	88
4	13608612	8	74
4	136313933	18	122
4	136620524	13	107
4	137464970	18	66
4	138364562	9	100
4	140749281	13	108
4	14089045	10	82
4	141610903	13	104
4	141612430	18	139
4	141791945	24	73
4	142991358	25	101
4	143067971	12	104
4	143929701	22	104
4	144024688	17	106
4	144222733	16	94
4	144302119	14	96
4	144323338	23	96
4	144926241	18	78
4	144927685	17	80
4	144993631	15	84
4	145078261	17	90
4	146072711	25	106
4	14647627	7	107
4	147156827	23	86
4	147968526	7	102
4	14814839	17	86
4	148164312	12	100
4	149078521	6	118
4	149315640	14	111
4	149600198	8	106
4	149659512	12	91
4	150188555	19	85
4	151807494	6	119
4	152479440	25	115
4	154428334	13	88
4	154445197	13	122
4	155021028	24	110
4	156124392	26	92
4	157262683	10	120
4	157388654	6	105
4	157426909	9	107
4	15823163	17	69
4	158408134	15	71
4	159010692	20	83
4	159024208	6	108
4	159552645	8	100
4	160420980	20	105
4	160947144	17	92
4	161225604	9	78
4	161461335	12	71
4	162130071	18	100
4	162162673	19	83
4	162276252	8	84
4	162586825	12	78
4	16290487	11	98
4	163577016	9	113
4	163859526	6	101
4	163943099	17	109
4	16512653	4	90
4	165604942	10	80
4	165927876	14	85
4	16603407	12	108
4	166390040	7	98
4	16654597	4	116
4	166656280	12	98
4	166774967	9	81
4	167273579	4	79
4	167762405	21	101
4	167863389	11	92
4	168537578	10	100
4	170132648	15	108
4	17106413	20	96
4	171221640	12	99
4	171259042	11	113
4	17127120	7	101
4	171311331	17	91
4	171495931	18	80
4	171509915	21	89
4	171595283	5	121
4	171756479	10	121
4	171762082	5	102
4	171937510	11	109
4	172039734	15	95
4	172106622	16	87
4	17221131	15	97
4	172296461	24	78
4	172351050	12	95
4	173210249	18	110
4	173611190	9	71
4	173626727	10	91
4	173954905	10	100
4	174115092	5	114
4	174170616	28	88
4	175168537	21	112
4	175172762	12	91
4	175344649	9	86
4	175473885	21	95
4	175566965	13	92
4	175640149	14	85
4	175860389	10	97
4	176268475	6	114
4	176417527	14	106
4	176863152	5	99
4	176891259	13	106
4	177066592	18	99
4	177407126	7	112
4	177590846	11	93
4	17779384	10	82
4	177834667	6	98
4	178142897	21	104
4	178520884	10	95
4	178768253	14	109
4	178905368	11	97
4	179138029	19	104
4	179524110	6	126
4	180256093	9	82
4	1803218	6	56
4	180527325	14	106
4	180733984	11	111
4	180845035	17	117
4	181072147	9	90
4	181328116	12	107
4	181365178	24	103
4	181586920	20	89
4	181625006	21	86
4	181768810	4	108
4	181891946	13	89
4	182404399	16	83
4	18242693	6	95
4	183598602	20	79
4	183751965	16	81
4	18401094	10	86
4	184276819	11	100
4	184495970	12	96
4	185179452	20	65
4	185288330	18	82
4	186784517	19	86
4	187633962	9	63
4	187682122	18	101
4	187706638	6	90
4	188293323	6	83
4	188558159	15	90
4	188738138	12	78
4	188741064	18	143
4	189010715	8	95
4	189039507	8	133
4	189235821	17	99
4	189359844	13	73
4	19355066	8	81
4	19456040	13	76
4	19547589	8	89
4	19687147	11	88
4	19741501	11	115
4	19889737	7	100
4	19892158	12	99
4	20066085	9	89
4	20442258	11	68
4	20550096	15	83
4	20706020	7	94
4	23405760	7	99
4	23506005	15	83
4	23540940	16	95
4	23566286	8	65
4	23937027	15	111
4	24571835	13	77
4	24996561	10	91
4	25326797	5	73
4	26698838	8	83
4	28237418	14	78
4	28289739	7	107
4	28315759	8	85
4	28327871	7	90
4	28631018	4	89
4	28644537	12	105
4	28664497	14	103
4	29350149	4	77
4	29605750	10	80
4	29729245	9	99
4	30226617	10	72
4	30515449	20	103
4	30587617	17	103
4	31133141	16	80
4	31751520	8	100
4	32393336	8	86
4	32406410	7	61
4	32535324	6	92
4	33462552	8	87
4	33679090	6	75
4	33759164	11	101
4	34391700	17	91
4	34471622	7	84
4	34960555	9	101
4	3577227	13	86
4	36246074	9	95
4	37356497	10	97
4	3765909	5	52
4	38295649	18	84
4	3897313	8	90
4	41485148	8	91
4	42176762	11	70
4	43332489	10	105
4	43393010	12	104
4	43450275	12	95
4	43469245	9	100
4	4357332	8	85
4	44044500	9	73
4	44192660	17	95
4	44338606	15	90
4	44342382	8	95
4	44903661	11	80
4	45482541	17	82
4	45769123	14	87
4	46417846	10	92
4	46421902	4	70
4	46515277	15	99
4	46789809	15	76
4	47003659	12	108
4	47285918	9	77
4	49171525	7	63
4	49548352	9	62
4	51896204	17	109
4	51952446	10	83
4	52098588	11	100
4	5339266	11	101
4	5357009	14	43
4	53917127	5	95
4	54705203	17	95
4	5501481	9	82
4	55104579	8	108
4	56557161	8	64
4	5671375	10	93
4	56980710	4	91
4	57528214	10	66
4	57567981	7	82
4	5801740	5	77
4	59270191	16	104
4	59483893	6	75
4	59540392	16	92
4	59901904	9	89
4	61186279	9	94
4	61538052	16	80
4	61767426	13	88
4	61802849	13	91
4	61896183	9	93
4	61927366	9	86
4	62088506	11	100
4	62482709	21	93
4	62628902	4	84
4	63042183	5	102
4	63537887	11	81
4	63775928	9	103
4	63775949	14	108
4	63812533	14	101
4	63886072	13	88
4	64489565	17	106
4	64595350	14	84
4	65080425	16	89
4	65295254	13	98
4	65897905	18	94
4	66086239	14	88
4	66248234	8	69
4	66280830	9	75
4	66308594	18	102
4	69923892	23	91
4	70597955	7	78
4	71539118	13	105
4	72363832	19	96
4	73416440	12	84
4	73627765	11	83
4	7471213	15	91
4	74974614	16	92
4	75012805	16	101
4	75320305	12	81
4	76705557	10	108
4	78438407	12	114
4	79569357	7	105
4	79753686	24	95
4	80534547	5	92
4	80628519	11	105
4	80724278	5	89
4	81365873	13	92
4	81937863	14	98
4	82116408	14	84
4	82436639	13	74
4	83385076	10	94
4	83937682	10	81
4	84727654	15	75
4	84749851	9	93
4	85852781	10	101
4	87012127	9	75
4	87380024	3	47
4	87712265	13	75
4	88549321	5	78
4	88991913	9	96
4	89326627	16	97
4	89443973	12	107
4	90300818	15	83
4	90629497	17	89
4	90660904	11	87
4	90861351	16	80
4	91654789	24	105
4	91757871	15	92
4	91759567	11	74
4	92578844	11	76
4	93057860	8	89
4	93408124	13	76
4	93474651	12	92
4	93535321	8	75
4	94066725	4	74
4	94318723	9	107
4	94426406	10	95
4	94667811	5	102
4	94717708	5	87
4	9633347	10	71
4	97024773	10	115
4	97234822	18	92
4	98173503	5	119
4	99149119	2	66
5	100013206	7	75
5	100019832	16	96
5	100390107	6	66
5	100666988	19	96
5	101002832	10	99
5	101078848	12	64
5	101657828	23	94
5	101904860	7	93
5	101906038	10	100
5	101906059	9	98
5	102560675	8	88
5	103889021	12	81
5	104042322	14	82
5	104172162	9	96
5	104176113	17	89
5	10513984	5	83
5	105234287	10	90
5	105288980	14	108
5	105353863	16	111
5	10563350	9	70
5	106027520	14	76
5	106641721	17	82
5	10842944	12	84
5	10855107	17	86
5	108919213	4	84
5	110198660	18	79
5	110710409	14	105
5	110743590	27	89
5	110862087	14	92
5	111239708	14	95
5	111437227	12	87
5	111974576	13	91
5	112515578	15	73
5	114639842	18	93
5	115721354	20	87
5	11703801	12	91
5	117331404	8	111
5	118299556	7	88
5	118479332	9	91
5	118623495	11	95
5	119173708	8	45
5	120250648	9	84
5	120842980	17	100
5	121176425	17	106
5	122379490	10	128
5	12259128	16	105
5	123140201	12	79
5	123268997	9	91
5	123474527	10	84
5	12380460	8	110
5	124068199	21	100
5	124077178	20	102
5	12423000	10	95
5	125012870	12	87
5	125015215	18	93
5	125966046	17	79
5	127196248	15	78
5	130222888	8	91
5	130466919	12	88
5	132840645	10	67
5	132983044	5	39
5	134886789	11	65
5	134968360	11	88
5	135421958	16	95
5	13636157	10	72
5	136512035	7	100
5	136648522	14	93
5	136648538	17	97
5	137127829	11	91
5	13785239	10	72
5	140322991	12	61
5	142916568	10	84
5	142957869	10	79
5	143274378	11	59
5	145105778	11	79
5	145712114	12	104
5	146238017	10	61
5	146317492	21	66
5	146321802	14	78
5	14653812	20	91
5	148171228	20	104
5	14827374	13	72
5	149051536	5	113
5	14925531	9	85
5	149811572	14	82
5	150754593	6	85
5	150987473	10	92
5	1509880	6	105
5	152418678	14	112
5	152497195	8	91
5	153451413	6	102
5	153540453	24	94
5	153625311	6	105
5	153677533	23	114
5	153959685	16	86
5	154113059	13	86
5	155739297	8	94
5	156137417	9	106
5	156168736	13	103
5	156371307	16	90
5	156372196	16	104
5	156736082	19	95
5	157936971	11	61
5	158337142	11	91
5	158844278	9	92
5	159089576	20	77
5	159224375	13	94
5	160537413	14	94
5	160976765	4	82
5	161423082	17	99
5	161535391	7	92
5	161744167	18	115
5	16199131	21	95
5	161997375	11	92
5	16274688	10	81
5	162780921	13	85
5	163449076	13	79
5	163737139	19	103
5	16386848	7	86
5	163940472	18	93
5	164108418	18	111
5	16423081	6	113
5	164683294	13	74
5	165293500	15	89
5	165680333	12	86
5	166279387	21	114
5	166575691	9	88
5	169424631	15	97
5	169618982	10	102
5	16967519	5	70
5	171033665	11	85
5	171487878	7	86
5	171515455	11	99
5	172039344	9	75
5	172722351	10	105
5	174735335	12	65
5	17491163	17	76
5	176429670	14	57
5	176587458	18	75
5	176745846	6	82
5	177841238	17	75
5	178746742	8	89
5	178817103	9	84
5	179033107	11	75
5	17927241	17	96
5	179698375	13	71
5	180666059	8	79
5	18811070	10	74
5	18970892	15	90
5	19523836	12	88
5	19561336	15	98
5	19640799	16	97
5	19854433	9	96
5	20416641	18	84
5	20525568	11	81
5	20568431	14	74
5	20629617	12	97
5	20673630	13	100
5	20734393	20	96
5	20740881	11	87
5	20800735	16	119
5	20808646	12	81
5	21145772	9	81
5	21574715	15	107
5	21840109	8	98
5	21850333	15	87
5	21897196	22	87
5	21899584	9	98
5	21939903	14	77
5	21978234	19	78
5	22220396	8	114
5	22789735	6	90
5	23186666	11	71
5	23359112	17	76
5	23513981	5	100
5	24642131	10	78
5	24841414	5	99
5	25006634	15	104
5	25405009	15	76
5	25577449	15	116
5	25761047	9	106
5	25882562	10	99
5	25932798	16	97
5	26093655	14	67
5	26143225	14	81
5	26526840	12	87
5	26618251	12	114
5	26804988	13	98
5	26894080	18	103
5	27060803	15	71
5	28743748	19	83
5	28908043	17	82
5	30301896	12	100
5	30333162	16	79
5	30419237	7	94
5	30633205	7	100
5	30828341	11	82
5	31327260	11	99
5	31374638	8	74
5	31386490	8	93
5	31885932	9	68
5	32074187	17	70
5	35064116	12	81
5	35182858	17	98
5	35537014	11	107
5	35828462	14	80
5	35914354	20	111
5	36063899	18	81
5	3763507	21	99
5	38628800	9	97
5	40672820	21	95
5	40913925	10	82
5	40950481	30	96
5	40980027	5	110
5	41130114	4	131
5	42259449	18	121
5	432975	16	83
5	43680298	22	71
5	44019100	18	85
5	44166738	6	84
5	44166746	6	87
5	44450395	28	87
5	4455931	13	64
5	4469784	13	97
5	44720522	22	87
5	44940660	21	91
5	45200543	14	95
5	45289412	6	102
5	45604390	13	70
5	45694183	9	87
5	45786588	25	80
5	46064019	14	99
5	46116783	13	86
5	4753226	18	91
5	4802921	5	96
5	49745042	4	48
5	50211888	9	76
5	51471041	20	94
5	51522480	5	81
5	51892555	13	88
5	51898821	14	99
5	52340733	12	92
5	52345132	11	83
5	53275392	14	104
5	53325763	12	112
5	53453168	13	99
5	53513295	6	83
5	53919017	16	103
5	54131022	14	92
5	54875869	8	102
5	55485577	11	59
5	5557037	11	86
5	55670351	8	73
5	55791113	17	68
5	56336519	13	96
5	56785694	12	78
5	57807528	12	93
5	58846579	13	120
5	60407193	7	93
5	60413232	11	94
5	60491267	18	90
5	6085726	14	91
5	61095225	7	113
5	61603624	4	103
5	62128494	14	108
5	62927976	15	86
5	63582416	12	98
5	63688992	4	113
5	63732612	16	93
5	64100655	9	82
5	64235679	16	83
5	64381566	16	82
5	66277536	4	103
5	67757385	5	64
5	6809269	10	97
5	6904185	16	116
5	73947612	10	61
5	74005642	5	96
5	7464211	9	113
5	76247672	13	83
5	77968772	14	81
5	78430615	7	66
5	78484030	7	87
5	78809264	12	91
5	79111729	13	72
5	8046683	9	82
5	80697280	12	71
5	8149972	17	80
5	82489108	8	80
5	82902148	5	76
5	82980660	14	92
5	84035588	9	84
5	84415734	13	71
5	84463181	12	81
5	84570303	12	96
5	84571269	12	93
5	84740395	9	102
5	84858093	7	104
5	84921454	17	106
5	84980045	10	92
5	85027058	10	94
5	85039162	13	112
5	85101137	15	109
5	85167021	9	93
5	85300949	9	72
5	85305361	11	86
5	85417554	14	85
5	85550189	9	104
5	85564396	20	106
5	85609411	9	99
5	85830948	3	105
5	85900386	17	108
5	8883878	19	103
5	89427851	12	70
5	89713491	15	68
5	89972260	22	106
5	90392361	9	113
5	91838830	8	107
5	9192184	19	122
5	92691612	18	129
5	92865570	9	111
5	93030183	17	103
5	93556812	20	92
5	93737824	10	101
5	956558	14	85
5	96409731	20	112
5	9656422	19	90
5	97088793	13	101
5	97679110	10	102
5	97708483	10	77
5	97958118	10	94
5	97981664	14	92
5	98061783	11	96
5	98064108	13	110
5	98112781	21	93
5	98274148	12	96
5	98332191	9	82
5	98381305	7	84
5	98412438	14	100
5	9847709	12	112
5	99243409	15	101
5	99667852	17	99
5	99893297	11	90
6	100007013	13	71
6	100063732	16	78
6	10247210	8	78
6	102510666	6	97
6	102604202	16	96
6	103327964	15	96
6	103445862	14	80
6	103593956	16	92
6	104742921	13	78
6	110075092	12	98
6	11018388	6	78
6	110528559	13	93
6	110749935	11	60
6	111294859	11	65
6	111705798	10	88
6	111932606	8	87
6	112065101	18	110
6	113320576	9	78
6	114365845	13	86
6	114387087	21	103
6	114591855	16	97
6	115252497	15	105
6	11540097	7	96
6	11644287	5	94
6	116658701	16	97
6	11877176	13	104
6	119196093	13	102
6	119674494	9	118
6	120472780	16	96
6	120628117	15	101
6	121027013	12	100
6	122989858	13	86
6	123185929	6	82
6	123220274	14	107
6	123263977	6	104
6	123290040	17	97
6	124043551	13	90
6	124273323	14	82
6	124550866	13	86
6	124741702	15	99
6	125193104	13	111
6	125437897	14	100
6	126643700	13	85
6	129317622	16	80
6	129772895	12	97
6	130459586	10	83
6	130481100	18	107
6	130927047	3	90
6	132135689	10	111
6	132319052	11	113
6	133050820	14	115
6	133083061	15	104
6	133267258	15	86
6	133302231	12	87
6	13359719	12	91
6	134654636	13	72
6	135144640	12	82
6	135665646	12	97
6	136380710	5	95
6	136455617	17	83
6	137934636	13	75
6	138243894	12	78
6	139014383	9	64
6	139681642	6	72
6	139700102	16	96
6	140717162	7	117
6	140818380	10	81
6	141892898	20	91
6	142093446	10	85
6	142118335	23	100
6	142331169	13	84
6	142939065	14	82
6	145259758	16	95
6	14557897	13	104
6	145792616	16	98
6	146033054	20	119
6	146490431	13	99
6	147037114	9	103
6	14742725	12	94
6	147690874	10	92
6	14786757	15	108
6	14786785	13	118
6	148557327	17	74
6	148585906	12	83
6	149419120	14	111
6	150841811	4	79
6	151077710	5	68
6	151116252	10	70
6	152570922	5	82
6	152659283	15	89
6	153381433	13	70
6	153467641	10	88
6	153825076	11	91
6	154016743	9	91
6	154271411	9	74
6	155643365	9	83
6	155924725	13	100
6	156620965	4	86
6	156653026	13	83
6	158879234	7	58
6	159535790	7	79
6	160214554	11	93
6	160831672	11	115
6	161365091	10	94
6	162065399	15	99
6	162471315	11	73
6	162774211	6	101
6	162944615	13	81
6	163030157	17	90
6	164017245	14	65
6	164126850	20	89
6	164735567	8	76
6	164888273	13	102
6	164965535	13	86
6	167110919	16	88
6	168100152	18	116
6	16944500	16	68
6	170166994	6	112
6	170227969	6	111
6	170606038	17	112
6	18914482	7	73
6	1923503	13	91
6	199819	10	90
6	19983870	11	103
6	20381072	11	79
6	20444975	8	73
6	20657131	12	88
6	21316369	10	85
6	21936563	8	82
6	22658305	19	95
6	22940519	19	82
6	23531867	16	105
6	23929849	12	79
6	23951690	5	101
6	24647051	15	57
6	26101166	11	83
6	26207409	9	81
6	26247288	6	80
6	2690019	12	110
6	26972799	5	97
6	2715686	17	80
6	27235773	9	58
6	27888103	14	78
6	2841958	5	80
6	3472574	14	83
6	35026305	14	100
6	35563638	12	76
6	36080260	5	89
6	36540005	9	63
6	3704160	11	104
6	37153129	7	67
6	41003252	14	106
6	42195767	12	73
6	42241935	4	101
6	42282577	14	90
6	43073342	9	78
6	43568498	8	68
6	43716059	10	89
6	4402493	5	104
6	44320156	13	77
6	45055375	15	98
6	45242168	5	94
6	45383557	18	100
6	45651049	8	94
6	48228825	13	84
6	48234126	7	98
6	48890869	7	87
6	49076649	13	102
6	49079327	16	75
6	49084196	9	100
6	50041508	11	85
6	50225365	21	87
6	50305137	20	103
6	50415015	6	88
6	50638628	13	83
6	50713414	12	110
6	50916110	13	80
6	51355281	12	89
6	51722381	16	87
6	54201565	16	90
6	54334270	7	91
6	55309739	14	102
6	55458482	16	101
6	55471276	6	107
6	56046201	15	88
6	56072439	16	97
6	5720893	5	77
6	57689359	13	80
6	58116012	3	102
6	58279308	6	71
6	58364212	13	81
6	60439231	9	79
6	61528746	4	88
6	61640338	15	92
6	61709321	13	96
6	61753962	6	116
6	61943204	14	109
6	62188424	28	106
6	62444664	4	80
6	62854944	18	87
6	63002834	14	94
6	63223227	8	97
6	64787968	8	102
6	65024412	15	97
6	65086864	19	75
6	65091181	9	77
6	65176232	16	94
6	65234136	10	100
6	65439451	16	111
6	65472650	8	82
6	65721575	10	77
6	65738899	8	86
6	65764836	5	93
6	66110439	12	119
6	66112487	13	112
6	66392667	13	97
6	66459288	10	103
6	66463684	8	107
6	66470484	17	89
6	66894394	14	109
6	66942478	10	112
6	68478424	10	84
6	68489557	13	68
6	68757522	11	89
6	68954082	4	97
6	69187601	8	109
6	69433336	16	73
6	69513331	11	72
6	69582719	11	72
6	69607707	5	94
6	69636964	17	87
6	70939340	8	57
6	71469042	20	121
6	71516029	11	106
6	71589261	10	101
6	72514296	10	109
6	72581596	14	82
6	72675478	8	83
6	72726435	12	84
6	72823931	14	103
6	72913104	13	87
6	73369821	14	78
6	74004381	8	93
6	74460600	7	118
6	76220467	24	79
6	7661943	10	78
6	76757951	12	92
6	77090067	13	97
6	77099691	11	100
6	77112913	7	88
6	77228137	5	113
6	77242517	14	92
6	77261128	19	85
6	77299993	13	93
6	77400302	15	84
6	77626969	14	93
6	78025126	11	78
6	78174711	21	98
6	79010403	11	101
6	79342972	6	95
6	7964689	14	88
6	80279320	11	93
6	80506183	11	96
6	80520904	9	90
6	80725132	9	94
6	81128179	9	75
6	81476373	11	89
6	81609416	13	98
6	81809059	7	90
6	81845946	22	100
6	82390883	4	84
6	82579327	16	105
6	82650009	11	94
6	83121981	8	99
6	834558	11	90
6	83998653	14	93
6	84404425	16	90
6	84520903	7	122
6	84640635	10	113
6	84822909	9	99
6	85039600	11	88
6	85361950	9	73
6	85722975	9	65
6	86128367	8	97
6	86473748	27	94
6	86491527	5	84
6	87396781	11	86
6	88659467	12	65
6	89043326	10	70
6	89381068	10	94
6	89757275	4	70
6	89875972	13	66
6	90237631	13	94
6	90902991	9	98
6	91052874	16	110
6	91394626	13	95
6	91877157	15	99
6	92092517	11	89
6	92182017	12	97
6	93883085	8	109
6	94631391	16	91
6	94631437	20	88
6	94631612	16	126
6	94631921	16	108
6	94712027	10	91
6	95210640	12	98
6	95468491	6	83
6	96101342	15	104
6	96527972	18	110
6	97863433	13	99
6	98090295	15	92
6	9861371	10	104
6	98766142	7	89
6	99107996	17	91
6	99253959	14	85
6	99637632	8	102
6	99702330	12	96
7	100105093	7	82
7	100246189	6	54
7	100493638	7	78
7	100750378	6	69
7	101412619	8	51
7	101763140	11	75
7	103064142	3	98
7	103707235	14	105
7	104746007	5	101
7	104895162	12	66
7	105438604	15	83
7	106549148	13	76
7	107560774	12	80
7	10776454	14	74
7	107987647	6	90
7	108124965	20	79
7	108131123	4	79
7	108531857	15	74
7	108671566	10	109
7	109200980	15	114
7	109327845	13	112
7	110702532	5	90
7	111404654	20	88
7	11262825	10	73
7	113159111	24	112
7	114458367	15	88
7	114915660	11	74
7	115375619	10	108
7	115532989	14	91
7	116722164	5	117
7	116722223	5	125
7	117762953	18	94
7	117885145	7	104
7	118845041	12	105
7	118853867	6	88
7	119469407	12	98
7	119587964	9	112
7	11967192	13	93
7	119704310	13	92
7	119736416	14	100
7	119778682	19	120
7	120129368	5	108
7	120781865	9	52
7	121397706	12	99
7	121853642	8	93
7	122247104	11	126
7	122911413	17	71
7	123439078	9	93
7	124119818	12	113
7	124356532	8	122
7	124537604	22	96
7	125025669	13	93
7	125197729	22	100
7	125600803	21	105
7	125695942	27	102
7	125752781	6	125
7	126032532	12	108
7	126081380	20	101
7	126129858	27	93
7	126532629	8	80
7	126638089	6	107
7	126884248	19	122
7	127085275	28	112
7	127868225	33	77
7	128445115	19	58
7	128682363	9	58
7	129678709	7	67
7	13005571	11	100
7	130097094	6	90
7	131784296	14	103
7	131824614	26	87
7	132122009	16	111
7	132664334	28	99
7	132778184	13	113
7	132805429	26	79
7	133822782	10	103
7	134634725	22	102
7	135007222	24	86
7	135455919	12	76
7	137352863	11	91
7	137646354	14	101
7	137771103	4	99
7	13835323	10	82
7	138557346	23	87
7	139127602	13	76
7	141034150	13	104
7	14153988	15	91
7	14176382	17	88
7	141937817	16	104
7	141990573	8	123
7	143512457	16	99
7	143940975	18	107
7	144072448	22	104
7	144470621	14	92
7	145617031	5	101
7	145681631	5	88
7	145796964	17	89
7	145897909	23	87
7	146013004	16	78
7	146284548	5	118
7	146695662	7	122
7	146840613	9	76
7	147036524	8	87
7	147450242	12	111
7	147468971	22	79
7	147890413	16	78
7	148575140	20	61
7	148712001	14	100
7	149094883	7	59
7	149550945	34	95
7	149751216	24	94
7	150148837	20	68
7	151174419	23	95
7	151848814	4	129
7	152060845	11	77
7	15365313	12	87
7	153838472	10	98
7	154008664	14	100
7	154090026	11	110
7	154115652	15	104
7	154407073	16	133
7	154658619	12	102
7	154692381	11	92
7	154713619	13	107
7	155096836	13	82
7	15599518	14	106
7	15645991	16	113
7	157656278	17	76
7	157824033	13	117
7	158158021	4	108
7	15843067	8	93
7	158842398	23	108
7	16120112	21	84
7	16921397	10	91
7	17404818	18	90
7	17495955	14	98
7	19079485	13	112
7	19212129	7	84
7	19231599	6	76
7	1928726	17	88
7	21377107	8	94
7	22368646	16	106
7	22566347	9	92
7	22856129	11	81
7	23293923	15	82
7	24752965	22	96
7	26874840	8	115
7	27879953	16	99
7	28199754	13	89
7	28439441	23	97
7	30154995	13	111
7	30467991	5	101
7	30499832	11	82
7	30729931	15	101
7	31062007	20	88
7	31446127	14	91
7	31694297	8	95
7	31944780	18	89
7	31955764	5	110
7	32239138	15	114
7	32320018	16	106
7	32407649	15	81
7	32665585	8	81
7	32917219	9	74
7	33535813	7	92
7	33556325	7	83
7	33804691	8	106
7	34003899	11	85
7	34769418	14	100
7	35352434	12	102
7	35499433	11	105
7	35529218	18	94
7	35688743	14	85
7	36570269	6	91
7	36619634	11	109
7	36749962	18	102
7	37581327	10	101
7	3779460	14	75
7	38823710	7	64
7	39824753	14	79
7	3988404	12	71
7	40151197	6	79
7	40235325	8	73
7	40484595	5	106
7	40569965	7	99
7	41554376	9	108
7	41560762	13	114
7	41963915	14	90
7	42423425	15	95
7	43092568	6	101
7	43192852	10	80
7	43242277	15	97
7	46073760	7	100
7	48020468	11	111
7	49099134	18	105
7	49195020	26	116
7	49329043	9	110
7	49632403	13	86
7	50140252	8	84
7	50176905	10	94
7	50204275	22	99
7	50446682	15	113
7	50627842	15	132
7	511007	10	69
7	5178275	10	58
7	51846080	9	80
7	52247806	11	88
7	52990437	13	87
7	52992122	5	60
7	53369438	11	56
7	53484046	18	101
7	54001515	14	105
7	54069129	16	105
7	54083517	14	83
7	54100440	6	127
7	54675145	14	82
7	56163187	10	79
7	56298051	8	69
7	57350912	9	98
7	57358614	13	79
7	57488762	13	78
7	57520963	7	117
7	57564730	6	106
7	57664451	7	82
7	57738534	16	79
7	57773076	11	96
7	60924648	11	56
7	6147393	17	63
7	62186647	13	96
7	62245691	8	85
7	62340715	7	108
7	62355030	10	95
7	62628721	12	87
7	62743505	6	100
7	62776685	9	81
7	63114479	5	57
7	63226329	13	76
7	63244755	15	74
7	63786162	7	79
7	63881622	4	104
7	63949465	6	100
7	63993945	6	81
7	64124846	12	73
7	65162362	14	79
7	65422751	18	81
7	65916968	10	73
7	66088726	12	64
7	67832351	10	64
7	68343574	11	62
7	68882991	18	68
7	6894579	4	71
7	69402682	9	59
7	69435873	12	61
7	69614791	11	67
7	70880406	9	87
7	712282	5	44
7	71548321	10	71
7	71901903	5	76
7	72847577	8	66
7	74244678	5	22
7	74255531	7	73
7	76058225	11	99
7	77521322	7	72
7	78245620	8	98
7	79276414	16	101
7	7966536	7	84
7	8054456	7	86
7	80828087	11	88
7	80968424	9	80
7	8308372	8	96
7	83258930	11	41
7	83389047	10	85
7	83796297	16	91
7	83817128	15	106
7	83908767	4	95
7	84303593	13	95
7	84482407	5	96
7	84649853	9	108
7	85052099	13	100
7	86859270	14	113
7	88276624	10	79
7	88613319	20	94
7	90227496	15	99
7	91142962	11	93
7	91569877	4	104
7	9185643	14	114
7	93786126	16	85
7	94240639	12	104
7	94641801	23	113
7	94903871	10	82
7	95032473	6	66
7	95419394	13	82
7	97011149	13	84
7	97042883	20	110
7	97346968	12	77
7	97375605	5	55
7	97605258	14	89
7	98610490	9	83
7	98795555	9	78
8	101329035	17	129
8	102213593	33	91
8	102855926	45	75
8	10288544	5	113
8	103065259	15	126
8	103833448	14	124
8	103899074	17	172
8	104517861	12	157
8	104517862	11	161
8	105129658	9	175
8	105394797	9	162
8	105598850	6	181
8	105806178	15	117
8	106025317	6	127
8	106068784	6	127
8	108013824	8	125
8	109350258	5	139
8	109443290	6	145
8	109713603	50	109
8	109751094	62	121
8	109797207	51	82
8	109821794	14	111
8	109931602	43	86
8	110119057	49	97
8	110311347	55	88
8	110484173	55	69
8	110981680	14	106
8	110996497	30	82
8	111171479	9	119
8	111247966	13	151
8	111394042	12	138
8	111634461	66	80
8	111936366	66	85
8	112046010	32	135
8	112071696	74	82
8	112327796	84	93
8	112393548	45	130
8	112517529	75	98
8	112640176	11	154
8	112648121	21	156
8	112734926	20	142
8	112800384	12	153
8	112904822	17	129
8	113120540	60	81
8	113361697	69	90
8	113914583	27	114
8	113947680	20	128
8	114120386	15	126
8	114160578	9	128
8	114552259	16	135
8	114583232	12	175
8	114589454	51	105
8	114712131	26	100
8	114923012	46	94
8	115595325	10	179
8	116044258	14	173
8	116063303	20	148
8	116326440	7	182
8	116490370	129	103
8	116837264	5	188
8	117039210	22	215
8	117040682	32	230
8	117041005	31	236
8	117044058	21	215
8	117044332	26	235
8	117044475	22	232
8	117044766	28	223
8	117045944	18	213
8	117060470	17	218
8	117060506	18	218
8	117060679	20	228
8	117228073	9	192
8	117417493	13	207
8	117855577	10	203
8	117951336	8	223
8	117964127	7	215
8	118310012	11	197
8	118855415	18	198
8	119063423	18	194
8	119288988	12	211
8	119966225	5	110
8	120085948	10	102
8	120104886	10	112
8	121319819	13	95
8	121462814	34	85
8	121736745	41	92
8	122744197	7	119
8	123398093	26	56
8	123853119	39	76
8	124498138	12	81
8	124689538	9	125
8	124878670	8	120
8	125172087	9	118
8	125231873	12	116
8	125953370	6	96
8	126191737	5	91
8	127150291	14	104
8	128120111	12	114
8	129231219	19	106
8	129402211	14	97
8	129434055	10	78
8	130683512	17	91
8	130827679	19	97
8	130937548	17	132
8	131165490	11	91
8	131429112	6	95
8	132342503	12	85
8	13353834	4	90
8	135077428	14	101
8	135147341	16	71
8	13524017	13	62
8	136661590	7	84
8	13723957	16	84
8	137276432	15	64
8	137281282	4	72
8	137494759	10	73
8	13802300	7	45
8	138131019	15	72
8	138779209	15	95
8	13881584	19	85
8	138897570	11	61
8	139396239	15	64
8	139715607	18	91
8	141977119	22	88
8	14351012	14	93
8	143978869	16	66
8	144805863	4	67
8	15018053	9	89
8	16795456	15	78
8	18372429	10	96
8	18590211	15	74
8	19882565	10	70
8	20029659	13	73
8	22174205	15	71
8	23601646	12	66
8	24686611	4	92
8	24874863	6	76
8	26002287	7	75
8	26454761	8	65
8	26724929	14	95
8	27022679	13	62
8	29890732	6	100
8	30267776	16	67
8	3058821	11	92
8	31073290	12	91
8	31570779	16	98
8	31641696	10	96
8	3184104	11	81
8	32138770	14	95
8	32362968	14	85
8	32513842	12	73
8	32631169	9	102
8	32737502	17	85
8	32940370	12	108
8	33046171	11	89
8	33165561	5	88
8	34200853	4	95
8	34264458	17	82
8	34290163	8	94
8	35053873	19	130
8	36135761	15	82
8	36318936	8	98
8	36372268	16	86
8	36452236	14	80
8	36679924	7	95
8	36701077	10	84
8	36709051	15	86
8	3673501	8	83
8	36760837	12	88
8	36887002	13	93
8	3711326	5	75
8	38800318	19	79
8	40019234	9	76
8	4159489	8	82
8	41834672	23	60
8	4203072	24	90
8	42673535	12	79
8	42775962	15	62
8	43266436	10	102
8	4366689	20	80
8	4478781	15	76
8	4491113	15	82
8	46050936	16	94
8	46079832	16	71
8	46134401	8	125
8	46140400	26	116
8	46737141	9	87
8	46923386	13	103
8	46928654	16	94
8	47016559	10	92
8	4786976	9	110
8	4787198	25	82
8	48423527	19	102
8	49229804	18	90
8	49377506	18	88
8	49549236	11	73
8	49678476	8	108
8	49721885	6	110
8	50040660	7	82
8	50172552	11	88
8	50316816	14	81
8	51077141	11	89
8	51281932	14	92
8	51503010	5	79
8	51616231	13	93
8	5163483	10	69
8	5273185	10	66
8	53875459	9	86
8	54756502	9	103
8	54767336	10	90
8	54865715	10	104
8	54958815	13	108
8	55010423	11	90
8	55093874	14	86
8	55919758	7	81
8	56466746	15	86
8	56610058	11	105
8	56791696	17	108
8	57820986	6	101
8	5816232	6	103
8	59220104	12	80
8	60239615	14	117
8	60444655	19	80
8	60715388	6	79
8	60990729	11	102
8	61078498	14	82
8	61910975	27	108
8	62571047	14	157
8	62586902	45	88
8	62786195	15	128
8	63346886	13	136
8	63481383	5	138
8	63492203	11	109
8	63535341	12	146
8	63556523	7	125
8	63556536	8	131
8	63565500	19	146
8	63795113	8	142
8	63994350	5	178
8	64028136	18	143
8	64233818	61	96
8	64363239	12	132
8	65125932	73	84
8	65434420	17	96
8	65471844	32	96
8	65477585	35	82
8	65477914	19	77
8	67029615	14	94
8	67193121	16	81
8	67410925	12	74
8	67565306	63	75
8	68099661	28	107
8	69173556	7	93
8	69233099	23	91
8	69311971	20	84
8	70543583	15	87
8	70543584	15	85
8	71149244	14	111
8	71571339	18	88
8	71862933	71	100
8	71884834	52	86
8	72052558	96	117
8	72121122	14	94
8	72580946	16	96
8	72696130	17	95
8	73055383	19	127
8	73429853	52	78
8	75054632	16	99
8	75103750	10	108
8	75333656	7	92
8	75996348	19	102
8	76177915	17	107
8	76608542	18	84
8	77027877	16	87
8	78326117	42	82
8	78350260	16	126
8	78352015	14	109
8	78352123	18	124
8	79717238	11	170
8	79725089	65	118
8	79930832	15	155
8	80186479	11	123
8	80270947	5	93
8	81006736	20	74
8	81066283	13	81
8	82405158	18	81
8	82717028	11	74
8	83222908	13	81
8	83222909	13	79
8	83291658	21	90
8	84347509	20	90
8	84920874	17	63
8	85498012	21	75
8	86591106	6	84
8	86772880	12	80
8	87035953	14	70
8	87052452	16	88
8	87232772	4	78
8	87465935	13	84
8	87547893	10	75
8	87662798	13	85
8	88009334	10	78
8	88253845	11	90
8	88258783	14	79
8	89576753	6	75
8	91700088	5	84
8	92915805	21	82
8	9406568	5	79
8	94416822	5	134
8	94416859	6	136
8	96120390	13	150
8	96932961	17	232
8	97099551	9	186
8	97717634	15	68
8	97861282	11	112
8	98365205	73	98
8	99043652	32	157
8	99076797	12	160
8	99076799	10	157
9	100774450	15	94
9	100860828	15	97
9	101575916	10	84
9	10171520	4	86
9	102804345	13	94
9	10286743	22	69
9	103461225	15	101
9	103948966	14	116
9	104317883	52	44
9	10444658	7	95
9	104502015	14	76
9	105705983	11	93
9	10596709	8	67
9	10632823	17	80
9	1077018	13	88
9	108855687	22	100
9	109531875	6	82
9	110014377	12	69
9	110287996	9	74
9	11065644	10	79
9	110957918	7	82
9	11266325	7	97
9	113709262	7	104
9	1137982	11	87
9	113807039	9	96
9	113995675	12	106
9	114483197	4	93
9	115147555	17	99
9	116310736	8	99
9	116348495	9	105
9	116798148	9	89
9	117146027	13	101
9	117519631	13	124
9	118424152	14	100
9	118546404	16	83
9	118733943	14	83
9	118980011	8	68
9	1194394	10	76
9	119459178	11	99
9	120083842	19	94
9	12137252	13	82
9	121993731	4	91
9	122723364	13	81
9	123782454	12	83
9	123874384	12	79
9	12517807	15	75
9	125987506	9	86
9	126307314	8	93
9	126406051	7	71
9	126757501	11	81
9	126818600	21	59
9	127323752	6	80
9	128021528	8	67
9	130032752	10	78
9	130928806	12	102
9	13216116	10	72
9	132949005	22	84
9	133026116	8	89
9	13378835	8	74
9	134670576	14	97
9	134923320	13	90
9	135037657	10	91
9	135807101	14	83
9	136061577	8	93
9	136709520	7	95
9	137063923	14	77
9	137078223	7	75
9	137694192	4	34
9	137933374	9	84
9	13865822	10	86
9	14608738	16	102
9	17608348	11	90
9	1985178	9	93
9	20644706	15	66
9	22603364	6	97
9	22622595	10	126
9	22756581	14	104
9	23191624	14	109
9	23528560	14	96
9	24021650	9	98
9	24406483	18	98
9	24421673	17	89
9	24448531	10	98
9	24830606	18	102
9	24957721	7	102
9	25715480	16	102
9	26557335	16	78
9	27018102	12	75
9	27447863	19	98
9	27823957	6	123
9	28503604	16	92
9	28604655	10	85
9	28816544	14	76
9	29143925	14	88
9	29474002	4	108
9	29509688	5	99
9	29551247	10	89
9	29665704	8	113
9	29817533	11	105
9	29822527	13	64
9	29903123	16	106
9	30125366	12	95
9	30332625	4	106
9	30826732	10	104
9	31388690	8	78
9	31715617	17	112
9	31738460	18	106
9	31879879	13	82
9	31998008	6	92
9	32596072	6	101
9	32641935	11	82
9	32653093	8	73
9	32814460	16	93
9	32889202	15	72
9	33081200	7	71
9	33902168	8	72
9	33917886	14	80
9	34903767	9	84
9	36843378	21	115
9	3691707	9	81
9	37078549	18	79
9	3720747	17	102
9	37603665	10	79
9	37900139	3	41
9	40927765	14	265
9	42387236	15	156
9	43042514	13	104
9	43977435	2	33
9	5196580	13	78
9	62812753	8	236
9	63779893	10	58
9	64090306	14	85
9	64814660	10	68
9	65381965	8	75
9	65466113	15	78
9	66323183	7	152
9	66601709	7	210
9	67542935	13	51
9	6832592	10	49
9	69288569	12	81
9	70006994	9	89
9	70396931	12	100
9	73405357	21	44
9	7439915	17	98
9	75244242	11	81
9	77433726	11	92
9	77467701	15	77
9	77568502	8	88
9	78385899	8	73
9	78438930	6	89
9	79418827	13	77
9	80158890	10	121
9	80915397	7	93
9	8268612	10	85
9	84699882	7	76
9	8499609	14	92
9	85422435	16	92
9	86067568	8	77
9	86217398	6	91
9	86321370	11	77
9	87873675	12	96
9	88087111	10	77
9	88388195	7	58
9	89343786	16	107
9	90193781	6	117
9	90748752	12	94
9	94718585	8	75
9	95646573	5	102
9	95698060	7	47
9	97441505	13	97
9	9769372	11	48
9	97712808	9	101
9	98701559	11	89
9	99349487	10	109
10	100751036	7	105
10	101667712	17	96
10	10196986	18	95
10	102043069	5	77
10	102071881	17	85
10	103147983	8	79
10	103381136	7	64
10	10370910	10	90
10	103869294	10	79
10	104414673	6	97
10	104459991	13	95
10	105009378	14	86
10	105194606	18	126
10	105367642	15	99
10	105373201	13	77
10	105977134	24	96
10	106005943	13	107
10	106029029	8	84
10	106208938	12	90
10	106264104	8	84
10	106444856	18	106
10	106579484	8	92
10	106588740	12	66
10	106589805	13	79
10	107227601	19	101
10	107285479	18	108
10	107545843	13	99
10	107585090	13	105
10	107750017	14	112
10	10807908	16	94
10	108110155	10	90
10	108343637	13	102
10	108495271	10	73
10	108496713	13	85
10	108605512	20	87
10	108977754	8	71
10	109282058	10	91
10	109304006	15	86
10	109411692	12	121
10	109739525	6	98
10	110808252	12	99
10	111557101	11	102
10	11177754	11	104
10	112873580	11	84
10	113160589	13	86
10	113182883	17	99
10	113537873	9	70
10	113914855	9	78
10	114218432	10	78
10	114548043	5	80
10	116708761	8	101
10	11697216	13	84
10	117578043	13	98
10	118430336	20	104
10	118799535	7	98
10	118974939	5	90
10	119369055	17	87
10	119392646	19	96
10	120054774	11	92
10	121268284	7	74
10	12160973	11	63
10	121704089	16	79
10	12203282	6	84
10	12230202	7	57
10	122619215	6	113
10	12262171	6	44
10	123072556	17	89
10	123440404	13	95
10	123626652	5	98
10	123651352	12	73
10	124217633	13	93
10	124222026	11	93
10	124671418	11	111
10	125597907	16	97
10	126038026	12	87
10	12686333	6	86
10	127015619	18	72
10	127854562	15	108
10	127870867	15	107
10	128057598	15	98
10	128788471	6	137
10	12947504	13	92
10	129598751	11	124
10	129793333	9	100
10	130308009	15	99
10	130699873	15	91
10	130951330	10	103
10	131159296	19	100
10	131232156	9	115
10	13125038	6	89
10	13153282	8	73
10	131572079	15	98
10	131584806	18	91
10	131648683	9	91
10	131731731	8	95
10	131958004	7	33
10	131997957	7	93
10	13226470	7	74
10	132945897	5	108
10	133317361	3	26
10	14140831	4	97
10	14639737	7	82
10	15005171	11	63
10	15057537	5	79
10	15061575	13	77
10	15489091	10	62
10	16257676	12	114
10	16435020	6	91
10	16523590	17	93
10	17947467	18	74
10	1814175	28	91
10	18654885	14	88
10	18876912	15	79
10	20151187	11	91
10	20199596	5	83
10	20296232	15	75
10	20343521	13	78
10	20393131	9	83
10	20499231	9	95
10	22022496	5	85
10	2253989	19	99
10	22749912	14	73
10	2286151	12	76
10	22946454	11	79
10	23014427	11	102
10	23136938	15	96
10	23342044	7	76
10	23671126	8	84
10	23868532	8	85
10	24257806	5	75
10	25312293	9	80
10	25388484	20	107
10	25420242	9	97
10	26011444	11	94
10	2608785	11	86
10	26346498	16	87
10	26396565	7	93
10	26453358	13	89
10	26466983	10	75
10	28425408	16	65
10	30524597	4	71
10	31256867	6	93
10	32706933	13	79
10	33174354	8	79
10	35023317	10	77
10	35292506	7	68
10	35370440	9	89
10	36010856	13	78
10	36423537	8	68
10	37017505	13	76
10	37099207	16	101
10	37862678	5	101
10	379479	11	100
10	38417828	11	72
10	39042557	5	110
10	39091798	14	81
10	39241900	8	83
10	39468280	9	53
10	39537842	13	65
10	4095160	5	97
10	41818059	9	74
10	42568855	5	101
10	43397162	9	56
10	43612144	5	80
10	43832221	8	108
10	44299006	16	94
10	44511288	13	96
10	46304267	15	121
10	46402148	13	64
10	46833982	10	50
10	48315027	19	81
10	48651261	15	84
10	49328186	12	111
10	49338509	20	128
10	49400820	9	119
10	49542082	12	80
10	50846185	11	76
10	50993654	11	93
10	51076747	10	86
10	51507001	7	102
10	52307847	8	77
10	52878230	7	120
10	53871019	13	98
10	53880914	13	77
10	54123997	7	88
10	54299565	12	81
10	54575474	16	84
10	54899790	14	95
10	54918162	17	76
10	55040907	17	96
10	55175062	19	109
10	55446008	18	98
10	55548788	17	87
10	55751337	18	87
10	55753115	10	86
10	56042419	11	112
10	56102712	13	75
10	57094061	10	85
10	57840552	6	98
10	58197126	6	82
10	60693161	13	80
10	60860046	9	98
10	61078363	13	80
10	61450305	16	99
10	61563566	6	110
10	61829116	22	87
10	64032084	19	63
10	64735498	22	117
10	65858826	11	82
10	65973066	17	85
10	66125016	14	68
10	66446698	18	95
10	67190395	19	82
10	67397782	14	97
10	67768064	15	84
10	69841834	19	93
10	70286877	11	60
10	71018026	21	112
10	71069055	14	122
10	72316288	10	84
10	72765104	8	81
10	72791127	14	86
10	73706287	10	70
10	73944491	11	66
10	75587376	23	103
10	75746618	6	95
10	75804363	12	99
10	76076109	8	107
10	77645204	14	63
10	79386428	12	87
10	80310108	12	69
10	81194373	5	101
10	81768043	13	79
10	81796381	17	88
10	81801691	14	100
10	81932792	13	110
10	82209138	29	107
10	83115603	6	98
10	83538015	16	116
10	84638379	19	90
10	8482407	16	68
10	85077616	14	103
10	8519088	18	90
10	85818725	19	93
10	8703587	21	91
10	87617113	20	82
10	88677238	14	91
10	88769089	16	112
10	88948933	8	101
10	8996573	13	104
10	90069173	9	89
10	90220928	22	112
10	90354239	20	118
10	91711057	23	95
10	91912979	8	100
10	91942978	10	67
10	93098077	10	68
10	93160024	10	76
10	93454043	17	78
10	93813235	12	79
10	94648310	16	62
10	94743896	17	78
10	9832804	8	82
10	98542972	15	88
10	99086554	8	82
11	100440760	11	90
11	100537110	8	87
11	100731984	6	74
11	103624941	17	98
11	103655074	6	109
11	103879329	26	74
11	104253246	16	91
11	104375531	10	104
11	104428179	16	90
11	104549920	12	61
11	104701050	16	92
11	104874552	15	102
11	105192026	5	105
11	105196714	8	84
11	105540460	8	92
11	105763352	18	89
11	106332672	6	88
11	106490704	11	99
11	106520100	7	116
11	106656748	5	88
11	106756502	8	95
11	106886667	14	96
11	107596859	9	71
11	108488532	5	75
11	109223261	13	82
11	109334901	12	67
11	109408679	14	94
11	109465639	13	83
11	109835520	8	108
11	110000412	8	87
11	110021359	7	73
11	110121247	15	89
11	110829720	6	106
11	111317655	5	94
11	112262103	14	88
11	112847801	13	108
11	112901064	9	116
11	114803759	10	93
11	115330223	18	88
11	115601040	19	83
11	116076153	9	102
11	116867162	11	81
11	117118459	11	47
11	117192577	12	96
11	119791666	15	85
11	11980902	7	122
11	120403904	3	99
11	121725676	6	114
11	122173467	6	116
11	122301173	13	87
11	122447948	17	101
11	122739654	15	67
11	122789792	20	101
11	123041335	6	75
11	123291528	9	70
11	123810089	19	79
11	123959258	8	100
11	123983972	9	96
11	124043498	9	80
11	124332994	16	78
11	124359191	8	89
11	124718059	13	94
11	124851354	16	77
11	126087327	8	69
11	127572293	13	109
11	127951569	14	77
11	128005197	6	88
11	128486913	7	133
11	129135630	13	89
11	129809729	10	61
11	129991296	7	69
11	130500301	8	79
11	130990528	11	90
11	131170707	6	112
11	131235510	6	99
11	131491620	11	102
11	13160397	15	101
11	131939976	11	99
11	132003056	6	127
11	132127343	17	101
11	132283962	9	106
11	132382798	13	101
11	132445073	10	111
11	132571221	11	85
11	132790217	20	107
11	133156555	8	90
11	133675942	14	73
11	133784138	11	94
11	135059091	15	102
11	1367073	8	63
11	14274618	22	81
11	14556672	9	93
11	14931592	5	107
11	15381356	6	115
11	15464022	26	105
11	15824134	10	109
11	16025900	5	119
11	16178260	16	119
11	16961238	11	93
11	17038496	5	77
11	1836020	17	90
11	19017686	16	75
11	19082216	13	81
11	19361312	16	111
11	19644338	8	119
11	20410394	14	89
11	20495039	23	85
11	20581862	14	79
11	21170805	13	85
11	2120918	13	112
11	21209183	12	78
11	21258447	9	105
11	21491130	9	115
11	21510900	16	100
11	21528375	15	113
11	21545324	18	92
11	21946210	12	97
11	22029012	6	99
11	22206986	13	91
11	22489411	12	70
11	22645704	8	73
11	23718677	12	94
11	24772300	5	107
11	24997801	10	102
11	25986220	7	94
11	26503439	21	97
11	26655874	21	86
11	27293587	7	37
11	27360748	14	86
11	27484758	14	84
11	28917927	18	91
11	28966087	15	114
11	29086343	4	86
11	29160411	23	118
11	29413016	11	83
11	29578483	6	104
11	29877439	14	83
11	30457128	9	118
11	30873366	8	78
11	31031201	11	95
11	31775635	18	87
11	32074342	18	86
11	331758	16	78
11	33984076	6	75
11	3422824	7	58
11	34467401	13	93
11	34668843	13	93
11	36022329	12	96
11	3603978	9	67
11	37246486	9	86
11	37999126	22	92
11	38217298	8	83
11	38239720	12	72
11	38880583	20	92
11	39206960	7	83
11	39347744	15	76
11	39601911	7	107
11	39687810	12	99
11	40465221	15	77
11	40940215	6	86
11	40952269	6	101
11	41047318	16	88
11	41146439	18	92
11	42623943	17	80
11	43147975	9	110
11	43513871	5	85
11	43562038	19	104
11	44363053	18	114
11	44404781	17	105
11	45417508	11	73
11	46593501	11	67
11	47859372	7	49
11	48035850	16	68
11	4810221	8	96
11	48254937	7	58
11	48434454	5	82
11	48606910	8	74
11	48975501	14	83
11	49241585	7	56
11	49456694	16	91
11	49570190	15	98
11	49742907	5	90
11	49820714	5	101
11	49880445	6	93
11	50173155	8	79
11	5430934	9	117
11	55639778	5	102
11	55651675	12	109
11	55724064	8	81
11	56499941	16	89
11	57410302	11	92
11	58108718	16	93
11	58276352	11	75
11	59326152	7	119
11	59752321	6	85
11	60106764	12	61
11	60215560	4	69
11	60236893	18	92
11	6027319	15	133
11	60790546	8	104
11	62040407	6	67
11	62528340	12	83
11	6278988	12	73
11	63917801	5	85
11	6396432	17	84
11	66367223	12	78
11	67611776	13	73
11	68357934	19	59
11	68400709	8	82
11	69406422	14	114
11	6952197	9	97
11	70226629	6	66
11	70409137	8	86
11	74576121	7	70
11	74689698	9	96
11	75661121	11	73
11	75808036	9	88
11	76520845	13	102
11	76594167	11	92
11	7666163	12	110
11	76788753	23	93
11	77866870	6	90
11	78162902	13	92
11	79149306	15	91
11	79840801	17	89
11	79959727	16	97
11	80001455	19	105
11	80108510	13	104
11	81710002	22	101
11	81727706	5	115
11	81981881	8	79
11	82616445	8	102
11	86769679	8	107
11	87824189	17	97
11	87898270	11	103
11	88239527	4	89
11	88345875	17	94
11	88356350	9	91
11	88772944	12	116
11	88777415	9	108
11	89047207	13	100
11	89053695	10	118
11	89080380	13	92
11	89605295	16	116
11	90713368	16	76
11	90929259	11	80
11	91005289	10	87
11	91164835	8	103
11	91225187	7	103
11	91411476	13	72
11	91534040	8	103
11	91777262	12	102
11	91999034	19	88
11	92002648	12	93
11	92078994	12	97
11	92079001	11	95
11	92247220	8	110
11	9231150	12	65
11	92563474	7	114
11	93074238	6	105
11	93283835	5	76
11	94125767	16	102
11	94309917	20	81
11	94934767	13	103
11	95031640	13	86
11	95631689	14	124
11	95634358	7	41
11	96520061	23	87
11	97227132	15	65
11	97825979	13	102
11	97866168	11	76
11	98203062	8	111
11	98209121	15	81
11	98212867	16	95
11	98681446	16	96
11	99747529	16	59
12	100438214	8	86
12	101030689	9	103
12	10115387	16	72
12	103048263	19	123
12	104599012	10	90
12	109191957	12	81
12	109312118	19	92
12	109836774	15	68
12	110914702	5	62
12	112536442	17	63
12	112788572	10	100
12	112853377	8	103
12	113121736	12	103
12	113245916	10	93
12	113883633	6	114
12	114229597	18	98
12	117439017	7	93
12	118205400	6	45
12	119003465	23	95
12	119110527	15	92
12	119274736	14	83
12	119406128	17	84
12	120260638	4	75
12	120671631	7	79
12	121119333	13	55
12	1218835	12	72
12	124300314	15	87
12	124325956	7	112
12	124958141	15	66
12	125594927	15	82
12	126126378	9	97
12	126726391	20	101
12	126891811	5	111
12	127210417	16	83
12	127243970	11	112
12	127452817	15	92
12	127607004	8	81
12	127696911	8	75
12	127873360	15	67
12	127873361	16	67
12	127982008	6	92
12	128140381	15	107
12	128374094	10	85
12	128536979	19	84
12	128602566	9	95
12	128622884	9	77
12	128701904	10	84
12	128766692	11	72
12	1292484	10	92
12	129377734	19	92
12	129641150	5	101
12	129723367	15	89
12	130312282	17	96
12	131231956	9	59
12	131446435	18	101
12	131838914	13	56
12	132942099	17	65
12	132959329	9	69
12	13510959	13	88
12	13665395	9	112
12	1445691	9	75
12	14602386	14	79
12	15811626	16	97
12	16515668	18	93
12	17468444	12	105
12	17577853	6	115
12	17626509	17	100
12	17720046	8	100
12	17870798	17	88
12	17944195	17	78
12	18079250	9	97
12	18241187	9	101
12	18491367	13	99
12	19292541	17	62
12	19729370	6	89
12	19823507	8	92
12	20758806	6	73
12	21673993	8	71
12	22234120	9	79
12	22586250	11	78
12	23058901	7	99
12	23620930	10	90
12	23631392	13	88
12	24558414	8	91
12	24581098	13	88
12	24633025	11	93
12	26199303	20	91
12	27526501	17	83
12	28739859	12	89
12	28954444	21	89
12	29104378	17	89
12	29256673	6	82
12	29976145	15	122
12	30775617	9	86
12	32000937	10	67
12	32556427	8	75
12	33048691	13	98
12	33093115	11	99
12	33761851	13	75
12	34062550	16	64
12	34144597	7	84
12	34183714	15	90
12	34316585	9	88
12	34354009	15	89
12	34389440	9	77
12	34490736	13	71
12	35607058	5	107
12	37318030	7	69
12	37320751	10	68
12	37381508	10	89
12	37385022	9	80
12	37396361	7	84
12	37765816	13	88
12	38075541	6	72
12	38300864	14	81
12	38535571	12	102
12	38871100	10	78
12	3898657	15	94
12	39494482	11	68
12	40430885	12	101
12	40779779	16	100
12	4080485	17	88
12	40873454	13	78
12	40927253	20	101
12	41240725	14	96
12	41381155	12	93
12	41593418	10	103
12	41823044	13	109
12	4204145	9	100
12	43342037	11	86
12	43898513	10	79
12	44006678	10	99
12	4411269	11	87
12	44409594	10	117
12	44412540	11	105
12	44451767	7	119
12	46387475	10	94
12	46594485	9	71
12	4675472	6	105
12	46785275	11	88
12	46832483	12	124
12	47079576	10	76
12	49447890	6	59
12	50497888	8	88
12	51748304	14	82
12	52179383	10	105
12	52709790	8	119
12	53992450	23	110
12	54579089	17	83
12	54839942	14	108
12	5725143	5	104
12	57607099	8	104
12	57626188	14	89
12	5777961	8	112
12	59632415	17	96
12	60211589	20	102
12	60649199	18	98
12	60801985	9	102
12	61042612	11	48
12	61347259	10	88
12	61416784	9	90
12	61460923	10	95
12	62686878	17	84
12	62728080	17	111
12	62896452	12	107
12	63332759	13	93
12	63977808	5	95
12	65339287	10	87
12	65630627	16	73
12	70161515	13	86
12	70199544	13	95
12	71126754	9	89
12	71597257	11	87
12	72235352	16	98
12	72465516	6	95
12	72530055	18	109
12	72684353	15	94
12	72855902	17	92
12	74245257	24	117
12	74508946	8	106
12	74659998	11	78
12	74842107	18	78
12	754543	8	88
12	76064198	5	104
12	77515621	7	122
12	77613799	16	110
12	77739658	11	98
12	78466751	14	103
12	78796703	14	77
12	79115006	20	79
12	80257126	16	98
12	80433811	11	87
12	81014041	12	100
12	8141968	15	76
12	81702256	17	110
12	82003826	21	87
12	82133787	9	67
12	82459612	13	84
12	82947016	13	80
12	83207273	14	72
12	83383738	19	88
12	83498532	5	105
12	83563293	5	96
12	83607176	8	83
12	83614753	4	91
12	84006191	6	72
12	84214602	18	93
12	84217230	6	101
12	84280764	6	100
12	84580469	8	92
12	84961024	16	88
12	85318159	13	105
12	85379324	16	79
12	85486688	18	103
12	86579997	22	97
12	86642932	16	98
12	87153790	9	77
12	8718176	12	73
12	87214386	9	112
12	87800485	16	99
12	88784850	18	81
12	88888165	12	91
12	90039199	5	113
12	90457308	4	86
12	90501636	10	111
12	91935884	13	102
12	92328415	8	87
12	94161836	17	101
12	94209548	8	104
12	95083664	11	81
12	95385937	11	79
12	96125742	17	66
12	96912839	18	77
12	97072534	10	113
12	97116686	15	93
12	97968351	5	130
12	98139178	15	103
12	99187206	11	73
12	99317168	9	116
12	99491484	17	90
13	102086882	14	86
13	102192581	9	86
13	102689500	14	91
13	103009136	9	104
13	103210657	15	96
13	103299560	15	79
13	103528242	19	67
13	103536082	12	86
13	103943461	4	57
13	104670218	10	70
13	105402665	10	83
13	107734775	9	88
13	109622639	15	70
13	111405163	18	97
13	114016509	13	82
13	18444615	8	109
13	18630454	5	82
13	19223357	8	56
13	22558092	12	66
13	23063911	11	69
13	24047005	15	75
13	26810553	17	65
13	27775821	8	79
13	28001523	8	56
13	28408000	9	81
13	28994992	12	72
13	29170666	11	80
13	29531817	17	90
13	31054844	6	63
13	34457214	17	98
13	34746497	12	60
13	35028574	6	79
13	35958934	10	78
13	36289759	11	77
13	36318205	14	62
13	40250413	16	75
13	41228396	15	58
13	42385760	14	65
13	44159676	6	100
13	45027979	21	54
13	45548085	14	64
13	46423869	13	69
13	47056459	4	97
13	50350078	24	82
13	53210393	12	97
13	53362813	16	82
13	55361237	8	68
13	55378174	13	79
13	55933589	8	51
13	56275951	18	70
13	56782445	6	85
13	57022484	12	77
13	57094951	5	81
13	57114563	5	78
13	57249898	14	77
13	59278000	11	84
13	59798674	15	88
13	63247148	17	67
13	63667537	17	82
13	63913835	7	83
13	64587043	11	63
13	64812037	17	83
13	65051591	8	71
13	65563245	9	91
13	67758948	11	66
13	68054860	13	71
13	70144556	10	97
13	75387893	14	84
13	75977235	20	90
13	76238316	16	73
13	76554684	11	68
13	76694767	14	82
13	78289846	19	106
13	78600464	13	71
13	78890030	9	85
13	79223877	20	80
13	79302457	9	80
13	81899255	15	99
13	83058667	18	72
13	83137312	12	77
13	83613845	8	79
13	85344859	9	59
13	86034972	12	87
13	86286625	9	62
13	86386367	14	75
13	86570740	4	66
13	86609455	10	81
13	86721196	9	66
13	86773908	11	48
13	87175524	16	79
13	88253261	15	103
13	88416059	16	73
13	91260901	8	86
13	91377308	10	88
13	91561097	14	84
13	92430127	9	70
13	94825659	16	69
13	96265926	13	86
13	96417247	22	97
13	99173971	14	72
14	100879984	10	104
14	101065526	17	96
14	101363900	17	92
14	102136311	5	76
14	103406850	7	67
14	103674100	12	87
14	104081048	15	85
14	104629222	15	83
14	105182229	8	99
14	105338127	16	94
14	105443861	14	80
14	18324919	12	132
14	18950781	9	131
14	22805095	6	52
14	22905828	12	64
14	22960018	6	54
14	23037358	4	67
14	23416130	14	71
14	23638051	20	75
14	23726080	11	84
14	24197462	17	64
14	26621838	14	79
14	26646284	15	90
14	27029254	15	77
14	27720846	15	76
14	27865088	7	81
14	27876326	6	88
14	27953706	17	81
14	28237017	18	80
14	28773317	5	86
14	32818840	11	71
14	33022533	20	66
14	33258679	5	86
14	37592034	11	90
14	38571317	10	86
14	38572857	13	106
14	40279230	12	87
14	40283051	18	96
14	40492890	6	97
14	41140784	16	31
14	41484165	14	103
14	41624768	20	96
14	41880803	10	90
14	41996232	16	111
14	42249530	9	24
14	42563036	14	99
14	42841146	14	91
14	42956079	15	94
14	43098468	15	92
14	43344385	14	93
14	43850335	22	87
14	43871166	16	124
14	45705772	15	99
14	45777498	6	67
14	45782368	12	53
14	45902648	17	101
14	45944948	19	111
14	46095040	14	102
14	46556698	8	112
14	46710097	9	96
14	47017077	14	93
14	47226422	19	84
14	47371481	17	79
14	47510658	12	81
14	47771655	12	69
14	47813953	17	93
14	47909369	6	71
14	48327346	11	80
14	48565518	5	107
14	48917730	13	114
14	49043074	14	98
14	49069135	9	88
14	49298888	26	92
14	49479043	18	96
14	49978142	14	80
14	50010447	14	83
14	52816768	7	65
14	53199266	9	80
14	53280784	13	81
14	53620850	15	92
14	53786044	6	91
14	54013560	9	88
14	54057080	11	83
14	54131239	15	94
14	54136561	10	101
14	54170352	12	99
14	54366504	14	96
14	57544650	12	98
14	58640112	5	106
14	58933803	10	92
14	60883501	11	86
14	61733987	13	77
14	63623560	5	73
14	65412549	4	69
14	65527356	14	86
14	66195898	10	86
14	66821456	10	86
14	67122776	6	89
14	68951476	15	81
14	69597361	8	57
14	70162770	10	95
14	70347345	12	93
14	71579973	14	88
14	72138033	15	80
14	72194982	22	105
14	72671200	12	88
14	72853761	11	62
14	73421164	5	56
14	74064312	12	63
14	75112602	11	95
14	75192982	11	54
14	75353522	12	78
14	75376703	5	76
14	77279710	16	88
14	78289702	16	88
14	78535939	13	108
14	79182465	9	97
14	79243293	14	88
14	81849242	13	69
14	82689554	8	105
14	82742836	34	53
14	83620190	11	91
14	83664803	12	85
14	83811218	14	90
14	83836415	19	91
14	84089291	11	101
14	84164059	17	95
14	84923766	17	114
14	85714754	11	101
14	85956326	13	94
14	86273958	13	84
14	86835286	10	104
14	87409303	5	104
14	87758470	14	88
14	88070508	11	90
14	88824411	18	83
14	89519494	14	61
14	90032110	12	97
14	91973911	9	101
14	92514843	17	74
14	92820322	6	98
14	94826503	11	89
14	95961832	16	96
14	96035909	15	108
14	97280148	13	102
14	97310166	13	94
14	97397459	13	110
14	97651092	17	101
14	98171225	15	103
14	98718719	18	87
14	99175291	18	71
15	100002999	7	82
15	100082873	9	79
15	17011283	12	86
15	19886872	13	83
15	20665586	9	311
15	20666864	7	362
15	22854266	14	66
15	23506972	16	87
15	24268847	14	79
15	24295448	20	53
15	24953601	15	78
15	24958472	9	39
15	25209046	14	105
15	25491046	13	98
15	26381162	19	101
15	26525256	17	82
15	33642638	10	116
15	33781208	15	83
15	35657723	17	88
15	35723827	22	94
15	36471524	9	73
15	36597620	7	102
15	37401505	10	75
15	37794319	12	103
15	37867816	5	110
15	41039962	11	75
15	44245411	7	55
15	44267173	8	68
15	44273944	6	62
15	44374116	8	58
15	44391176	10	48
15	44847753	7	88
15	45533296	13	62
15	45802986	9	68
15	46149325	16	77
15	46313204	13	97
15	47878193	11	96
15	48450335	12	110
15	48650096	11	94
15	49052878	13	101
15	49785991	13	81
15	50202519	16	83
15	52722881	10	99
15	52855442	14	86
15	53010066	13	90
15	53035017	12	99
15	53049386	6	86
15	53106889	17	104
15	53762511	13	91
15	54182860	10	96
15	55611102	8	84
15	56417925	11	99
15	56495944	14	90
15	56767337	11	99
15	57025751	9	94
15	58333143	17	96
15	59529516	9	67
15	59540917	5	77
15	59580587	14	64
15	62037006	5	51
15	64036989	11	80
15	65673089	9	78
15	67076564	12	95
15	67630481	9	90
15	67740061	16	76
15	69805632	15	118
15	69854959	24	91
15	71044167	9	87
15	72004328	7	83
15	72836357	13	87
15	74366039	4	86
15	74612439	17	115
15	75237037	13	87
15	76304516	16	75
15	77030474	17	95
15	77416104	11	78
15	78265873	13	78
15	78572673	8	49
15	78593391	12	85
15	79624687	14	104
15	80794703	16	86
15	81366987	7	81
15	81567295	11	85
15	82709937	8	62
15	85582969	15	80
15	86679227	5	105
15	87054559	15	77
15	87351525	15	81
15	88259057	17	89
15	88304098	16	100
15	88680940	4	89
15	88766969	13	94
15	89096798	10	105
15	89236148	12	81
15	90981023	12	76
15	91157757	9	78
15	91174620	15	92
15	91913358	13	101
15	92333548	10	82
15	92899940	9	86
15	94205842	16	96
15	94814060	7	49
15	94936590	14	86
15	95338950	15	92
15	95441836	5	93
15	96325821	10	133
15	96458890	19	102
15	96838290	5	100
15	96899098	19	103
15	96915588	11	102
15	97137097	8	106
15	97321656	11	83
15	98200529	20	101
15	98401930	18	91
15	99161255	9	63
15	99936776	14	91
16	1105685	12	94
16	12897461	16	74
16	12992091	24	81
16	13218371	13	82
16	13302946	19	76
16	13642261	9	73
16	1389641	10	77
16	1542743	15	83
16	1640577	11	80
16	17015706	13	79
16	17669891	6	100
16	17890357	11	88
16	1841481	7	51
16	188993	14	62
16	19215516	5	84
16	20482152	12	82
16	21069119	7	66
16	22584288	10	154
16	22882945	16	82
16	24264258	24	83
16	25123048	17	60
16	25543795	17	97
16	26060069	10	92
16	26151411	12	106
16	26207292	22	112
16	27243301	7	77
16	27514220	22	93
16	28557158	10	69
16	29210952	15	88
16	29671499	6	55
16	30014188	8	76
16	30138452	10	66
16	31355123	12	85
16	31919689	18	92
16	31982997	14	88
16	32513680	12	83
16	33894310	3	60
16	34626334	12	106
16	34904466	6	97
16	35083038	13	73
16	35561137	16	91
16	35775449	11	92
16	35871048	18	104
16	36088683	9	92
16	36132992	12	92
16	36142252	13	92
16	36201868	8	99
16	36240343	12	98
16	36909012	10	115
16	46415925	7	58
16	47600477	9	86
16	47738214	9	80
16	4806349	13	54
16	48503561	16	72
16	48609423	26	70
16	49262286	18	126
16	49800813	11	107
16	49922647	15	85
16	50176302	11	56
16	50279507	9	100
16	50437196	10	95
16	50803398	4	104
16	50859637	10	92
16	50918588	7	117
16	51055573	8	91
16	51101411	16	94
16	5115385	8	66
16	51163654	21	112
16	51214336	20	103
16	51293499	8	104
16	51302083	12	85
16	51304573	4	97
16	51334179	20	85
16	51384265	15	83
16	52496418	18	73
16	53189559	8	49
16	54509943	7	94
16	55769033	16	109
16	5675776	19	76
16	58480331	4	85
16	59458815	13	77
16	5952300	5	58
16	59529220	7	72
16	59602957	16	95
16	59805358	20	117
16	59872531	9	89
16	59924288	23	109
16	59925801	11	105
16	60212494	7	75
16	60457556	13	84
16	60511036	16	98
16	60743903	13	120
16	60765165	11	114
16	60771323	12	137
16	60845870	12	120
16	60910023	32	95
16	60989588	4	132
16	61060618	17	113
16	61219588	8	111
16	61493803	18	95
16	61839537	13	116
16	6252593	21	61
16	63088155	6	120
16	6357812	9	72
16	63675462	12	87
16	63708013	16	106
16	64246585	16	94
16	64446620	15	93
16	64674359	16	85
16	64690726	18	124
16	64928066	8	93
16	65224269	15	95
16	65264238	21	83
16	65311165	14	79
16	6551325	9	70
16	65986920	14	101
16	68477699	16	92
16	69761909	7	86
16	70409535	9	67
16	70469776	14	57
16	7053420	13	78
16	72498599	9	82
16	73050145	14	78
16	7335193	20	65
16	73786068	9	69
16	74783248	14	57
16	75529678	10	56
16	7601844	9	78
16	7800586	9	73
16	79324684	20	83
16	80093088	14	87
16	80147742	10	91
16	80434184	12	84
16	80954268	9	78
16	83684092	18	89
16	83742292	12	82
16	84199492	10	69
16	8425152	6	87
16	84995347	8	69
16	86131830	12	78
16	9138629	11	46
17	10452143	9	85
17	10560086	13	80
17	12292785	5	99
17	13312993	15	87
17	13749004	11	90
17	14385736	8	89
17	14876585	6	90
17	14899927	11	92
17	15516294	6	83
17	15660285	13	67
17	16355370	11	49
17	16946600	12	90
17	17089495	7	106
17	18751001	14	63
17	19984695	11	74
17	21062260	12	72
17	21216488	11	88
17	21264372	5	82
17	21278025	13	96
17	21350974	10	137
17	22086560	8	79
17	22166802	19	85
17	22467799	13	97
17	2250696	5	48
17	22751209	13	97
17	22751219	13	93
17	26773754	9	56
17	2692116	9	45
17	27296543	11	62
17	27554998	8	101
17	27765900	9	89
17	27922367	4	78
17	30427390	10	67
17	32633766	4	65
17	32962697	15	96
17	32978087	10	64
17	33009330	9	72
17	33474565	17	98
17	33508595	14	104
17	33553603	13	87
17	34426937	19	101
17	34905897	4	79
17	35149614	12	79
17	35728369	13	86
17	3997186	14	67
17	42257430	11	92
17	43474268	14	67
17	44261554	10	81
17	44442124	7	31
17	44814891	12	68
17	47285161	15	111
17	48744323	6	95
17	49767835	13	89
17	50097524	12	79
17	50630265	13	73
17	52397952	20	73
17	52993039	6	70
17	52999156	13	111
17	53031724	7	120
17	53071446	4	90
17	53586514	11	83
17	54845591	15	75
17	5497778	11	69
17	55757608	8	103
17	55851475	8	89
17	56331605	17	101
17	58637073	6	64
17	59648625	9	71
17	61138281	5	101
17	62368088	15	69
17	62407250	10	73
17	63853515	11	68
17	65400905	8	58
17	65794035	10	110
17	65794036	11	108
17	66877220	5	102
17	67436208	9	61
17	68015233	6	58
17	69222497	10	96
17	69746912	14	100
17	70246878	15	78
17	70806899	3	100
17	7173920	5	62
17	72216419	20	87
17	72238362	4	101
17	72661306	11	102
17	72827136	13	92
17	72828054	10	95
17	73480770	7	87
17	73588879	14	90
17	74164573	11	73
17	76251333	10	67
17	76384351	6	50
17	77666653	9	77
17	78051748	15	85
17	78437677	6	77
17	78541980	16	79
17	78838042	11	70
17	79002475	20	57
17	79015310	14	82
17	79209546	4	107
17	80611769	15	63
17	81802185	12	73
17	81879293	12	73
17	81942349	11	89
17	82081650	12	98
17	82216401	21	81
17	82393512	14	86
17	82511061	7	69
17	82655518	11	100
17	82910607	13	111
17	9099257	4	62
17	9952940	8	69
18	1060320	6	31
18	12304757	8	63
18	13360588	10	90
18	14105334	3	87
18	1914860	16	81
18	19187575	6	54
18	2138202	9	59
18	2162333	18	82
18	22521037	8	83
18	23469426	5	27
18	2440287	4	97
18	25333316	15	53
18	27041446	16	86
18	27678661	14	66
18	28600844	17	91
18	29083926	14	92
18	29379269	12	100
18	29478514	11	79
18	29700428	14	71
18	30634299	12	71
18	30746784	12	73
18	30782742	19	93
18	31173764	10	77
18	31179569	6	71
18	31323752	10	65
18	33565492	16	72
18	33967737	17	90
18	34573098	9	88
18	35709165	11	69
18	37801789	15	73
18	37802017	18	74
18	39047482	18	108
18	40783725	7	64
18	40797326	16	95
18	44598663	19	85
18	44767043	17	75
18	45260878	14	95
18	46915794	6	65
18	48221426	11	57
18	4871287	4	72
18	49670913	9	76
18	50029347	22	77
18	5016476	12	100
18	52153184	7	79
18	52561297	12	83
18	5311742	17	71
18	53411617	6	87
18	53541927	12	79
18	54447909	15	75
18	54455204	13	74
18	54931270	18	78
18	55156342	12	89
18	55977244	9	94
18	58016124	11	75
18	59630215	10	70
18	59935200	10	56
18	60197011	6	106
18	61239466	21	88
18	61239605	24	102
18	6147768	8	69
18	61761719	8	87
18	63358506	11	66
18	6340420	22	69
18	63777933	13	58
18	64607442	7	64
18	65633852	15	74
18	65652598	16	95
18	65970498	20	85
18	66771290	10	77
18	67882213	15	92
18	70447090	15	61
18	71969882	12	77
18	72202839	17	78
18	72620739	13	72
18	72697499	18	69
18	75083201	12	102
18	76896537	5	91
18	7712978	12	70
18	77200660	6	76
18	77677007	22	73
18	78476228	19	79
18	78828502	17	90
18	78828506	19	90
18	79804304	15	73
18	80232512	10	86
18	8307083	11	97
19	10633655	11	61
19	13895643	5	84
19	14288411	11	61
19	14756096	9	64
19	15102231	15	65
19	15775186	12	83
19	16635899	9	47
19	1686173	14	80
19	17630156	6	52
19	17650715	10	55
19	18135387	10	73
19	18780294	9	82
19	19046121	6	82
19	1946370	5	67
19	20040899	8	74
19	20562383	13	71
19	21506195	18	55
19	21932848	14	106
19	22458093	5	76
19	22627095	10	65
19	22846293	5	85
19	22846391	10	79
19	22869146	8	67
19	22871442	4	37
19	23596655	7	70
19	23697920	4	64
19	23709129	8	62
19	24347962	10	177
19	24377288	8	180
19	27321870	13	90
19	27357333	9	269
19	28034757	13	119
19	28595188	12	83
19	28790024	12	91
19	28798130	11	79
19	29323704	13	105
19	29402844	5	91
19	29453114	10	80
19	30113958	11	84
19	30395058	11	81
19	30714613	13	83
19	31420133	16	100
19	31951614	15	92
19	32065643	10	86
19	33897786	5	73
19	3659626	5	78
19	38730107	7	79
19	39161475	16	63
19	39247904	17	78
19	40691505	12	73
19	40913589	8	84
19	40913590	8	83
19	42023107	5	71
19	44023499	21	99
19	44414307	17	86
19	45459519	10	65
19	45632369	5	76
19	46948840	9	71
19	47962619	7	41
19	48059289	8	64
19	48738958	8	47
19	4878240	7	63
19	49016349	13	76
19	5017425	10	59
19	51427638	10	89
19	51850644	6	80
19	52173087	9	51
19	52520829	11	77
19	53251881	15	87
19	53614562	4	54
19	55932803	15	81
19	56011568	8	74
19	56866760	10	63
19	56901300	9	62
19	57303468	10	82
19	5764292	4	56
19	58223791	12	72
19	58392132	11	91
19	6381372	5	71
19	6455061	11	78
19	6833998	8	71
19	704965	9	67
19	7520351	10	51
19	7695398	12	69
19	7873341	9	62
19	8447808	6	64
19	8592227	6	72
19	8976959	9	81
19	9015785	9	45
19	9455524	15	74
19	9665456	16	59
20	10957248	16	109
20	11213198	5	93
20	11679310	12	89
20	12349186	9	94
20	12380827	22	103
20	12485558	10	83
20	12642631	15	96
20	12663317	7	97
20	13004411	7	114
20	1395486	14	89
20	14752876	10	95
20	14871313	5	94
20	15082763	17	103
20	15741285	10	73
20	15931723	18	95
20	16589999	15	91
20	16793227	13	89
20	16902903	16	75
20	1696582	6	103
20	17011579	14	93
20	17011642	10	69
20	17028965	15	110
20	17570694	10	112
20	18277922	12	74
20	19174336	13	95
20	19418948	17	90
20	2006094	15	117
20	20766328	9	81
20	20905657	9	106
20	21515597	11	71
20	21983472	7	102
20	22586416	10	117
20	22799334	11	98
20	23027028	11	113
20	2366798	13	87
20	24293978	7	120
20	24436179	15	104
20	24559726	14	81
20	24810458	14	103
20	24846511	8	108
20	24987374	11	123
20	25952545	11	66
20	2613263	11	75
20	26304767	10	92
20	2728521	9	84
20	28934622	15	86
20	29049503	12	79
20	29411300	10	109
20	29497544	9	99
20	29860797	7	185
20	30286078	16	96
20	30415386	13	347
20	30854775	18	91
20	30889739	8	72
20	31760973	7	79
20	33200159	10	76
20	33494679	8	60
20	34048499	23	73
20	34468998	8	80
20	36016452	5	83
20	36089631	6	75
20	36415305	11	74
20	36417689	10	82
20	36980690	11	54
20	3740159	9	78
20	3749872	5	80
20	37936810	16	79
20	38154002	11	80
20	38829713	19	83
20	38884898	12	72
20	39183274	5	135
20	40144688	19	107
20	40208526	13	95
20	40640224	14	91
20	4072763	10	78
20	41871952	11	60
20	42793615	18	130
20	43258986	16	75
20	43385142	10	57
20	4363867	8	101
20	4364479	12	94
20	43972278	24	105
20	44851220	13	77
20	4529121	19	79
20	46009587	13	79
20	46026502	12	101
20	46076786	14	102
20	46783727	7	81
20	46909744	8	101
20	46922008	19	97
20	47154628	6	73
20	47191402	13	87
20	47485338	7	57
20	47905693	10	84
20	50313720	7	96
20	50652609	12	40
20	50666914	9	63
20	51293292	13	108
20	51460053	21	90
20	51685033	13	63
20	5449616	9	87
20	54523740	19	74
20	5465672	8	73
20	5484860	13	73
20	54903329	9	93
20	55220758	10	75
20	55244932	8	83
20	55531278	15	100
20	55549360	8	71
20	55623585	13	102
20	55882441	11	72
20	56119869	16	104
20	56436846	8	79
20	56542634	5	60
20	57279687	7	116
20	58198068	14	86
20	58471101	15	77
20	60437657	9	92
20	61006087	11	101
20	61737430	21	105
20	61920704	8	70
20	62586117	9	110
20	62836557	7	80
20	63140867	8	87
20	63763228	8	75
20	64316546	11	148
20	6474925	21	95
20	6475450	20	109
20	6599036	24	90
20	6677031	18	105
20	6978878	13	89
20	708348	13	74
20	7255209	16	94
20	7728253	18	102
20	8419159	4	99
20	8555022	13	89
20	894371	6	94
20	9688320	7	98
20	9712149	6	87
21	10727893	9	204
21	13280072	12	88
21	13351953	12	77
21	13419772	27	73
21	13851094	14	92
21	13887285	15	96
21	14025132	11	86
21	15791207	17	96
21	16099817	16	101
21	16326935	9	83
21	18290148	9	95
21	18649517	16	97
21	19062929	17	94
21	20548384	17	106
21	20563087	21	108
21	20845736	14	76
21	20916335	14	92
21	22591977	14	79
21	22684028	5	61
21	22875125	17	89
21	23021682	10	84
21	23382142	5	69
21	24441310	20	94
21	24911416	12	87
21	25128580	13	87
21	25260579	11	83
21	25999635	6	96
21	26457683	17	89
21	27443529	13	97
21	28827700	14	89
21	30475398	19	93
21	30645305	9	101
21	30868472	16	92
21	31063809	15	90
21	32338168	10	90
21	32700322	6	86
21	33562238	6	106
21	33882587	13	85
21	34996516	18	99
21	35386505	17	107
21	36442332	13	84
21	36704193	15	75
21	36868245	13	66
21	37398144	9	67
21	37497990	7	90
21	37700456	9	82
21	37986117	13	80
21	38045431	9	87
21	41329562	16	83
21	41665690	4	105
21	42414578	17	82
21	44398881	9	60
21	45580419	6	96
21	9149025	8	86
21	9749903	22	335
21	9761826	11	241
21	9764416	12	275
22	11948738	7	58
22	11948744	8	56
22	12495287	6	107
22	15749724	13	248
22	16398561	11	82
22	16407778	11	103
22	16422046	9	149
22	16433746	13	193
22	16703242	14	96
22	17830142	17	76
22	19199850	10	71
22	22212409	6	72
22	22258954	13	87
22	23014728	21	83
22	24255457	13	84
22	24395096	6	94
22	25948039	6	106
22	26267089	12	104
22	27096512	8	109
22	27283350	6	99
22	27452623	13	90
22	28570384	9	78
22	30674296	15	74
22	31337577	6	86
22	32753938	5	90
22	33190890	8	87
22	33319256	14	77
22	33744885	13	94
22	35008662	9	104
22	37385030	8	95
22	37869119	10	75
22	38499674	7	92
22	42588556	11	69
22	43200193	21	91
22	43670819	12	100
22	43716809	12	87
22	44309334	9	93
22	44506322	9	91
22	45829225	17	91
22	46745532	4	60
22	47035828	13	108
22	48631959	14	97
22	48642427	11	101
22	48947375	14	69
22	49091532	7	96
22	49231596	11	81
22	49704609	11	94
22	50013902	6	86
