chromosome_index	start_position	end_position	major_cn	minor_cn	total_cn
1	809641	46288814	2	0	2
1	46295824	105586411	1	1	2
1	105586586	125122318	1	0	1
1	145436785	248916508	1	1	2
2	12091	11919816	1	1	2
2	11923231	14458144	1	0	1
2	14458512	69552831	1	1	2
2	69554398	71121758	1	0	1
2	71122439	154406489	1	1	2
2	154406996	157575768	1	0	1
2	157575934	212200604	1	1	2
2	212200740	241917917	1	0	1
3	12690	34429	3	2	5
3	36333	10824958	1	1	2
3	10825045	16150636	1	0	1
3	16150975	20178937	1	1	2
3	20179220	30090406	1	0	1
3	30090707	33928787	1	1	2
3	33928986	37957695	1	0	1
3	37959394	43760449	1	1	2
3	43762469	61583539	1	0	1
3	61584079	119008163	1	1	2
3	119008451	119105571	2	0	2
3	119106255	175740097	1	1	2
3	175740770	198098659	2	1	3
4	72156	189666691	1	1	2
5	44922	39159360	1	1	2
5	39159732	40397809	3	1	4
5	40398972	71777725	1	1	2
5	71778042	75242434	1	0	1
5	75243818	137429017	1	1	2
5	137429350	144981382	1	0	1
5	144981910	181170660	1	1	2
6	149609	14822264	1	1	2
6	14823737	19955075	1	0	1
6	19955283	112195268	1	1	2
6	112195383	113899309	1	0	1
6	113899669	170606038	1	1	2
7	198401	5866533	1	1	2
7	5867397	6960657	1	0	1
7	6961007	121871173	1	1	2
7	121871835	159316846	2	1	3
7	159317779	159325753	4	3	7
8	211532	23471054	1	0	1
8	23479185	23644093	2	0	2
8	23644217	29001060	1	0	1
8	29006558	29565376	2	1	3
8	29565713	33109824	1	1	2
8	33111012	33574823	3	1	4
8	33577593	36560540	2	1	3
8	36561125	38403297	4	1	5
8	38435959	40502376	3	1	4
8	40503532	40773556	1	1	2
8	40774108	48321512	2	1	3
8	48323510	48907871	3	1	4
8	48909924	54958001	2	1	3
8	54958462	55434938	1	1	2
8	55435891	55738518	2	1	3
8	55739075	60043980	1	1	2
8	60044920	62223163	2	1	3
8	62224133	62289281	1	0	1
8	62292685	65390650	3	1	4
8	65393142	65453139	2	0	2
8	65453988	67440672	4	1	5
8	67443221	67812881	6	1	7
8	67813627	71632628	2	1	3
8	71635595	72104291	5	1	6
8	72106942	72885537	2	1	3
8	72889499	73018574	4	1	5
8	73019209	74951904	5	1	6
8	74951987	75602079	3	1	4
8	75602311	77210632	2	1	3
8	77214010	78335742	4	1	5
8	78340067	80625371	5	1	6
8	80626234	94371647	1	0	1
8	94373317	96469828	5	1	6
8	96469878	97553667	6	1	7
8	97558921	97885419	8	1	9
8	97895970	98927725	6	1	7
8	98929466	99958724	9	1	10
8	99981322	100468717	5	1	6
8	100470678	103539278	3	1	4
8	103541180	104671035	5	1	6
8	104671187	105364368	3	1	4
8	105364793	105726570	5	1	6
8	105732918	106396556	3	1	4
8	106397430	110845805	4	1	5
8	110846032	111171830	2	2	4
8	111226161	113586093	5	1	6
8	113587218	115474678	4	1	5
8	115479367	116225799	7	1	8
8	116226338	117153683	10	1	11
8	117158013	119760884	9	1	10
8	119765046	119977828	6	1	7
8	119978207	120257597	5	1	6
8	120257885	122136350	3	1	4
8	122136440	123082069	1	1	2
8	123082193	124598629	3	1	4
8	124600880	125409412	6	1	7
8	125412137	126176571	4	1	5
8	126176767	127727525	2	1	3
8	127728722	128293932	4	1	5
8	128296506	131998115	3	1	4
8	131999969	145044084	1	0	1
8	145044883	145074901	2	2	4
9	57539	4026286	1	1	2
9	4027185	17152649	1	0	1
9	17153203	18887289	1	1	2
9	18887593	22591197	1	0	1
9	22592296	138181722	1	1	2
10	48486	17563806	1	1	2
10	17564782	18359677	1	0	1
10	18360470	20757829	1	1	2
10	20757835	24003160	1	0	1
10	24003479	32224390	1	1	2
10	32225656	34992190	1	0	1
10	34996189	77096869	1	1	2
10	77097710	77565803	1	0	1
10	77566073	91727584	1	1	2
10	91728797	92472490	1	0	1
10	92484511	133621484	1	1	2
11	199813	135075414	1	1	2
12	175764	12097915	1	1	2
12	12099144	12782546	1	0	1
12	12783197	66730981	1	1	2
12	66731287	67346474	1	0	1
12	67346844	110635471	1	1	2
12	110636898	111730246	1	0	1
12	111738303	133248987	1	1	2
13	18455821	72839362	1	0	1
13	72840129	75274432	0	0	0
13	75274800	114343518	1	0	1
14	19784736	21795649	1	0	1
14	21795758	22528564	0	0	0
14	22528875	29581221	1	0	1
14	29582191	30906116	1	1	2
14	30907592	36371490	1	0	1
14	36374343	106882543	1	1	2
15	19790523	101888846	1	1	2
16	34170	3069846	1	1	2
16	3075150	12745588	1	0	1
16	12745613	51461886	1	1	2
16	51464648	59517493	1	0	1
16	59517765	60767998	1	1	2
16	60769099	61110272	2	1	3
16	61113463	71586566	1	1	2
16	71588304	90096867	1	0	1
17	153794	12753498	1	0	1
17	12753680	65264288	1	1	2
17	65264993	66284035	1	0	1
17	66284724	83204151	1	1	2
18	64775	80256731	1	0	1
19	274479	58533199	1	1	2
20	68303	64283878	1	1	2
21	13224688	18683769	1	1	2
21	18686280	18712621	2	0	2
21	18713129	38499352	1	1	2
21	38500772	41514047	1	0	1
21	41514322	42671691	1	1	2
21	42671963	44715290	1	0	1
21	44717189	46681423	1	1	2
22	15513541	50757736	1	1	2
