chromosome_index	start_position	end_position	major_cn	minor_cn	total_cn
1	809641	7502428	2	0	2
1	7506702	29257759	1	0	1
1	29264281	30458668	2	1	3
1	30458879	31248433	1	0	1
1	31249319	38877795	2	0	2
1	38879207	46192671	1	0	1
1	46193691	52598362	1	1	2
1	52601914	53045474	1	0	1
1	53045649	53716501	2	1	3
1	53717213	56299802	1	1	2
1	56300954	60419641	2	1	3
1	60420028	61682379	1	1	2
1	61686070	62250710	1	0	1
1	62250776	67027842	1	1	2
1	67028549	67539960	1	0	1
1	67540869	70099788	1	1	2
1	70099828	70616921	1	0	1
1	70618014	90978635	1	1	2
1	90978976	93122676	1	0	1
1	93129749	110776060	1	1	2
1	110777033	111143432	1	0	1
1	111143875	112108289	2	1	3
1	112109511	113998136	1	0	1
1	113998876	114267413	2	1	3
1	114267725	115028605	1	0	1
1	115029295	121514418	1	1	2
1	121518467	125122318	1	0	1
1	145436785	160837363	1	1	2
1	160839213	161390662	1	0	1
1	161391198	171331209	1	1	2
1	171331820	171760535	1	0	1
1	171762792	173879968	1	1	2
1	173881640	175041126	1	0	1
1	175042311	175867699	2	1	3
1	175868196	176359050	1	0	1
1	176361363	203453356	1	1	2
1	203459557	204105737	1	0	1
1	204106175	207803738	1	1	2
1	207805387	208668507	2	1	3
1	208673244	219735386	1	1	2
1	219735606	220243791	1	0	1
1	220247053	234530505	1	1	2
1	234530573	234983635	2	1	3
1	234983874	236676691	1	0	1
1	236677820	240001411	1	1	2
1	240002037	241882679	1	0	1
1	241882722	242070281	0	0	0
1	242075208	248916508	1	1	2
2	12091	1114437	2	1	3
2	1115232	11886563	1	1	2
2	11891215	14273822	1	0	1
2	14275639	17261758	1	1	2
2	17262003	17335453	2	1	3
2	17336192	19398071	1	1	2
2	19398740	23731927	2	1	3
2	23733929	25270318	1	0	1
2	25273971	28702538	1	1	2
2	28708705	29020245	1	0	1
2	29020469	31472940	1	1	2
2	31474815	34060127	1	0	1
2	34060686	54264658	1	1	2
2	54264942	55149756	2	1	3
2	55150268	55845108	1	0	1
2	55845374	60636123	1	1	2
2	60636390	62092862	1	0	1
2	62099065	68700082	1	1	2
2	68703849	69294564	2	1	3
2	69295761	71153339	1	0	1
2	71153613	100452934	1	1	2
2	100453306	100648211	1	0	1
2	100648418	101850859	1	1	2
2	101851161	102472057	2	1	3
2	102472317	127779028	1	1	2
2	127785795	128237762	1	0	1
2	128238363	134543155	1	1	2
2	134543287	135998114	1	0	1
2	136003605	151229129	1	1	2
2	151229470	151466572	1	0	1
2	151468275	154401008	1	1	2
2	154401152	157045840	1	0	1
2	157049696	176419378	1	1	2
2	176425194	177277480	2	1	3
2	177278643	207072075	1	1	2
2	207072562	207261995	2	1	3
2	207262666	223678427	1	1	2
2	223680101	223880984	1	0	1
2	223883067	227655396	1	1	2
2	227655914	228255031	1	0	1
2	228255456	230165463	1	1	2
2	230165695	230474820	2	1	3
2	230475016	241917917	1	1	2
3	12690	133665	2	1	3
3	136072	4909986	1	1	2
3	4910496	5423389	1	0	1
3	5424119	9241615	1	1	2
3	9245460	10287098	1	0	1
3	10288880	10813354	2	1	3
3	10815088	16145044	1	0	1
3	16145902	20219589	1	1	2
3	20221211	30090737	1	0	1
3	30090984	31630665	2	1	3
3	31641035	33966994	1	1	2
3	33969608	37843990	1	0	1
3	37845061	41588319	1	1	2
3	41588684	42364209	1	0	1
3	42365378	43308946	1	1	2
3	43321105	61599519	1	0	1
3	61604039	72459361	1	1	2
3	72459745	73223085	1	0	1
3	73224895	90295698	1	1	2
3	90296325	91321974	0	0	0
3	91329294	119007593	1	1	2
3	119008163	119105571	1	0	1
3	119106255	136014067	1	1	2
3	136014955	137037140	1	0	1
3	137037387	139413361	1	1	2
3	139413395	140615766	2	1	3
3	140618273	141624811	1	1	2
3	141627211	142772701	1	0	1
3	142772883	152958924	1	1	2
3	152959069	153256384	1	0	1
3	153256898	170987904	1	1	2
3	170991041	172409816	2	1	3
3	172410544	177149331	1	1	2
3	177149948	177435739	1	0	1
3	177438133	178836365	1	1	2
3	178836457	179774745	1	0	1
3	179780515	182693380	1	1	2
3	182694167	186012438	1	0	1
3	186012487	195284175	1	1	2
3	195284693	196929901	1	0	1
3	196930676	198098659	1	1	2
4	72156	4692627	1	1	2
4	4695228	4851176	2	1	3
4	4853378	7830208	1	1	2
4	7831038	9757236	1	0	1
4	9760837	10118752	1	1	2
4	10118985	10338862	2	2	4
4	10339631	25438903	1	1	2
4	25439891	25770351	0	0	0
4	25771449	39455533	1	1	2
4	39455810	42391295	1	0	1
4	42392391	56698567	1	1	2
4	56698987	57005037	1	0	1
4	57006255	68727157	1	1	2
4	68727302	69437273	2	1	3
4	69441766	165166990	1	1	2
4	165167383	166643399	2	1	3
4	166645016	187843928	1	1	2
4	187844980	188615520	1	0	1
4	188618181	189666691	2	1	3
5	44922	8715585	1	1	2
5	8717123	8764583	1	0	1
5	8765032	16618352	1	1	2
5	16618811	17220093	1	0	1
5	17220907	25031880	1	1	2
5	25033353	25173503	1	0	1
5	25174710	28808947	1	1	2
5	28817900	30073792	1	0	1
5	30074848	31523490	1	1	2
5	31524385	31949545	1	0	1
5	31951855	39159360	1	1	2
5	39159732	40457301	2	1	3
5	40457357	56270322	1	1	2
5	56270879	56603676	2	1	3
5	56604419	62141606	1	1	2
5	62142577	62668132	1	0	1
5	62670191	69027621	1	1	2
5	69027963	75551591	1	0	1
5	75562461	131979532	1	1	2
5	131980191	136397753	2	1	3
5	136399142	137617402	1	1	2
5	137617888	145063649	1	0	1
5	145063954	170764989	1	1	2
5	170768917	171424620	1	0	1
5	171436505	174397239	1	1	2
5	174397594	180681234	1	0	1
5	180682638	181170660	1	1	2
6	149609	10293262	1	1	2
6	10293374	11110423	1	0	1
6	11112744	14822144	1	1	2
6	14822264	22017509	1	0	1
6	22017809	39818867	1	1	2
6	39819903	41758400	2	1	3
6	41761178	43272717	1	1	2
6	43273564	44140829	2	1	3
6	44146179	44730971	1	1	2
6	44731331	44977469	1	0	1
6	44978726	77727137	1	1	2
6	77727407	78486433	1	0	1
6	78487581	111661054	1	1	2
6	111662615	112194228	2	1	3
6	112194499	114065288	1	0	1
6	114066947	114386936	2	1	3
6	114392979	149495486	1	1	2
6	149495679	149836861	1	0	1
6	149837058	155190980	1	1	2
6	155192925	155724989	2	1	3
6	155725166	158134065	1	1	2
6	158134598	159014737	1	0	1
6	159015562	162480875	1	1	2
6	162480901	162750938	1	0	1
6	162751849	167087074	1	1	2
6	167089150	170606038	2	1	3
7	198401	1802454	1	0	1
7	1802771	2229917	1	1	2
7	2233301	3292998	1	0	1
7	3293388	4275435	1	1	2
7	4275703	5990117	1	0	1
7	5990656	6972342	0	0	0
7	6972449	22657522	1	1	2
7	22658847	24048049	1	0	1
7	24048660	39667815	1	1	2
7	39669113	40413262	1	0	1
7	40413815	50228447	1	1	2
7	50230076	50805028	2	1	3
7	50805097	55651097	1	1	2
7	55651649	69614739	1	0	1
7	69615138	70732598	1	1	2
7	70733529	76433327	1	0	1
7	76509798	97036307	1	1	2
7	97039921	102436115	1	0	1
7	102436230	121876651	1	1	2
7	121877381	128429608	2	1	3
7	128432560	131760062	1	1	2
7	131762679	152011217	2	1	3
7	152013121	152196590	1	1	2
7	152196610	152534236	0	0	0
7	152536399	152580506	1	0	1
7	152582558	155385648	1	1	2
7	155385700	156840021	2	1	3
7	156841570	157515801	1	1	2
7	157516714	159325753	2	1	3
8	211532	6163851	1	0	1
8	6164589	6401199	0	0	0
8	6401410	22575995	1	0	1
8	22584774	22792109	2	0	2
8	22792646	29006558	1	0	1
8	29009929	33400847	1	1	2
8	33401229	33827991	1	0	1
8	33829881	60010412	1	1	2
8	60012575	62210200	2	1	3
8	62213515	62312285	1	0	1
8	62313979	62449740	3	1	4
8	62452468	65282820	4	1	5
8	65286490	65453139	1	0	1
8	65453988	67812881	3	1	4
8	67813627	69845027	1	1	2
8	69845591	69967761	0	0	0
8	69967806	71001339	1	1	2
8	71001670	71632628	2	1	3
8	71635595	72104291	5	1	6
8	72106942	72885537	1	1	2
8	72889499	73045305	3	1	4
8	73045798	74004109	4	1	5
8	74005936	74955021	5	1	6
8	74955502	77214090	1	1	2
8	77218124	78335085	3	1	4
8	78335742	79034538	4	1	5
8	79035929	79393941	6	1	7
8	79395138	80627883	4	1	5
8	80629058	94371647	1	0	1
8	94373317	94918073	4	1	5
8	94919554	96473337	6	1	7
8	96473982	97421394	7	1	8
8	97422168	98185424	6	1	7
8	98186571	98942698	5	1	6
8	98977636	99958724	8	1	9
8	99981322	100250104	5	1	6
8	100252434	100472779	6	1	7
8	100474273	103539278	3	1	4
8	103541180	104671035	5	1	6
8	104671187	105353591	4	1	5
8	105354102	105744665	5	1	6
8	105747488	110846840	3	1	4
8	110848495	111171830	2	1	3
8	111226161	113550310	4	1	5
8	113551897	115483682	3	1	4
8	115484757	116238657	6	1	7
8	116242799	119104929	8	1	9
8	119106378	119744768	7	1	8
8	119745426	119760884	6	0	6
8	119765046	119940512	3	0	3
8	119941633	121316680	3	1	4
8	121316932	123463782	1	1	2
8	123481198	125405001	3	1	4
8	125408134	125848570	2	1	3
8	125848997	127755038	1	1	2
8	127758483	127992729	3	1	4
8	127992931	128546105	4	2	6
8	128722450	132042511	1	1	2
8	132042950	139100598	1	0	1
8	139101717	139861844	1	1	2
8	139862759	145074901	1	0	1
9	57539	783936	1	1	2
9	785396	930820	1	0	1
9	931815	4024539	1	1	2
9	4026061	14854074	1	0	1
9	14856286	15948969	0	0	0
9	15949679	17401527	1	0	1
9	17402274	18922776	1	1	2
9	18923892	22578708	1	0	1
9	22579238	36169497	1	1	2
9	36169601	36659325	1	0	1
9	36659386	68897911	1	1	2
9	68899735	69300836	1	0	1
9	69301556	71871886	1	1	2
9	71876463	72626737	1	0	1
9	72629368	83758345	1	1	2
9	83758893	84629199	1	0	1
9	84630483	85581762	1	1	2
9	85582393	86619989	1	0	1
9	86621105	87905478	1	1	2
9	87908288	88646034	1	0	1
9	88647381	107336547	1	1	2
9	107338464	107715126	1	0	1
9	107715259	127373856	1	1	2
9	127374233	132899149	1	0	1
9	132899361	138181722	1	1	2
10	48486	5722518	2	1	3
10	5723674	11023453	1	1	2
10	11026902	11679120	2	1	3
10	11679478	14029332	1	0	1
10	14029547	17556968	1	1	2
10	17557635	28779422	1	0	1
10	28781967	34448798	1	1	2
10	34450987	39052775	1	0	1
10	39054733	46091845	1	1	2
10	46092447	49415478	2	1	3
10	49415849	70662378	1	1	2
10	70662675	71846169	2	1	3
10	71847223	77090680	1	1	2
10	77092243	78123091	1	0	1
10	78123251	79556116	2	2	4
10	79556699	85449767	1	1	2
10	85450031	86409608	2	1	3
10	86412894	88678234	1	0	1
10	88680590	91730909	1	1	2
10	91731304	92518109	1	0	1
10	92538574	126843013	1	1	2
10	126843811	127024622	1	0	1
10	127027047	133621484	1	1	2
11	199813	9271641	1	1	2
11	9274240	10230253	1	0	1
11	10231277	15090034	1	1	2
11	15091512	16040911	2	1	3
11	16045623	17385041	1	1	2
11	17385060	17908894	2	1	3
11	17909204	34407894	1	1	2
11	34408097	35503572	2	1	3
11	35503842	47622722	1	1	2
11	47629441	49025172	1	0	1
11	49025204	50081560	1	1	2
11	50083016	55275558	1	0	1
11	55275637	58896327	1	1	2
11	58899838	59317994	2	1	3
11	59319694	72570840	1	1	2
11	72571781	73603073	2	1	3
11	73605559	74712468	1	0	1
11	74714670	94332787	1	1	2
11	94333891	94588727	1	0	1
11	94588820	107250895	1	1	2
11	107251240	110725173	1	0	1
11	110725805	134326955	1	1	2
11	134333510	135075414	2	1	3
12	175764	2771120	1	1	2
12	2772597	3103440	1	0	1
12	3104383	3732529	2	1	3
12	3734661	6076950	1	1	2
12	6078499	9020641	1	0	1
12	9021169	9449471	2	1	3
12	9449515	10099051	1	1	2
12	10099173	10611354	1	0	1
12	10611420	11941541	1	1	2
12	11941706	12943094	1	0	1
12	12944210	14004129	1	1	2
12	14004259	14761625	1	0	1
12	14761851	31104761	1	1	2
12	31107748	40133593	1	0	1
12	40135090	51897570	1	1	2
12	51899716	52801982	2	1	3
12	52802267	63159240	1	1	2
12	63159854	64886939	1	0	1
12	64888569	66748755	1	1	2
12	66749163	67353565	1	0	1
12	67354375	110636898	1	1	2
12	110638018	111890426	1	0	1
12	111890699	114505443	1	1	2
12	114506198	114863100	1	0	1
12	114863352	115807290	2	1	3
12	115807356	128758345	1	1	2
12	128759160	129075012	1	0	1
12	129075411	132697727	1	1	2
12	132698458	133248987	1	0	1
13	18455821	40631375	1	0	1
13	40633926	40940560	0	0	0
13	40941150	72580085	1	0	1
13	72583870	75282903	0	0	0
13	75283346	95247353	1	0	1
13	95247389	95461286	0	0	0
13	95462611	114343518	1	0	1
14	19784736	29554594	1	0	1
14	29554961	30921271	1	1	2
14	30921842	36349046	1	0	1
14	36351184	53454904	1	1	2
14	53456527	54837362	2	1	3
14	54839522	68260789	1	1	2
14	68261762	68765800	2	1	3
14	68767350	72517553	1	1	2
14	72518171	72682736	2	1	3
14	72683494	106882543	1	1	2
15	19790523	24081465	1	0	1
15	24082238	34885306	1	1	2
15	34887442	35442556	1	0	1
15	35443078	50275579	1	1	2
15	50276838	51024073	1	0	1
15	51029489	51382879	2	1	3
15	51383428	53225961	1	1	2
15	53226220	53638965	2	1	3
15	53640554	55293165	1	1	2
15	55293507	57369717	1	0	1
15	57372317	58681506	2	1	3
15	58682705	59944726	1	0	1
15	59945585	61863083	1	1	2
15	61864952	62609657	1	0	1
15	62610296	63081130	2	1	3
15	63081928	69767109	1	1	2
15	69768243	70556849	2	1	3
15	70557058	78364296	1	1	2
15	78367612	78939176	1	0	1
15	78939274	88499236	1	1	2
15	88500210	89072044	1	0	1
15	89073038	92685731	1	1	2
15	92685954	93869333	1	0	1
15	93869702	100852331	1	1	2
15	100852340	101888846	2	1	3
16	34170	3077447	1	1	2
16	3077939	10171317	1	0	1
16	10171513	10930248	0	0	0
16	10931197	12745950	1	0	1
16	12748432	51238448	1	1	2
16	51238972	52912225	1	0	1
16	52916152	53876349	0	0	0
16	53877111	59520393	1	0	1
16	59521110	60767998	1	1	2
16	60769099	61113463	2	1	3
16	61116084	62602050	1	1	2
16	62603573	62905593	1	0	1
16	62911227	64865319	1	1	2
16	64865548	65210715	1	0	1
16	65214189	68465651	1	1	2
16	68474250	70668855	1	0	1
16	70669873	71586566	1	1	2
16	71588304	80905069	1	0	1
16	80905951	81266081	0	0	0
16	81267026	90096867	1	0	1
17	153794	6579348	0	0	0
17	6579726	6786072	1	0	1
17	6786331	10882521	0	0	0
17	10882573	13939359	1	0	1
17	13940247	34945488	1	1	2
17	34946634	51733215	1	0	1
17	51733953	52296417	2	1	3
17	52296845	58508511	1	1	2
17	58510711	63788574	1	0	1
17	63790427	83204151	1	1	2
18	64775	6947363	1	0	1
18	6947577	7415262	0	0	0
18	7416265	31748342	1	0	1
18	31749307	32279752	0	0	0
18	32282496	45694035	1	0	1
18	45696471	46225598	0	0	0
18	46225695	77621906	1	0	1
18	77622365	78773317	1	1	2
18	78774379	80256731	1	0	1
19	274479	15597605	1	0	1
19	15601421	16074300	1	1	2
19	16074378	27622070	1	0	1
19	27622528	32154058	1	1	2
19	32155235	33271395	1	0	1
19	33271696	33429815	2	1	3
19	33430357	58533199	1	0	1
20	68303	5480522	1	1	2
20	5480920	6176865	1	0	1
20	6177388	13597525	1	1	2
20	13600196	14129062	1	0	1
20	14138865	17971136	1	1	2
20	17971261	18681060	1	0	1
20	18681442	51588501	1	1	2
20	51589808	52248131	1	0	1
20	52249654	56315920	1	1	2
20	56315995	57011090	1	0	1
20	57011216	64283878	1	1	2
21	13224688	14262205	1	0	1
21	14263250	18683769	1	1	2
21	18686280	18771823	2	0	2
21	18772222	31083311	1	1	2
21	31084089	32686686	1	0	1
21	32686897	38499352	1	1	2
21	38500772	39232004	1	0	1
21	39232503	39570113	0	0	0
21	39570203	41493397	1	0	1
21	41504473	42620333	1	1	2
21	42621330	44683635	1	0	1
21	44683738	45562557	2	1	3
21	45563077	46681423	1	1	2
22	15513541	17763609	1	0	1
22	17768202	32907578	1	1	2
22	32908115	45678378	1	0	1
22	45684500	50757736	1	1	2
