chromosome_index	position	alt_count	ref_count	total_cn
1	100074297	7	79	2
1	100330620	8	86	2
1	1019494	7	50	2
1	102148015	5	90	2
1	102198135	6	71	2
1	102208073	3	72	2
1	102367443	4	75	2
1	102451404	5	72	2
1	102605541	14	72	2
1	102660091	5	73	2
1	103011535	6	69	2
1	103257908	10	60	2
1	103314133	11	77	2
1	103958860	4	74	2
1	103959992	6	92	2
1	104239279	9	89	2
1	105163910	6	58	2
1	105341794	8	67	2
1	107040587	8	88	2
1	107464505	8	82	2
1	111431036	5	88	2
1	11336741	8	97	2
1	113530265	5	79	2
1	113768950	8	71	2
1	113773291	12	70	2
1	114261725	7	66	2
1	115265515	5	90	2
1	116162760	7	51	2
1	116317840	6	84	2
1	116622999	8	110	2
1	116689217	8	68	2
1	117683687	10	106	2
1	118356083	12	76	2
1	118500600	17	86	2
1	118647930	4	85	2
1	125135436	4	79	2
1	143207484	3	29	2
1	146237362	9	44	2
1	146995714	10	64	2
1	147510279	5	94	2
1	148316561	12	96	2
1	150378246	4	66	2
1	152126508	6	88	2
1	152867494	7	79	1
1	153680946	5	73	1
1	155119151	8	61	2
1	157901023	7	80	2
1	157982631	12	78	2
1	158149851	4	73	2
1	158280134	7	77	2
1	158597179	5	85	2
1	158688772	4	86	2
1	159521924	5	59	2
1	160235324	3	82	2
1	161893104	7	86	2
1	162722888	10	86	2
1	163326004	6	87	2
1	166268237	11	81	2
1	166418991	9	76	2
1	168171711	7	78	2
1	170742653	6	82	2
1	170790239	13	65	2
1	17163492	15	79	2
1	172129089	8	59	2
1	173445351	7	93	2
1	173606381	12	79	2
1	174473321	7	96	2
1	174688461	8	72	2
1	175064582	7	79	2
1	175284231	5	71	2
1	176042487	3	51	2
1	176327865	9	78	2
1	177756918	5	90	2
1	179933993	5	73	2
1	18007900	5	84	2
1	180146885	4	86	2
1	180925570	4	64	2
1	181047960	4	71	2
1	181292169	13	80	2
1	181800134	11	64	2
1	182650202	5	70	2
1	183967011	7	80	2
1	185890180	15	77	2
1	186262483	11	69	2
1	18628387	7	83	2
1	187149330	5	82	2
1	187417342	5	84	2
1	187501236	10	87	2
1	187501252	10	82	2
1	18756479	7	76	2
1	188513789	5	73	2
1	189225739	10	72	2
1	189281571	5	73	2
1	189908293	5	63	2
1	190019542	12	82	2
1	190026113	8	65	2
1	190050737	5	67	2
1	190835146	5	73	2
1	191188040	8	64	2
1	191319533	6	78	2
1	191404320	8	81	2
1	19401517	11	107	2
1	194578332	6	78	2
1	194824831	6	61	2
1	195052015	10	81	2
1	195564703	5	80	2
1	195796844	7	76	2
1	195883685	4	93	2
1	196211612	10	76	2
1	196301507	5	89	2
1	196382350	5	87	2
1	196633953	7	87	2
1	196634423	6	78	2
1	199198352	4	80	2
1	199330933	7	91	2
1	199797063	8	68	2
1	201066762	9	77	2
1	201259134	5	74	2
1	202074869	4	67	2
1	202470861	9	76	2
1	205069574	7	107	2
1	205479843	7	60	2
1	20733284	16	81	2
1	207345183	12	79	2
1	207432795	5	72	2
1	207815180	6	101	2
1	208263710	12	81	2
1	208351633	8	91	2
1	208932840	3	70	2
1	209401298	8	85	2
1	209432854	12	78	2
1	210765587	9	84	2
1	210771257	5	75	2
1	211117250	6	85	2
1	212410366	5	89	2
1	213813971	6	92	2
1	215273786	10	85	2
1	215724531	6	76	2
1	216044395	7	77	2
1	216733599	9	94	2
1	217993177	4	66	2
1	218433342	5	108	2
1	218868779	3	91	2
1	22108024	6	89	2
1	221942805	5	69	2
1	222772499	4	76	2
1	224087894	7	98	2
1	224591370	9	80	2
1	225622613	7	81	2
1	226541817	5	92	2
1	227510375	3	78	2
1	227652172	3	77	2
1	231810422	3	86	2
1	232453235	6	86	2
1	233045996	12	76	2
1	234123624	5	91	2
1	234889660	5	78	2
1	236785059	11	80	2
1	237101196	8	61	2
1	237458858	5	78	2
1	237492888	9	48	2
1	238227225	9	84	2
1	238624894	3	74	2
1	238953912	9	89	2
1	239167439	8	67	2
1	239888861	9	72	2
1	24027137	4	76	2
1	241380436	6	81	2
1	241391215	4	81	2
1	241400916	4	76	2
1	241885080	9	76	2
1	242354336	13	67	2
1	242819251	9	74	2
1	24614253	5	49	2
1	246722085	7	50	2
1	247460069	7	75	2
1	247528043	7	61	2
1	248073081	5	92	2
1	25016182	4	85	2
1	25501331	6	70	2
1	26186467	8	69	2
1	26360647	4	76	2
1	27670223	6	77	2
1	27706580	7	61	2
1	28948413	4	68	2
1	2897317	6	101	2
1	29873261	6	71	2
1	30492269	15	85	2
1	30826475	7	69	2
1	31544519	12	90	2
1	33804035	10	84	2
1	34069061	7	75	2
1	34616495	7	78	2
1	36237823	13	62	2
1	36742528	8	77	2
1	36916544	5	102	2
1	36941439	6	89	2
1	37048423	6	88	2
1	40513389	10	69	2
1	42533768	6	94	2
1	44497709	7	67	2
1	45168501	7	61	2
1	4561144	13	73	2
1	46144584	14	86	2
1	49280739	5	76	2
1	49382701	9	61	2
1	49991324	5	79	2
1	50554388	6	42	2
1	50702937	7	75	2
1	51235591	7	73	2
1	51535567	5	75	2
1	55319231	5	86	2
1	56425055	6	105	2
1	56790229	9	83	2
1	57747547	10	73	2
1	62897913	6	81	2
1	62987355	5	88	2
1	64801749	4	76	2
1	6634525	11	68	2
1	68756830	11	77	2
1	69374553	8	72	2
1	71041197	4	81	2
1	7131606	11	84	2
1	71615344	5	81	2
1	73524658	4	90	2
1	73930392	6	92	2
1	73973420	6	73	2
1	74188742	8	81	2
1	75138805	5	59	2
1	75309274	14	77	2
1	75845639	11	58	2
1	77044327	4	83	2
1	79361917	7	72	2
1	79654923	7	69	2
1	81002095	5	75	2
1	81024415	5	94	2
1	81024680	11	57	2
1	81990916	7	90	2
1	82197420	9	84	2
1	83253424	5	69	2
1	84071518	4	63	2
1	84976635	4	78	2
1	85383064	11	90	2
1	85944824	10	62	2
1	86160538	5	77	2
1	86593057	8	90	2
1	87350208	4	83	2
1	87572709	6	76	2
1	87867072	4	70	2
1	88207233	9	78	2
1	89869667	9	75	2
1	89903945	7	92	2
1	9048827	4	68	2
1	92080699	6	66	2
1	92537807	6	70	2
1	93961953	5	105	2
1	96584708	3	84	2
1	97086264	13	96	2
1	97164999	7	81	2
1	97485518	7	89	2
1	97601768	4	83	2
1	97805532	5	78	2
1	98887243	12	78	2
1	99469539	4	64	2
2	101245764	6	67	2
2	101459894	4	83	2
2	102258065	5	90	2
2	102395417	4	87	2
2	102895199	5	97	2
2	103001256	4	86	2
2	103550094	5	68	2
2	103632850	13	77	2
2	103644877	6	77	2
2	103873408	4	90	2
2	104144182	8	69	2
2	104153362	7	72	2
2	104153445	6	76	2
2	10437879	3	82	2
2	104705861	7	66	2
2	106087491	13	66	2
2	10646940	8	67	2
2	106581114	16	105	2
2	106950030	7	92	2
2	107978463	7	84	2
2	109330937	6	81	2
2	112773230	4	83	2
2	112956278	18	94	2
2	113175719	7	69	2
2	114306299	4	72	2
2	114388770	7	80	2
2	114663151	5	63	2
2	115241130	5	74	2
2	115397346	5	87	2
2	115622317	6	59	2
2	115713253	7	79	2
2	116233230	5	78	2
2	116257837	7	81	2
2	116995951	6	86	2
2	117073137	10	58	2
2	117079664	4	72	2
2	118940965	9	73	2
2	11941035	7	102	2
2	119620455	8	95	2
2	120243262	4	88	2
2	120779048	5	76	2
2	121572809	6	80	2
2	121653954	7	55	2
2	122384136	9	82	2
2	122790827	4	80	2
2	123137899	7	73	2
2	124981510	9	76	2
2	125247748	6	73	2
2	125592193	5	72	2
2	125948976	7	87	2
2	126265030	7	88	2
2	126437833	11	54	2
2	126440409	6	66	2
2	126693108	7	75	2
2	126711364	4	88	2
2	127041576	4	82	2
2	127524847	7	61	2
2	127578318	10	76	2
2	128045543	15	59	2
2	130875244	11	92	2
2	13095955	6	75	2
2	131089974	12	65	2
2	131171277	8	64	2
2	131329789	9	97	2
2	131652248	11	78	2
2	132101513	6	67	2
2	132913698	7	83	2
2	135077343	8	73	2
2	136509925	8	78	2
2	136610540	7	67	2
2	137101715	10	76	2
2	137626245	7	75	2
2	137857499	11	85	2
2	139025592	6	66	2
2	139444360	8	71	2
2	140689956	6	65	2
2	140731235	5	68	2
2	141006551	7	76	2
2	142705476	5	73	2
2	142782217	11	67	2
2	143140421	5	96	2
2	143534182	6	82	2
2	144671812	5	82	2
2	145960929	5	88	2
2	146458102	9	70	2
2	146550394	9	70	2
2	146650091	5	80	2
2	147168438	8	73	2
2	147458156	7	106	2
2	14784836	6	84	2
2	148474517	4	93	2
2	148510227	8	84	2
2	148560331	7	77	2
2	148592929	4	57	2
2	149290616	5	75	2
2	149439284	5	80	2
2	14967934	9	94	2
2	150311570	7	82	2
2	151308036	4	69	2
2	152571744	4	68	2
2	152969930	12	82	2
2	153596376	11	69	2
2	154754340	6	82	2
2	154846802	3	79	2
2	158460709	5	83	2
2	158513581	12	87	2
2	158870352	8	80	2
2	158962894	16	55	2
2	159690985	7	75	2
2	160792935	3	70	2
2	161051354	5	91	2
2	16114040	11	69	2
2	161542404	7	79	2
2	161553025	10	61	2
2	161878842	5	70	2
2	162198207	7	90	2
2	162978248	9	80	2
2	163224445	5	85	2
2	163970650	4	72	2
2	166949357	4	80	2
2	167201518	4	89	2
2	167296310	4	75	2
2	167779256	6	82	2
2	170351744	5	72	2
2	171225511	6	67	2
2	172104510	8	96	2
2	172339534	17	82	2
2	173164788	5	82	2
2	173266661	4	89	2
2	17496608	10	76	2
2	178651745	5	82	2
2	181186284	12	79	2
2	181384339	6	70	2
2	181702406	5	76	2
2	182089855	6	74	2
2	184648009	3	89	2
2	184867462	7	83	2
2	184901070	4	75	2
2	185043881	5	88	2
2	185190334	8	73	2
2	187207853	10	78	2
2	187258085	10	76	2
2	187571541	6	77	2
2	188209115	5	90	2
2	188434092	7	77	2
2	188748520	6	73	2
2	188774775	6	82	2
2	189533940	10	69	2
2	191024595	7	94	2
2	191492037	10	72	2
2	192347360	4	94	2
2	193263320	7	67	2
2	19595234	6	86	2
2	19759249	9	103	2
2	198419649	8	86	2
2	198648011	8	84	2
2	198688579	4	86	2
2	198758078	6	52	2
2	198945233	6	92	2
2	199300730	4	73	2
2	199501617	4	90	2
2	200220004	4	80	2
2	20228456	14	76	2
2	202555816	6	80	2
2	202767229	10	55	2
2	203081874	7	73	2
2	205548604	3	78	2
2	20783622	7	85	2
2	207949784	8	64	2
2	208079588	5	70	2
2	209052575	5	83	2
2	209229620	5	106	2
2	210898702	7	76	2
2	211151741	11	73	2
2	211548942	4	85	2
2	212739659	12	84	2
2	213437873	6	74	2
2	213488797	7	83	2
2	213540813	10	87	2
2	21362035	5	107	2
2	213747774	5	65	2
2	214208772	15	78	2
2	214489447	9	89	2
2	215165784	9	54	2
2	215196067	9	79	2
2	217295524	5	75	2
2	218951284	9	68	2
2	21945394	8	79	2
2	225122544	10	87	2
2	225334887	6	72	2
2	227673044	12	73	2
2	227730890	12	68	2
2	227891688	8	77	2
2	22795233	8	96	2
2	228007486	6	69	2
2	22846893	10	73	2
2	228754673	10	87	2
2	229282010	11	87	2
2	230210827	6	70	2
2	23043399	11	75	2
2	23066028	15	79	2
2	230876771	6	78	2
2	230968321	5	70	2
2	232022018	8	87	2
2	232443864	8	59	2
2	232917669	7	86	2
2	232933024	12	66	2
2	233238835	6	72	2
2	234037763	7	54	2
2	234757429	11	58	2
2	236211785	5	85	2
2	236539692	10	71	2
2	237891371	8	72	2
2	238797376	4	89	2
2	239435391	12	85	2
2	240729651	12	89	2
2	241337286	5	73	2
2	24608665	6	68	2
2	25304313	4	78	2
2	2548478	10	69	2
2	25679358	6	80	2
2	26128209	14	91	2
2	2730476	11	82	2
2	2805463	15	85	2
2	2842708	12	77	2
2	28995693	10	69	2
2	29697923	6	78	2
2	32487640	6	81	2
2	32609908	8	69	2
2	33403653	8	76	2
2	33693990	4	90	2
2	34221367	8	97	2
2	34299174	5	30	2
2	34821738	11	75	2
2	34883352	8	89	2
2	35036801	10	77	2
2	35104513	8	89	2
2	35344503	9	74	2
2	3554343	3	91	2
2	36495486	5	69	2
2	37329306	7	93	2
2	37819144	9	92	2
2	39746098	5	96	2
2	40339340	6	97	2
2	40517936	9	83	2
2	40794306	5	84	2
2	4096464	12	84	2
2	41334919	13	77	2
2	4242480	4	99	2
2	42436717	12	80	2
2	43836636	7	96	2
2	43851736	11	79	2
2	4416961	8	86	2
2	44570740	6	75	2
2	4479283	6	92	2
2	46285505	5	91	2
2	46736572	13	79	2
2	47690895	7	56	2
2	48151283	9	86	2
2	48230464	5	85	2
2	48984241	13	85	2
2	49044332	17	70	2
2	50470997	10	83	2
2	51659465	6	74	2
2	52045718	9	87	2
2	52444657	16	82	2
2	52631835	6	67	2
2	52650262	5	101	2
2	52733000	5	73	2
2	53221158	4	77	2
2	53222207	10	92	2
2	53222208	10	93	2
2	5360351	10	80	2
2	5433154	8	67	2
2	55373124	6	69	2
2	55825246	4	73	2
2	56308014	11	74	2
2	56463042	5	85	2
2	56671862	5	81	2
2	57194872	9	92	2
2	57643217	10	81	2
2	57787308	15	93	2
2	58113751	11	70	2
2	58234315	12	53	2
2	58983437	4	84	2
2	60953103	7	65	2
2	61538395	7	73	2
2	62654251	4	68	2
2	63021137	12	69	2
2	65006325	7	80	2
2	65042342	8	49	2
2	65116	11	88	2
2	65234	13	85	2
2	65507	8	96	2
2	65553	7	103	2
2	65693	6	102	2
2	65800	7	104	2
2	66105224	10	76	2
2	66138488	14	77	2
2	66219251	5	93	2
2	66571996	7	88	2
2	67536288	15	72	2
2	67796325	5	75	2
2	70432690	6	83	2
2	71966907	4	81	2
2	72230615	6	95	2
2	73651891	7	80	2
2	7539032	7	86	2
2	7598248	9	66	2
2	77299370	4	77	2
2	77363614	8	77	2
2	77429976	15	79	2
2	77457755	7	69	2
2	77701478	8	81	2
2	77783410	9	60	2
2	78123396	8	87	2
2	78605175	7	78	2
2	7886413	4	86	2
2	79247130	10	99	2
2	79432515	17	63	2
2	79772310	15	79	2
2	79842512	17	78	2
2	80006466	8	81	2
2	80064053	13	92	2
2	80679525	7	86	2
2	82231792	9	75	2
2	82514779	5	83	2
2	82802349	5	81	2
2	83070777	8	57	2
2	83277801	7	84	2
2	83875720	6	90	2
2	84824276	7	85	2
2	85363497	11	71	2
2	8597521	10	82	2
2	88367770	11	64	2
2	88899055	6	75	2
2	89777488	4	212	2
2	91589151	7	179	2
2	95801951	8	74	2
2	96098632	4	85	2
2	99340511	11	77	2
2	99861349	13	77	2
3	101067143	5	90	2
3	101642210	11	79	2
3	101788044	10	92	2
3	102602931	10	83	3
3	102603228	8	89	3
3	102603358	10	91	3
3	102603741	14	112	3
3	102606470	9	84	3
3	102944942	6	94	3
3	103339447	5	95	3
3	103381170	6	77	3
3	103589290	8	68	3
3	103704240	8	81	3
3	103707610	5	92	3
3	104530811	6	102	3
3	105049634	6	105	3
3	105632859	14	88	3
3	106444875	11	84	3
3	107084284	13	83	3
3	108091589	19	81	3
3	109531213	20	62	3
3	110147888	14	75	3
3	11022404	10	88	3
3	110804736	4	86	3
3	111015244	6	97	3
3	111049166	4	85	3
3	111542787	16	64	3
3	111637692	4	80	3
3	112634688	4	90	3
3	113010658	6	95	3
3	113659541	6	83	3
3	113659543	7	82	3
3	113967791	3	76	3
3	114727181	17	67	3
3	114774305	6	95	3
3	115252504	8	92	3
3	115930559	5	97	3
3	116092225	5	84	3
3	116285809	14	79	3
3	116293414	28	84	3
3	116621817	4	77	3
3	116679228	4	79	3
3	118240416	11	88	3
3	118296127	7	74	3
3	118383329	10	90	3
3	118681975	15	84	3
3	119221316	26	76	3
3	122444938	9	107	3
3	122497310	5	89	3
3	122528455	10	83	3
3	122849675	12	64	3
3	124189703	23	94	3
3	12473836	6	108	3
3	124825614	8	98	3
3	124870930	18	96	3
3	125259530	7	82	3
3	126995098	4	91	3
3	127027239	9	84	3
3	128694132	21	62	3
3	12989839	8	108	3
3	130281535	5	94	3
3	13177145	7	84	3
3	132472490	22	84	3
3	132616687	9	101	3
3	132852381	9	80	3
3	133021686	5	104	3
3	133719444	6	83	3
3	134883648	10	101	3
3	135147863	8	101	3
3	135438090	4	101	3
3	135691893	6	85	3
3	137448423	5	97	3
3	137463321	5	80	3
3	137779697	24	78	3
3	138229034	4	42	3
3	141003779	16	88	3
3	141122772	8	90	3
3	142717996	14	67	3
3	142855955	11	87	3
3	142909530	7	98	3
3	143387577	12	96	3
3	1435512	17	92	3
3	145039530	5	81	4
3	145046126	8	84	4
3	145108786	12	76	4
3	145537967	18	90	4
3	146731897	15	83	4
3	146989101	5	91	4
3	147124030	17	66	4
3	14785580	12	94	3
3	147995047	5	78	4
3	148273849	6	83	4
3	148839632	16	74	4
3	150621262	4	94	4
3	151977155	15	64	4
3	152515929	10	73	4
3	153414618	4	82	4
3	154037453	18	83	4
3	154361218	7	90	4
3	156207471	9	104	4
3	156207604	9	95	4
3	156211174	3	81	4
3	156388636	8	106	4
3	1572945	6	73	3
3	157665104	5	94	4
3	157847679	22	91	4
3	158066468	17	75	4
3	158510379	4	115	4
3	158775878	5	106	4
3	158978897	12	120	4
3	15922242	14	73	3
3	16103822	7	88	3
3	161203948	21	86	4
3	161431635	7	98	4
3	161459178	8	103	4
3	161467740	12	80	4
3	162392376	9	91	4
3	162497342	6	92	4
3	162578483	5	106	4
3	162930930	18	68	4
3	163144001	8	93	4
3	163390057	4	62	4
3	163530788	6	62	4
3	163679574	17	78	4
3	164670246	8	105	4
3	164841190	6	105	4
3	1653972	11	73	3
3	165432625	19	76	4
3	165653598	8	91	4
3	166200696	6	94	4
3	1662750	8	79	3
3	167012234	26	71	4
3	167881347	9	95	4
3	168434586	3	104	4
3	168568339	22	90	4
3	168641258	8	78	4
3	16956555	11	86	3
3	17253914	9	108	3
3	173359364	22	82	4
3	174132933	5	85	4
3	174623038	14	67	4
3	175307979	9	95	4
3	175468188	5	103	4
3	176720759	10	92	4
3	177093442	7	75	4
3	177923367	8	94	4
3	180375649	5	90	4
3	180389100	18	60	4
3	180414696	5	81	4
3	180534827	5	87	4
3	180731921	13	90	4
3	180903766	4	73	4
3	181026586	9	81	4
3	181547211	8	84	4
3	181704574	6	94	4
3	181878011	6	86	4
3	181978439	17	63	4
3	183092643	7	85	4
3	183647410	9	66	4
3	185436892	6	71	4
3	185556066	6	100	4
3	185880372	20	59	4
3	186230041	7	94	4
3	186268365	15	87	4
3	18790774	4	109	3
3	191376555	17	85	4
3	191750558	10	83	4
3	192071199	12	70	4
3	19233844	11	98	3
3	192779829	4	88	4
3	192921454	7	65	4
3	193100615	8	85	4
3	193968662	20	84	4
3	194108337	19	70	4
3	194955995	3	82	4
3	195276316	7	75	4
3	197180411	5	79	4
3	197568417	6	92	4
3	19811024	10	78	3
3	20066283	8	80	3
3	20696260	10	74	3
3	20738236	5	76	3
3	21112695	6	84	3
3	21133631	13	85	3
3	21524546	8	85	3
3	21773592	5	70	3
3	22087949	7	90	3
3	22360748	4	87	3
3	22742474	9	81	3
3	23012139	5	82	3
3	23020135	9	95	3
3	23486634	5	107	3
3	2387614	5	69	3
3	2411170	8	82	3
3	25336389	13	84	3
3	25405684	7	92	3
3	26585298	4	73	3
3	26882081	11	70	3
3	26899016	5	97	3
3	2693109	12	85	3
3	26985891	5	87	3
3	27419485	5	48	3
3	27840736	7	79	3
3	28596154	9	68	3
3	28970721	12	90	3
3	29578900	14	85	3
3	29794125	9	91	3
3	30057827	14	61	3
3	30445352	12	87	3
3	30783774	6	81	3
3	31308547	10	102	3
3	31407338	9	80	3
3	32822939	10	75	3
3	33960281	10	69	3
3	33963729	11	80	3
3	35103605	6	77	3
3	35356451	9	87	3
3	35782328	8	70	3
3	36192182	11	107	3
3	36631109	9	108	3
3	38927377	7	50	3
3	39713382	9	94	3
3	4130965	8	80	3
3	42212274	4	107	3
3	43490075	8	86	3
3	45156099	7	82	3
3	45202314	11	85	3
3	47523347	4	95	3
3	48731990	4	67	2
3	48825035	10	54	2
3	48836050	7	53	2
3	4890769	9	77	3
3	49163418	9	71	3
3	49882924	10	97	3
3	51032330	7	84	3
3	51894296	7	75	3
3	53023643	12	81	3
3	53063396	7	45	3
3	54671045	6	92	3
3	54692270	13	79	3
3	56540775	5	80	3
3	57113758	6	87	3
3	58415109	9	73	3
3	5853836	7	78	3
3	58822379	6	81	3
3	59791486	4	78	3
3	6009001	5	35	3
3	60844956	10	79	3
3	61619930	11	86	3
3	61678657	4	93	3
3	62075451	7	70	3
3	62873323	10	101	3
3	64879818	7	88	3
3	65543212	8	89	3
3	65629560	14	59	3
3	66253515	13	84	3
3	66610180	5	82	3
3	67470793	9	76	3
3	67612987	7	100	3
3	67751047	11	96	3
3	67766589	8	75	3
3	67948149	8	92	3
3	68172314	18	75	3
3	69298498	17	69	3
3	69366183	5	87	3
3	69388329	11	94	3
3	69702747	12	108	3
3	71129975	9	93	3
3	717675	10	86	3
3	72901075	18	75	3
3	73009256	5	67	3
3	73208209	6	88	2
3	74647647	12	84	2
3	76168705	10	66	2
3	76491832	9	66	2
3	78092170	5	85	2
3	78563023	8	84	2
3	78596470	6	75	2
3	79119183	5	70	2
3	79263649	4	76	2
3	79577382	3	71	2
3	80847579	11	61	2
3	81767364	16	88	3
3	8232500	10	66	3
3	82547156	14	89	3
3	82638365	6	93	3
3	82938042	7	57	3
3	83042380	7	91	3
3	83226518	17	70	3
3	83230654	7	99	3
3	83328473	4	93	3
3	83687572	16	80	3
3	83692925	11	60	3
3	84267700	6	70	3
3	84361185	6	75	3
3	84361186	6	75	3
3	84450709	8	75	3
3	84600620	4	67	3
3	84614661	10	82	3
3	84646067	10	77	3
3	846643	20	76	3
3	84729989	10	72	3
3	85370511	5	96	3
3	85482656	14	57	3
3	85482734	12	61	3
3	85846239	9	92	3
3	85890987	9	98	3
3	85927873	5	92	3
3	86555978	6	92	3
3	86892682	12	84	3
3	87053417	5	76	3
3	87194290	6	71	3
3	87352575	5	89	3
3	877336	10	90	3
3	88674467	15	68	3
3	88786270	9	73	3
3	89168307	10	83	3
3	89746490	4	85	3
3	90254225	9	73	3
3	90628658	11	51	3
3	90641921	4	54	3
3	90665924	5	68	3
3	90813614	5	91	3
3	91392139	6	81	3
3	91444162	7	65	3
3	9352626	13	92	3
3	94228292	4	73	3
3	95017310	6	93	3
3	95290447	6	95	3
3	95566509	12	81	3
3	95772403	9	67	3
3	96054345	5	80	3
3	96553616	4	66	2
3	96844771	10	70	2
3	96916107	14	74	2
3	98123703	7	83	2
3	98383632	9	80	2
3	99052316	9	83	2
3	99282266	7	101	2
3	99545542	4	89	2
4	10023802	5	63	1
4	100803783	5	79	2
4	101398712	5	86	2
4	101891623	6	82	2
4	103127194	4	89	2
4	103986062	12	83	2
4	104737745	5	74	2
4	107309680	8	66	2
4	107333222	4	89	2
4	108198990	6	82	2
4	108811014	7	88	2
4	109128586	5	65	2
4	109685350	5	99	2
4	110454121	5	70	2
4	111853390	13	80	2
4	114675462	7	80	2
4	114912403	8	84	2
4	114914215	7	75	2
4	116319784	4	87	2
4	116709362	7	78	2
4	116847724	9	88	2
4	117376076	8	84	2
4	117567042	5	77	2
4	117712779	5	66	2
4	117840856	7	91	2
4	118043172	6	73	2
4	119766784	7	65	2
4	119906339	12	64	2
4	120608724	4	69	2
4	121929453	6	62	2
4	122195795	6	68	2
4	122618081	9	92	2
4	125649029	4	61	2
4	125942283	5	79	2
4	126052174	12	73	2
4	126865241	11	77	2
4	12725045	6	68	1
4	129299440	12	72	2
4	12982942	6	68	1
4	12986319	6	75	1
4	130536242	10	88	2
4	130957819	9	68	2
4	131122893	6	64	2
4	131379786	9	72	2
4	131549089	8	75	2
4	131666370	9	70	2
4	131691088	6	99	2
4	132339804	11	72	2
4	132339806	12	76	2
4	132469344	5	67	2
4	132987638	5	86	2
4	133271903	6	69	2
4	133523241	6	63	2
4	134107695	5	72	2
4	134882555	4	83	2
4	134955271	4	81	2
4	135101503	8	75	2
4	135351353	7	68	2
4	135418272	5	86	2
4	135896968	8	77	2
4	135935052	5	78	2
4	136729362	6	76	2
4	137196175	4	58	2
4	137219025	9	78	2
4	137675997	5	79	2
4	13832425	6	67	1
4	138661748	5	77	2
4	138710726	5	77	2
4	13903615	6	75	1
4	141358765	9	60	2
4	142097845	8	70	2
4	143067397	9	75	2
4	143582484	4	73	2
4	144536961	7	88	2
4	144911495	7	83	2
4	147925546	6	81	2
4	148854258	4	85	2
4	149134399	8	78	2
4	149267126	6	78	2
4	150120681	11	87	2
4	150556989	16	79	2
4	150560230	6	58	2
4	151377698	4	65	2
4	153115926	8	75	2
4	154767122	3	88	2
4	155204549	5	65	2
4	156406021	4	72	2
4	157811788	8	87	2
4	157899721	8	73	2
4	158214319	6	83	2
4	158302241	5	83	2
4	159907157	5	81	2
4	160364852	5	99	2
4	160605747	3	90	2
4	160693663	12	84	2
4	160911395	13	81	2
4	161069704	4	70	2
4	162379458	4	79	2
4	163056873	10	111	2
4	164160177	5	76	2
4	164750143	9	78	2
4	164840401	5	72	2
4	165328361	7	84	2
4	165408226	10	90	2
4	16677557	3	82	1
4	166936188	5	72	2
4	166949636	10	93	2
4	167794018	10	78	2
4	167860489	10	74	2
4	167913724	7	93	2
4	168064489	5	86	2
4	168112874	11	96	2
4	169059151	4	90	2
4	16925693	5	68	1
4	169762414	6	65	2
4	169805954	7	76	2
4	170732250	5	76	2
4	170747171	5	68	2
4	170845539	9	87	2
4	170898496	5	67	2
4	171565002	7	75	2
4	171686615	9	88	2
4	172017917	9	99	2
4	172178665	3	74	2
4	173000481	6	64	2
4	173202797	6	80	2
4	173824369	8	90	2
4	173855897	9	72	2
4	173866192	14	50	2
4	174154230	6	77	2
4	174821413	5	87	2
4	175365370	6	62	2
4	176557866	8	71	2
4	177032326	17	78	2
4	177081634	7	77	2
4	17741115	5	63	1
4	177635958	4	70	2
4	178205111	8	77	2
4	178637161	5	86	2
4	178785348	5	87	2
4	178870077	10	80	2
4	179184662	9	65	2
4	179298185	5	45	2
4	179689533	12	76	2
4	179710660	14	68	2
4	179815427	8	73	2
4	179892490	10	84	2
4	179920181	6	59	2
4	180343191	6	66	2
4	180401151	6	59	2
4	180878326	7	68	2
4	180975708	8	63	2
4	181202871	4	95	2
4	181384499	6	65	2
4	181647807	5	90	2
4	181737223	4	56	2
4	181996309	9	87	2
4	182396917	8	83	2
4	182415080	13	70	2
4	1826340	3	53	1
4	182698052	8	79	2
4	187101256	6	72	2
4	187256374	6	80	2
4	187704813	6	79	2
4	188763401	7	82	2
4	1942863	5	76	1
4	19681587	4	93	1
4	21852375	5	66	1
4	22836198	6	67	2
4	23220403	4	62	2
4	23745413	5	84	2
4	27382486	4	87	2
4	27840179	7	66	2
4	28296274	7	75	2
4	29256393	4	92	2
4	2957382	6	75	1
4	30363687	4	94	4
4	30924113	5	83	2
4	31021412	5	69	2
4	31321517	7	74	2
4	3141687	5	68	1
4	31467648	6	70	2
4	32626869	7	63	2
4	32627049	8	54	2
4	33145018	5	78	2
4	33260772	7	70	2
4	33461016	7	74	2
4	34403923	5	80	2
4	34403939	6	73	2
4	35903767	6	83	2
4	36382851	4	77	2
4	36687332	6	73	2
4	36993088	8	82	2
4	37751381	7	66	2
4	39245553	8	66	2
4	40040985	10	63	2
4	40415760	5	80	2
4	40486192	5	74	2
4	43089571	8	61	2
4	43270194	8	82	2
4	43510499	4	84	2
4	43836911	4	72	2
4	43922067	5	70	2
4	43976206	5	67	2
4	44201034	5	79	2
4	45160199	5	88	2
4	45594647	9	65	2
4	46419532	6	73	2
4	47111238	4	84	2
4	47405758	8	74	2
4	52631881	5	64	2
4	54318353	13	78	2
4	54495667	15	64	2
4	56337216	6	76	2
4	56431951	10	85	2
4	56908845	7	51	2
4	56977533	9	79	2
4	57268514	5	68	2
4	57268583	5	71	2
4	57268817	7	89	2
4	57268919	5	82	2
4	57571487	8	82	2
4	57853684	4	91	2
4	58482320	15	68	2
4	59313032	10	85	2
4	59313125	10	80	2
4	59313280	7	62	2
4	59327324	5	102	2
4	59354490	16	93	2
4	59396985	5	69	2
4	59880671	17	85	2
4	59880687	18	89	2
4	59880778	15	83	2
4	59969403	19	73	2
4	60707789	12	61	2
4	60707884	10	67	2
4	60708249	15	63	2
4	60708318	15	55	2
4	60708350	14	66	2
4	60713344	4	76	2
4	60713640	11	78	2
4	613478	5	61	1
4	61672413	5	74	2
4	62317086	10	99	2
4	62480512	6	67	2
4	62791427	11	71	2
4	62846425	9	62	2
4	63556210	7	60	2
4	64115981	6	62	2
4	64829722	7	75	2
4	65386997	3	60	2
4	66229312	5	78	2
4	66962345	10	70	2
4	68106906	3	87	2
4	68109786	6	70	2
4	71223301	5	84	2
4	71787898	4	74	2
4	71978357	5	76	2
4	72317069	7	66	2
4	74698534	5	82	2
4	74760251	7	64	2
4	74831037	6	80	2
4	75337741	8	76	2
4	77616052	17	75	2
4	79169561	4	80	2
4	79356503	4	53	2
4	80635396	5	73	2
4	81133311	10	58	2
4	81416313	10	79	2
4	83096705	8	81	2
4	84450419	6	85	2
4	8486033	7	87	1
4	85557701	5	80	2
4	86421426	6	65	2
4	8657571	6	83	1
4	87048165	5	79	2
4	87924352	5	82	2
4	88569801	6	72	2
4	89291285	8	77	2
4	89856747	16	77	2
4	91180038	6	75	2
4	91431012	6	86	2
4	92372584	10	82	2
4	93242750	3	68	2
4	93591695	8	92	2
4	94165850	6	77	2
4	9487580	8	72	1
4	96553636	10	68	2
4	97060221	8	77	2
4	97236456	11	73	2
4	97402145	7	65	2
4	97700650	5	66	2
4	97955505	4	100	2
4	98289970	8	79	2
4	99423418	7	78	2
4	99574587	5	77	2
4	9980393	6	74	1
5	103816223	8	61	1
5	104085066	7	82	1
5	104784598	9	81	1
5	105694949	5	75	1
5	106107636	8	69	1
5	106155450	10	70	1
5	106794005	4	74	1
5	108440085	7	73	1
5	108596972	10	64	1
5	108635471	10	83	1
5	110220252	7	79	1
5	110273088	7	69	1
5	110879133	6	61	1
5	110886757	4	73	1
5	11316439	4	88	3
5	11425659	6	98	3
5	115864704	9	84	1
5	115945764	15	90	1
5	117072703	9	72	1
5	117288219	8	94	1
5	117545875	12	63	1
5	118429621	6	83	1
5	119859738	6	75	1
5	12046642	4	73	3
5	120815519	6	58	1
5	121451289	6	68	1
5	122282294	9	76	1
5	122480866	10	61	1
5	123063997	10	86	1
5	124249672	10	83	2
5	124299341	8	71	2
5	12662814	6	87	3
5	127225155	13	74	2
5	128337608	9	86	2
5	128792613	8	70	2
5	129080340	5	85	2
5	12929376	22	71	3
5	129446118	5	74	2
5	129462616	6	80	2
5	130222390	7	71	2
5	13659686	4	91	4
5	140155130	5	108	2
5	140876061	12	75	2
5	140976687	11	80	2
5	141046368	8	83	2
5	141146467	8	67	2
5	141809518	8	61	2
5	141842502	7	104	2
5	142150037	5	66	2
5	144493453	7	57	2
5	146650005	6	79	2
5	148234318	6	81	2
5	148534660	5	78	2
5	148575259	7	103	2
5	149022000	8	37	2
5	149518857	11	61	2
5	150199550	9	80	2
5	150387876	5	80	2
5	152536373	9	49	2
5	1527593	6	121	4
5	152806961	5	80	2
5	152807600	4	80	2
5	152896245	4	67	2
5	153183853	4	65	2
5	153255659	4	78	2
5	153820140	5	82	2
5	153993922	10	104	2
5	154433897	6	81	2
5	155790814	10	82	2
5	155888508	3	70	2
5	156218724	6	73	2
5	156218725	6	74	2
5	157435145	8	70	2
5	158439604	10	60	2
5	158887405	8	80	2
5	158957147	9	80	2
5	159040881	9	77	2
5	159277315	9	81	2
5	161742731	5	83	2
5	161836603	6	84	2
5	162226797	4	76	2
5	162605903	4	74	2
5	162750627	4	64	2
5	162834803	6	95	2
5	164314427	6	72	2
5	164493169	9	88	2
5	16459084	13	118	4
5	165024993	7	56	2
5	165700133	6	67	2
5	165840186	12	70	2
5	165843951	5	82	2
5	165902145	10	73	2
5	166307151	10	70	2
5	166538518	12	70	2
5	166813729	4	62	2
5	166829440	5	71	2
5	169115473	11	89	2
5	170626440	7	85	2
5	171237020	13	80	2
5	175144651	10	71	2
5	176887334	4	67	2
5	178157663	8	58	2
5	178990060	13	78	2
5	17938487	8	87	4
5	18665150	4	81	4
5	19112813	10	77	4
5	19742934	6	85	4
5	21152053	8	75	4
5	21238466	5	100	4
5	21338489	4	26	4
5	21413217	21	82	4
5	21863295	24	74	4
5	22334478	5	82	4
5	22412599	4	84	4
5	23035621	6	99	4
5	23423751	17	87	4
5	23533433	4	83	4
5	23551026	5	80	4
5	23598832	10	88	4
5	23807235	25	87	4
5	23905892	10	83	4
5	23943243	7	87	4
5	24127406	5	76	4
5	24223688	13	73	4
5	24341194	7	110	4
5	24672441	12	62	4
5	24697247	22	71	4
5	25134751	21	82	4
5	2513792	5	75	4
5	25258089	13	60	4
5	25470631	20	74	4
5	25630034	17	87	4
5	25823655	5	102	4
5	26051401	6	99	4
5	26191034	5	80	4
5	27207092	8	82	4
5	27254214	26	83	4
5	27857068	6	72	4
5	28060181	6	93	4
5	28188530	6	48	4
5	28331485	5	77	4
5	29100020	4	53	4
5	29931140	18	72	4
5	30831641	9	99	4
5	31004345	27	72	4
5	3203972	7	86	4
5	32313253	7	82	4
5	3288523	6	82	4
5	32887553	6	70	4
5	34346448	5	101	4
5	35684228	18	70	4
5	3639394	18	71	4
5	37644949	19	78	4
5	3844480	11	82	4
5	3911097	25	76	4
5	3925098	6	106	4
5	39611691	6	73	4
5	39683086	19	83	4
5	40358999	8	101	3
5	40438673	16	76	3
5	41188645	6	91	3
5	41242564	13	106	3
5	41663735	6	105	3
5	4211915	20	65	4
5	4325472	16	89	4
5	4406378	7	106	4
5	44255222	4	74	4
5	44388633	9	105	4
5	44393801	17	104	4
5	44877665	7	99	4
5	45240719	6	99	4
5	45377411	16	76	4
5	45575755	9	83	3
5	4564234	13	66	4
5	45807599	12	70	3
5	46161726	4	75	3
5	46188040	6	70	3
5	46247963	4	77	3
5	46386453	24	77	3
5	4830465	7	85	3
5	4877254	12	100	3
5	4896782	5	81	3
5	50209077	7	69	3
5	50613335	9	73	3
5	50874113	33	71	3
5	50895538	8	117	3
5	51334500	11	100	3
5	52565377	5	87	1
5	53022045	8	78	1
5	5303625	14	79	3
5	58282878	4	70	1
5	59372767	5	79	1
5	67539508	6	90	1
5	67540070	4	92	1
5	67540102	4	91	1
5	67542061	4	86	1
5	74015255	5	75	1
5	76050502	6	71	1
5	80597722	5	73	1
5	81550923	8	72	1
5	81767522	9	71	1
5	82480803	9	63	1
5	82884827	8	70	1
5	83406231	7	59	1
5	86613325	9	44	1
5	87466639	3	81	1
5	87991954	7	68	1
5	88561316	3	67	1
5	8866334	7	89	3
5	92775280	11	64	1
5	94458754	13	72	1
5	94686896	5	84	1
5	9723366	7	104	3
5	9925693	5	91	3
5	99521552	5	58	1
5	99891782	5	78	1
6	10146364	5	69	1
6	101510098	4	75	2
6	101792614	6	77	2
6	102073861	8	80	2
6	102888510	7	77	2
6	103871422	4	86	2
6	104353897	11	77	2
6	104756296	5	69	2
6	105149813	6	90	2
6	105938470	8	72	2
6	107069705	6	85	2
6	107948276	8	67	2
6	108433842	8	91	2
6	112305111	9	84	2
6	112747932	5	69	2
6	113058235	10	68	2
6	114289538	9	75	2
6	114302261	11	88	2
6	114863712	15	70	2
6	118926558	5	84	2
6	119069606	6	83	2
6	120020561	9	73	2
6	120026354	7	62	2
6	122071028	13	70	2
6	124345284	5	74	2
6	124460273	4	95	2
6	126005481	7	90	2
6	126573925	5	71	2
6	128848035	11	92	2
6	130075727	6	94	2
6	130092842	10	78	2
6	13027173	4	59	1
6	13082640	7	82	1
6	130928213	9	80	2
6	131239632	13	77	2
6	131527084	14	79	2
6	131533440	3	88	2
6	131563293	6	78	2
6	132565713	8	84	2
6	133127536	6	56	2
6	133179676	4	77	2
6	133258567	5	66	2
6	133540384	11	101	2
6	136014294	4	80	2
6	138201833	4	86	3
6	138243411	5	85	3
6	139089070	5	72	3
6	140152244	5	88	3
6	141665643	11	66	2
6	145051539	8	87	2
6	145225938	10	89	2
6	145267200	9	101	2
6	145561646	6	78	2
6	145689334	7	81	2
6	146119759	7	87	2
6	149055328	5	87	3
6	149220897	6	94	3
6	149733013	9	71	3
6	150285225	11	76	3
6	151342465	9	65	3
6	151602732	5	75	3
6	154096986	9	98	3
6	154820369	4	68	3
6	155225176	9	81	3
6	156685439	8	72	3
6	15758836	9	70	1
6	160749073	3	85	3
6	160857002	8	79	3
6	163007818	7	75	3
6	163112160	12	95	3
6	164293220	6	77	3
6	164657130	13	77	3
6	165200022	7	80	3
6	166068140	14	92	3
6	166921306	8	90	3
6	167385939	9	64	1
6	170255504	10	73	1
6	17625362	4	67	1
6	23978896	9	76	2
6	24726244	5	83	2
6	25521062	7	104	2
6	27147588	5	87	2
6	27690165	11	74	2
6	27948371	6	84	2
6	33533923	8	73	2
6	33925735	7	69	2
6	34596773	7	97	3
6	35085926	12	81	3
6	36706716	6	91	3
6	37316131	17	60	3
6	37368440	10	84	2
6	37561830	5	96	2
6	38729152	8	88	2
6	39184830	8	63	2
6	40289016	4	74	2
6	43931164	6	89	2
6	44354530	5	87	2
6	44354557	6	92	2
6	45160103	6	77	2
6	45926815	12	80	2
6	47034817	14	75	3
6	47210259	6	67	3
6	47456560	9	73	3
6	47988152	4	73	3
6	48506788	5	96	3
6	48883736	5	88	3
6	49889863	6	78	3
6	5041494	6	64	1
6	50422838	8	85	3
6	50698236	10	80	3
6	51603935	5	99	3
6	53037848	9	84	3
6	53095116	10	84	3
6	54045433	6	88	3
6	54184266	18	89	3
6	54283855	11	94	3
6	54488239	4	82	3
6	54598729	9	64	3
6	54898406	8	109	3
6	55176900	5	62	3
6	60595389	11	74	3
6	60674198	10	77	3
6	60756076	10	74	3
6	60883968	11	70	3
6	61625627	11	62	3
6	61740010	11	69	3
6	61813061	8	80	3
6	61869095	4	81	3
6	61985499	8	84	3
6	620698	5	76	1
6	62555277	4	93	3
6	62683771	13	68	3
6	62727958	4	91	3
6	62954798	6	68	3
6	63066149	4	77	3
6	63164001	4	38	3
6	64204329	6	66	3
6	64658312	5	75	3
6	64679199	7	76	3
6	64834490	5	72	3
6	64988306	5	94	3
6	65199176	13	84	3
6	6537536	3	22	1
6	65440418	6	73	3
6	65706730	5	69	3
6	65970208	10	71	3
6	66536018	10	79	3
6	66754283	15	84	3
6	66882717	10	78	3
6	67339981	4	88	3
6	67772817	7	86	3
6	67901509	14	82	3
6	68470710	6	81	1
6	68696091	5	88	1
6	68724278	11	78	1
6	69081624	6	73	1
6	69108999	4	70	1
6	70025262	6	84	3
6	70129132	4	102	3
6	71101282	13	97	3
6	71394856	7	77	3
6	71470722	4	92	3
6	71525749	6	81	3
6	72280572	5	82	2
6	72571129	2	26	2
6	73806355	6	90	2
6	74122721	6	73	2
6	74174054	14	79	2
6	74384859	4	80	2
6	74466869	6	87	2
6	74474468	16	77	2
6	77668232	4	68	2
6	77767021	5	66	2
6	78981813	9	92	2
6	79785600	6	93	2
6	80458833	5	76	2
6	81065221	12	75	2
6	81240676	7	73	2
6	81277027	11	75	2
6	81280006	6	62	2
6	81414475	6	70	2
6	82603851	11	69	2
6	83230135	5	91	2
6	83304808	6	69	2
6	84004939	10	73	2
6	84987880	5	73	2
6	86276230	6	84	2
6	88019983	8	72	2
6	88274966	6	73	2
6	88363685	5	84	2
6	89439214	6	70	2
6	90344844	12	70	2
6	90366751	7	35	2
6	91232262	5	67	2
6	91437301	6	71	2
6	91554397	4	46	2
6	92194217	6	69	2
6	92508978	12	71	2
6	93796234	4	80	2
6	93986581	6	70	2
6	94058702	5	89	2
6	94108075	8	88	2
6	94479003	6	99	2
6	95136360	9	72	2
6	96187586	15	77	2
6	96194363	9	66	2
6	97686340	10	63	2
6	97869257	4	82	2
6	97914413	5	88	2
6	97941053	4	71	2
6	98356156	6	63	2
6	98657704	4	80	2
6	99843697	4	66	2
7	101167896	8	70	2
7	102397907	10	54	2
7	103757965	5	58	2
7	104245793	6	88	2
7	104371424	10	66	2
7	104560550	11	102	2
7	104724056	7	78	2
7	10537281	8	73	2
7	107214423	14	82	2
7	107415415	6	72	2
7	108848252	10	79	2
7	108858930	6	67	2
7	10970558	10	81	2
7	110285875	6	66	2
7	110538999	12	65	2
7	110995455	6	69	1
7	111153321	13	72	1
7	111528106	3	90	2
7	112833680	9	97	2
7	112982112	14	70	2
7	113685457	9	59	2
7	113713784	18	63	2
7	113885114	13	82	2
7	114202250	7	83	2
7	114211005	14	76	2
7	114544457	10	85	2
7	114618291	5	103	2
7	114744938	14	74	2
7	116143130	17	60	2
7	11632303	12	72	2
7	116344757	7	61	2
7	116361767	13	87	2
7	117781382	8	78	2
7	119345497	4	95	2
7	119549490	9	83	2
7	119595868	3	72	2
7	12292982	8	104	2
7	123092112	33	90	6
7	123299191	46	88	6
7	124148106	2	106	5
7	124553631	37	93	5
7	125242472	16	107	2
7	125242639	15	97	2
7	125242701	13	95	2
7	125773725	13	98	3
7	126126376	8	77	3
7	126149085	18	94	3
7	126183717	15	86	3
7	126210079	5	75	3
7	126577834	10	58	3
7	126611450	4	74	3
7	126674983	16	95	3
7	126679945	11	70	3
7	126779760	7	103	3
7	126824358	14	82	3
7	126826270	4	91	3
7	127072973	6	92	3
7	127334518	12	96	3
7	127381865	8	81	3
7	127382047	7	92	3
7	128231876	5	63	3
7	128909264	16	70	3
7	128984698	13	65	3
7	129388125	13	56	3
7	13000323	8	64	2
7	130997050	4	75	3
7	131744107	12	63	2
7	132694196	19	75	2
7	13392193	5	81	2
7	13416511	17	87	2
7	134749568	10	75	2
7	135122251	9	93	2
7	135977338	11	95	2
7	136418980	12	96	2
7	136873236	4	91	2
7	137094324	7	78	2
7	13743953	4	88	2
7	138931307	5	76	2
7	139662297	6	76	2
7	139931887	10	77	2
7	14342972	7	77	2
7	144761778	11	94	2
7	145052968	6	90	2
7	145493051	5	73	2
7	145522218	17	63	2
7	146247624	5	79	2
7	147780877	9	85	2
7	149413967	18	84	2
7	152281934	5	93	2
7	153335536	6	85	2
7	15408732	8	76	2
7	154130997	5	72	2
7	154684704	5	71	2
7	155204150	7	76	2
7	156027913	12	83	2
7	157357685	6	65	2
7	1576661	6	84	2
7	157864307	6	83	2
7	158509701	5	78	2
7	17095192	9	81	2
7	18001134	14	73	2
7	18560310	6	86	2
7	19092161	5	81	2
7	19315524	8	89	2
7	21952312	10	87	2
7	22897369	10	66	2
7	23080881	12	99	2
7	24236965	3	95	2
7	2479062	9	93	2
7	24829675	5	74	2
7	25660526	17	94	2
7	25809220	6	80	2
7	25812401	11	93	2
7	27314369	9	73	2
7	27703921	5	67	2
7	28171947	6	94	2
7	30118023	4	74	2
7	30994604	4	80	2
7	31056218	9	88	2
7	31095684	7	87	2
7	32392821	6	83	2
7	33832582	9	95	2
7	33876046	14	101	2
7	34004994	5	75	2
7	34460716	10	77	2
7	34878998	11	88	2
7	35105722	8	92	2
7	35292461	7	70	2
7	35486471	5	68	2
7	36948804	13	93	2
7	37145336	3	91	2
7	38459157	5	93	2
7	39498264	12	73	2
7	39685981	6	69	2
7	40241780	8	75	2
7	40837034	9	79	2
7	42132926	6	82	2
7	42336090	7	88	2
7	45174801	5	86	2
7	45330942	6	90	2
7	46885841	11	92	2
7	46963214	9	74	2
7	47418738	4	98	2
7	47733805	6	77	2
7	48394377	10	61	2
7	49197804	13	70	2
7	49252644	6	91	2
7	50195787	12	91	2
7	51186451	10	90	2
7	51222310	11	69	2
7	52101017	5	82	2
7	52558613	7	80	2
7	54180331	8	86	2
7	54294843	4	89	2
7	54642187	8	58	2
7	55030570	4	83	2
7	55030572	4	83	2
7	56135804	9	68	2
7	56406168	6	58	2
7	56442998	6	79	2
7	56683351	8	78	3
7	56712159	7	72	3
7	56715140	10	90	3
7	56727336	7	52	3
7	5681116	13	74	2
7	56888315	8	56	3
7	56956861	7	93	3
7	57250721	7	81	3
7	57754596	8	85	3
7	58062293	4	82	3
7	589300	12	74	2
7	62229799	8	74	3
7	62529420	11	91	3
7	63233907	10	83	3
7	63564021	9	30	3
7	63702523	8	61	3
7	63810215	5	85	3
7	64584125	10	73	3
7	6652606	8	65	2
7	6727074	11	62	2
7	67423226	5	84	3
7	69438100	7	68	3
7	70547500	12	73	3
7	73596713	5	91	3
7	74300008	10	65	3
7	74391120	9	68	3
7	74489103	9	78	3
7	74642238	5	64	3
7	74796184	6	82	3
7	78741957	21	63	3
7	79246993	9	64	3
7	79341255	19	76	3
7	79483685	14	72	3
7	79527526	10	63	3
7	79937040	8	80	3
7	80894017	4	79	3
7	80894257	5	79	3
7	80896029	6	73	3
7	80896091	5	85	3
7	80896236	7	79	3
7	80896542	5	78	3
7	81774674	9	79	2
7	82831028	3	86	2
7	8307716	11	88	2
7	8307717	10	89	2
7	8307718	10	88	2
7	83094286	7	78	2
7	83722945	13	65	2
7	8396760	2	83	2
7	84087093	7	85	2
7	84384809	7	80	2
7	84629691	4	88	2
7	84938750	5	79	2
7	85996808	20	83	2
7	86228538	5	102	5
7	86232957	9	97	5
7	86500652	9	111	5
7	86698868	39	71	5
7	86836796	8	126	5
7	86837157	7	112	5
7	86837317	8	123	5
7	86837477	11	141	5
7	86837568	12	132	5
7	86837715	14	112	5
7	86838236	9	126	5
7	86838743	6	118	5
7	86839466	12	107	5
7	86839587	10	137	5
7	86839752	7	140	5
7	86839924	10	146	5
7	86840014	12	128	5
7	87114444	3	108	6
7	87696238	9	90	6
7	88265496	41	78	6
7	88320642	40	80	6
7	88981180	7	103	6
7	89068816	6	119	6
7	89250249	9	119	6
7	9066573	7	87	2
7	90884048	5	123	6
7	91188891	45	76	6
7	91418991	38	94	6
7	91572268	11	105	6
7	92156232	49	138	9
7	92156510	50	129	9
7	92156737	50	104	2
7	92156770	50	99	2
7	92730394	7	180	11
7	92730453	9	185	11
7	92730594	11	178	11
7	92730632	11	197	11
7	92730888	8	185	11
7	92730995	8	188	11
7	92731157	6	202	11
7	92731953	15	216	11
7	92731983	18	214	11
7	93169268	9	156	11
7	93477902	7	145	11
7	93588998	7	169	11
7	93890631	5	167	11
7	9443104	3	84	2
7	94928655	11	97	6
7	9510032	10	69	2
7	96355297	10	80	2
7	9684485	4	78	2
7	96989734	14	73	2
7	99091192	4	83	2
7	9917818	5	93	2
7	9951106	8	75	2
7	99671153	11	77	2
8	101973412	8	117	5
8	102629421	10	134	5
8	102885040	6	109	5
8	103009929	4	130	5
8	103132665	16	135	5
8	104830155	8	96	4
8	105448721	4	86	4
8	105586462	34	78	4
8	105720732	7	101	4
8	105959026	4	120	4
8	106380364	5	111	7
8	106588898	5	131	7
8	107256867	7	123	7
8	107313501	4	80	7
8	107403349	6	123	7
8	107813938	11	111	7
8	107905586	8	131	7
8	108323413	52	72	7
8	108338459	18	120	7
8	108458436	6	125	7
8	108568904	9	114	7
8	108607270	15	132	7
8	108884486	7	119	5
8	108899604	7	116	5
8	109146177	6	99	5
8	109544766	8	96	5
8	109659026	4	111	5
8	109793644	5	122	5
8	109843206	11	85	5
8	109990089	5	103	5
8	110689212	85	74	11
8	110974469	6	135	11
8	111062875	57	82	11
8	111211856	62	78	11
8	111222712	64	77	11
8	111257119	76	69	11
8	111261619	66	83	11
8	111261951	53	87	11
8	111277287	4	114	11
8	111329539	6	132	11
8	111367727	84	84	11
8	111454692	60	90	2
8	111454766	61	79	2
8	111455008	69	94	2
8	111455225	49	98	2
8	111480686	4	77	3
8	111626811	11	79	3
8	111769678	15	94	3
8	112102683	5	95	3
8	112464966	20	90	3
8	112889730	11	88	3
8	113350967	5	90	3
8	113383691	5	93	3
8	113691299	11	106	8
8	113691326	15	111	8
8	113691366	13	108	8
8	113691571	14	104	8
8	113691585	18	100	8
8	113691693	9	99	8
8	113743819	37	116	8
8	113774392	6	130	8
8	113785486	9	109	8
8	113788958	9	104	8
8	113788970	8	113	8
8	113789137	6	117	8
8	113789392	6	110	8
8	113934505	21	59	5
8	114247932	10	116	5
8	114247953	10	117	5
8	114248170	18	84	5
8	114249552	8	107	5
8	114250088	15	82	5
8	114325879	4	107	5
8	114357004	14	111	5
8	114357671	9	79	5
8	114360026	18	111	5
8	114486509	10	111	5
8	114534778	6	89	5
8	114948810	5	86	5
8	115059324	28	81	5
8	115239544	8	109	5
8	115259348	6	102	5
8	115476220	8	56	5
8	116707666	5	80	4
8	117936331	5	77	4
8	118072898	9	109	4
8	118073271	13	93	4
8	118073381	10	100	4
8	118073421	9	101	4
8	118158225	4	90	4
8	118281566	22	92	4
8	118663990	6	119	4
8	119544117	6	105	4
8	119844219	6	103	4
8	120575782	6	80	4
8	121353453	5	105	4
8	121361328	5	90	4
8	121722766	21	71	4
8	122205996	16	82	4
8	122772410	5	88	4
8	122905387	33	84	4
8	123042284	6	107	4
8	123065504	6	87	4
8	123192238	29	80	4
8	123790120	6	110	4
8	123790198	8	99	4
8	123790250	9	107	4
8	123790418	5	82	4
8	123811696	31	96	2
8	123811699	31	97	2
8	123811795	43	109	2
8	123812093	65	101	2
8	123812383	49	104	2
8	123812486	67	101	2
8	123812509	65	98	2
8	123812855	75	116	2
8	123813127	59	107	2
8	123813299	56	108	2
8	123813357	51	115	2
8	123813389	58	111	2
8	123813429	54	120	2
8	124143591	5	208	10
8	124149603	7	181	10
8	124989035	6	174	12
8	124990521	11	185	12
8	124990809	8	184	12
8	124991006	9	179	12
8	125040038	7	191	12
8	125305509	5	171	12
8	125307747	7	191	12
8	125343571	5	168	12
8	125818708	7	192	12
8	125888633	15	168	12
8	125923153	9	180	12
8	126016686	85	61	12
8	126086778	115	73	15
8	126119996	22	182	15
8	126271909	4	167	15
8	126391785	12	213	15
8	126596486	19	146	12
8	126753657	81	75	12
8	126798165	110	78	12
8	126870506	10	123	12
8	127083100	221	561	57
8	127089280	48	464	57
8	127092336	19	565	57
8	127092471	22	557	57
8	127093316	28	545	57
8	127093454	26	534	57
8	127093456	27	542	57
8	127093513	26	560	57
8	127093974	16	531	57
8	127094042	18	504	57
8	127094086	19	509	57
8	127094867	20	513	57
8	127095562	24	551	57
8	127095695	22	611	57
8	127095932	18	539	57
8	127110865	449	69	57
8	127122886	14	584	57
8	127123348	14	521	57
8	127126103	10	570	57
8	127126663	25	545	57
8	127128651	16	550	57
8	127128758	18	574	57
8	127129744	9	500	57
8	127130191	10	397	57
8	127130857	9	410	57
8	127130929	14	445	57
8	127133934	14	377	24
8	127134610	29	383	24
8	127196346	16	262	24
8	127225737	23	281	24
8	127786032	57	296	28
8	127786141	60	276	28
8	127864963	72	283	28
8	127864999	58	304	28
8	127875787	32	300	28
8	127875918	29	290	28
8	127876062	16	307	28
8	127876144	23	288	28
8	127876396	25	273	28
8	127876464	14	281	28
8	127876585	15	272	28
8	127876882	32	259	28
8	127876946	26	257	28
8	127877016	25	259	28
8	127877190	36	294	28
8	127877207	33	292	28
8	127877326	29	304	28
8	127877355	34	298	28
8	127877541	31	254	28
8	127877605	28	260	28
8	127877745	27	296	28
8	127877976	30	282	28
8	127920387	26	350	28
8	127929116	12	261	28
8	127954857	7	325	28
8	127954870	6	325	28
8	127961617	11	340	28
8	127970913	7	333	28
8	127993770	6	352	28
8	127993808	8	347	28
8	127995069	7	305	28
8	127995105	7	303	28
8	128748216	5	47	3
8	129286676	13	77	3
8	130098120	11	83	3
8	130781121	3	90	3
8	131021535	8	92	3
8	131139847	17	91	3
8	131191025	5	69	3
8	131516486	12	82	3
8	131559532	5	77	3
8	131640849	11	67	3
8	132158808	10	80	3
8	132718264	9	64	3
8	132923390	6	84	3
8	133227469	13	109	3
8	134215019	7	85	3
8	134530961	4	108	3
8	134905009	14	78	3
8	135086424	4	71	3
8	135163093	9	86	3
8	135887965	13	81	3
8	136698366	5	34	3
8	137051851	4	97	3
8	137114991	9	83	3
8	137523584	7	86	3
8	137567041	5	43	3
8	137747738	12	70	3
8	137755631	9	80	3
8	137815753	6	92	3
8	137949695	6	88	3
8	138288087	7	66	3
8	138438385	4	82	3
8	138438859	8	100	3
8	138895512	5	74	3
8	139097491	8	87	3
8	139443825	14	65	3
8	141740183	7	95	3
8	142247310	18	81	3
8	143242952	14	67	3
8	14374995	8	58	1
8	143999177	9	63	3
8	144295319	15	92	3
8	14448056	6	78	1
8	14836859	5	71	1
8	15319971	4	66	1
8	17758734	7	67	1
8	19182421	4	72	1
8	19337679	9	61	1
8	23096545	3	72	1
8	2368432	6	28	1
8	25978786	5	77	1
8	31352610	4	72	0
8	31641194	5	74	0
8	32297448	16	64	3
8	32656035	6	83	3
8	33431793	12	71	3
8	33443082	15	58	3
8	33654608	22	66	3
8	33749550	3	88	3
8	33940105	24	69	3
8	33952559	14	80	3
8	34425497	12	64	3
8	34551643	21	69	3
8	35021654	20	61	3
8	35492109	18	76	3
8	35768895	20	84	3
8	36316342	7	89	3
8	37089332	23	89	3
8	37228792	18	83	3
8	38745002	8	85	3
8	38745425	9	95	3
8	3981516	6	56	1
8	41059305	25	54	4
8	42235960	29	64	5
8	42634426	14	80	5
8	43741734	7	76	4
8	45980534	5	78	4
8	46061447	9	89	4
8	46184021	31	78	4
8	46318447	9	99	4
8	46358973	17	73	4
8	46538204	8	87	4
8	46709561	7	72	4
8	47273024	9	81	4
8	47692966	5	93	4
8	4852191	6	66	1
8	49421111	5	82	4
8	49867727	24	92	4
8	50137827	9	85	4
8	50176247	16	93	4
8	51413707	4	69	4
8	51544702	6	91	4
8	52788534	15	28	4
8	53078629	14	88	4
8	53817450	13	85	4
8	54091544	9	68	4
8	54333135	24	96	4
8	54573346	21	76	4
8	54844977	15	99	4
8	55616207	19	92	4
8	56478212	20	94	4
8	57721244	8	88	4
8	57915490	9	88	4
8	58554930	3	109	4
8	58746018	4	109	4
8	59118226	10	106	4
8	59396837	4	92	4
8	59588210	5	85	4
8	603589	9	73	1
8	61297812	4	81	4
8	61484125	8	84	4
8	62165057	7	89	4
8	62335555	5	81	4
8	62497050	6	90	4
8	62560571	11	55	4
8	63449738	4	89	4
8	63584605	19	96	4
8	64127400	10	58	4
8	64272784	10	96	4
8	64305084	21	82	4
8	64305085	21	82	4
8	66548747	10	91	4
8	67550649	20	89	4
8	67715949	21	95	4
8	67717122	25	84	4
8	68118210	6	83	4
8	68253210	6	97	4
8	68408474	5	86	4
8	68729891	6	104	4
8	68731968	16	71	4
8	68739122	11	99	4
8	70045993	6	55	4
8	70613149	16	92	3
8	71015851	10	76	3
8	72286714	5	96	3
8	72357308	16	71	3
8	72359644	25	81	3
8	72747212	5	88	3
8	72766429	17	80	3
8	73662451	11	96	3
8	75045172	21	99	3
8	75112471	7	98	3
8	75894561	5	70	3
8	75935885	9	81	3
8	76075556	24	79	3
8	76452663	4	109	3
8	76533877	14	72	3
8	76750038	5	80	3
8	76784478	8	78	3
8	76784489	6	78	3
8	76784759	8	97	3
8	77074749	7	86	3
8	77280593	8	75	3
8	77351275	8	102	3
8	77889562	5	88	3
8	78221445	16	76	3
8	78307224	24	67	3
8	78933439	5	89	3
8	79434287	9	108	3
8	80286700	7	78	4
8	82247026	5	97	4
8	82247036	5	93	4
8	82247038	5	94	4
8	82582196	7	85	4
8	82596521	7	83	4
8	82806393	13	83	4
8	82976301	8	99	4
8	83280617	15	81	4
8	83511455	20	74	4
8	84005557	17	86	4
8	84007317	5	110	4
8	84240702	22	88	4
8	84306354	4	113	4
8	84368813	17	70	4
8	84476021	6	95	4
8	84955842	12	79	4
8	85281687	12	84	4
8	85507415	22	77	4
8	85880453	7	87	4
8	85904333	7	113	4
8	86018427	8	90	4
8	86187977	10	96	4
8	87103600	11	87	3
8	87427256	25	79	3
8	88005461	6	93	3
8	88110601	18	87	3
8	88537838	14	85	3
8	88651672	7	93	3
8	88900160	18	61	3
8	88930767	8	102	3
8	91053200	23	98	3
8	91408426	26	89	3
8	91726081	19	63	3
8	92029732	25	85	3
8	92827290	8	97	3
8	93954993	7	111	3
8	94203535	9	93	3
8	94693597	17	69	3
8	96134413	16	91	3
8	96597044	6	101	3
8	97176959	5	93	3
8	97309124	8	89	3
8	97375965	13	88	3
8	97456349	7	90	3
8	97565591	19	67	3
8	99654037	14	62	3
9	10012627	10	77	2
9	100366668	8	69	2
9	100854192	6	78	2
9	10169515	7	72	2
9	10285642	7	52	2
9	103201448	7	75	2
9	103252011	6	84	2
9	103355194	4	62	2
9	103987089	13	60	2
9	105106618	6	73	2
9	106166711	4	68	2
9	10723151	5	73	2
9	107834347	3	77	2
9	108571306	5	78	2
9	111068752	8	80	2
9	111578001	7	78	2
9	112214746	5	77	2
9	112361858	11	66	2
9	11244163	9	77	2
9	112671920	8	69	2
9	11433032	6	89	2
9	115086325	6	89	2
9	116826706	7	77	2
9	116982561	6	69	2
9	117374407	5	69	2
9	117763172	4	80	2
9	119338863	4	62	2
9	119842983	7	89	2
9	12002013	5	71	2
9	120432722	8	63	2
9	121441655	5	95	2
9	122002363	13	77	2
9	12315302	14	85	2
9	124534032	7	77	2
9	126741857	4	69	2
9	129139325	13	73	2
9	129990403	5	63	2
9	131054671	4	58	2
9	132486893	4	81	2
9	134193745	7	68	2
9	134666641	9	96	2
9	136103884	11	76	2
9	136806171	9	79	2
9	136969097	6	64	2
9	14477861	5	79	2
9	14732479	7	85	2
9	16256359	6	91	2
9	16504009	12	68	2
9	18454371	4	84	2
9	18529573	4	69	2
9	2009389	11	68	2
9	20884362	12	80	2
9	23448716	7	74	2
9	2379567	7	95	2
9	24995952	5	87	2
9	25080992	5	74	2
9	25354862	7	82	2
9	2548688	9	69	2
9	25533178	9	71	2
9	25748962	6	74	2
9	26115415	7	79	2
9	27739102	13	62	2
9	28043200	15	66	2
9	29080694	5	66	2
9	29862495	10	59	2
9	31027490	6	69	2
9	31688904	4	73	2
9	31908784	6	71	2
9	32023653	7	91	2
9	32276459	7	70	2
9	33431341	10	84	2
9	33545320	5	88	2
9	3559838	4	66	2
9	35668617	5	67	2
9	37391614	4	79	2
9	37476150	10	71	2
9	3765480	4	81	2
9	39046042	13	242	2
9	4218560	5	79	2
9	4218566	6	80	2
9	43134073	9	89	2
9	43208855	8	76	2
9	61230535	15	72	2
9	63707236	6	59	3
9	63739843	8	82	3
9	65501562	11	74	3
9	67397978	5	101	3
9	68554986	4	84	3
9	68557593	5	86	3
9	70692362	13	69	2
9	70869128	5	100	2
9	71767128	7	76	3
9	71973933	5	79	3
9	71988310	8	84	3
9	73319343	8	72	2
9	73491797	7	85	2
9	73832595	9	71	2
9	75438144	8	81	2
9	75792028	5	66	2
9	76367155	12	82	2
9	76692112	10	86	3
9	77051107	13	66	3
9	77394140	6	76	3
9	77863602	7	122	3
9	78034537	7	100	3
9	78765380	6	97	3
9	78895443	17	71	3
9	79478593	25	95	4
9	80067996	7	97	4
9	80180357	28	91	4
9	81314635	4	97	4
9	82817467	26	68	4
9	83035467	7	94	4
9	83035500	8	92	4
9	83036056	8	83	4
9	83037121	12	87	4
9	83037677	7	74	4
9	8352589	5	90	2
9	8384551	8	73	2
9	85076071	9	104	4
9	85566157	20	85	4
9	86054904	7	96	4
9	86731054	23	86	4
9	87456898	6	86	4
9	8752554	5	83	2
9	87956782	5	85	4
9	88015252	6	64	4
9	89265068	6	97	4
9	89323071	7	79	4
9	9088607	6	64	2
9	91919590	7	73	4
9	91948563	16	92	4
9	9274080	7	53	2
9	93584241	43	85	4
9	94420149	6	105	5
9	94473853	7	89	5
9	9476460	7	71	2
9	94994248	8	72	2
9	9579848	8	80	2
9	97059959	7	81	2
9	98221165	8	80	2
9	98489572	7	81	2
9	9952619	11	82	2
9	99658005	6	67	2
10	10334932	12	82	2
10	105083297	5	86	1
10	106025514	5	41	1
10	106370170	8	70	1
10	106434270	4	71	1
10	106752319	7	68	1
10	107219966	8	63	1
10	107928335	5	77	1
10	108319986	4	73	1
10	109509205	13	87	1
10	110001204	7	70	1
10	110527457	8	66	1
10	11112881	8	68	2
10	111132500	4	77	1
10	112338421	4	99	1
10	113933026	7	68	1
10	115362530	9	63	1
10	115482848	3	64	1
10	117481616	11	78	1
10	117824382	13	56	1
10	118053720	7	87	1
10	121296142	8	82	1
10	122944565	6	80	1
10	123395447	7	82	1
10	123549870	16	71	1
10	123864797	13	63	1
10	125323197	8	70	1
10	127541274	6	58	1
10	128536669	4	57	1
10	129759113	5	68	1
10	130600864	4	67	1
10	14226106	7	88	2
10	14239010	4	75	2
10	14366179	13	65	2
10	16231869	3	81	2
10	17336256	7	60	2
10	18442350	3	71	2
10	19038984	7	63	2
10	19274102	4	83	2
10	1935965	4	66	2
10	19487555	10	67	2
10	20098104	6	80	2
10	20351826	5	47	2
10	20557692	9	74	2
10	20975126	5	84	2
10	21130453	12	68	2
10	22341148	10	78	2
10	22427936	10	76	2
10	23527316	4	97	2
10	23632016	10	64	2
10	24104339	5	90	2
10	25723506	7	88	2
10	25786779	6	80	2
10	2780349	11	89	2
10	29745980	4	64	2
10	29775183	5	75	2
10	31095765	12	79	2
10	32362550	6	80	2
10	32782430	4	86	2
10	3285002	4	62	2
10	33967963	4	67	2
10	34765756	5	79	2
10	35557882	9	86	2
10	36476172	11	84	2
10	36985587	3	87	2
10	37350327	10	57	2
10	37735095	6	93	2
10	37822658	13	78	2
10	37963848	14	82	2
10	38105397	6	90	2
10	38621362	6	65	2
10	39207528	12	60	1
10	39453814	10	58	1
10	41749590	10	75	2
10	42432589	14	78	3
10	44572137	5	82	2
10	44987093	5	75	2
10	45835064	8	67	2
10	45928601	4	76	2
10	4595829	5	79	2
10	47336110	7	100	2
10	48474663	7	72	2
10	49121493	5	84	2
10	50256362	5	76	2
10	51871658	5	87	2
10	52501983	7	77	2
10	52657573	3	79	2
10	52802178	9	77	2
10	53725011	6	83	2
10	54005035	9	79	2
10	54846368	6	83	2
10	55226628	8	69	2
10	55715944	5	82	2
10	56368892	7	79	1
10	56531342	11	85	1
10	57258821	7	87	1
10	57664281	10	67	1
10	57812895	4	62	1
10	60751297	12	60	1
10	61993128	11	68	1
10	63077622	8	70	1
10	67081243	12	66	1
10	68745664	6	65	1
10	69542588	13	92	1
10	69956401	8	83	1
10	71223071	10	92	1
10	71274518	15	81	1
10	71510808	8	69	1
10	72675234	8	60	1
10	75154852	10	68	1
10	75190844	8	56	1
10	75655783	19	74	1
10	7644248	5	59	2
10	78233303	5	67	1
10	78666521	7	72	1
10	80459061	8	68	1
10	81614714	6	73	1
10	81912497	5	73	1
10	83445326	5	71	1
10	85132448	7	75	1
10	86574579	5	72	1
10	86863854	8	69	1
10	88407115	11	71	1
10	88431235	11	61	1
10	903729	8	66	2
10	91032489	13	75	1
10	92163290	8	57	1
10	9495509	7	79	2
10	95005721	5	68	1
10	9529137	4	78	2
10	96098569	6	74	1
10	9644290	11	73	2
10	9747487	9	68	2
11	100022535	5	85	2
11	100992627	4	67	2
11	101375151	9	79	2
11	101805854	8	71	2
11	104215401	6	78	2
11	104422075	8	71	2
11	104917120	9	89	2
11	104935843	10	88	2
11	10504582	4	78	2
11	105184863	6	78	2
11	10615309	8	87	2
11	108997939	10	75	2
11	109439640	8	79	2
11	109614105	7	90	2
11	109963584	4	75	2
11	110737594	5	90	2
11	111110439	5	85	2
11	111110440	5	86	2
11	111110441	5	88	2
11	11227823	4	94	2
11	113022534	6	77	2
11	11439986	5	80	2
11	115541178	4	105	2
11	116344895	4	90	2
11	11670478	6	67	2
11	116729847	5	77	2
11	118050926	10	84	2
11	118390281	8	51	2
11	118644661	13	66	2
11	119903677	7	64	2
11	120554348	4	62	2
11	120992557	5	86	2
11	122143244	5	104	2
11	123233058	9	73	2
11	123582235	9	77	2
11	124145351	15	77	2
11	124163902	3	80	2
11	125445533	5	89	2
11	126124256	10	78	2
11	127300172	6	71	2
11	127506394	13	63	2
11	127529347	7	62	2
11	127573551	7	68	2
11	127696806	8	57	2
11	128172579	8	77	2
11	128380845	9	67	2
11	130255189	11	70	2
11	130884010	6	97	2
11	131113610	4	82	2
11	131771578	7	62	2
11	131778065	12	73	2
11	132231392	12	89	2
11	132377558	4	85	2
11	132404768	10	82	2
11	132416445	6	104	2
11	133454063	4	92	2
11	133519586	6	92	2
11	133519587	6	90	2
11	133595001	4	81	2
11	133601952	12	73	2
11	14580905	6	89	2
11	15230245	5	54	2
11	16823072	6	81	2
11	18545400	4	56	2
11	19040356	5	91	2
11	20597771	5	75	2
11	20947423	4	77	2
11	20979054	5	79	2
11	21881719	5	62	2
11	22576027	6	79	2
11	23042961	9	67	2
11	23822246	6	79	2
11	24455582	6	71	2
11	24743045	8	94	2
11	25773698	10	75	2
11	25991409	13	87	2
11	26060478	5	84	2
11	26149106	6	76	2
11	26501768	4	76	2
11	27729364	4	80	2
11	28091495	5	67	2
11	29568064	7	86	2
11	29871116	10	67	2
11	30935788	6	83	2
11	31110980	7	77	2
11	31926804	6	66	2
11	32249040	14	70	2
11	33397124	4	79	2
11	36730177	5	76	2
11	37747735	7	73	2
11	38058331	13	94	2
11	38434124	5	66	2
11	38724300	8	72	2
11	38730927	7	72	2
11	39155034	5	56	2
11	39694479	11	64	2
11	40196487	9	75	2
11	40401204	7	65	2
11	40483410	3	75	2
11	40747871	9	65	2
11	41095763	6	83	2
11	41099214	9	74	2
11	42008890	6	81	2
11	42261945	7	71	2
11	42274106	6	78	2
11	42283554	8	71	2
11	42424753	9	81	2
11	42935750	6	87	2
11	43037216	12	81	2
11	45524355	5	90	2
11	4720142	6	67	1
11	47339187	7	69	2
11	49203894	5	94	2
11	49586108	11	69	2
11	49761451	15	73	2
11	49826409	3	83	2
11	50258039	9	56	2
11	50650070	8	53	2
11	50766060	6	56	2
11	5237921	5	65	1
11	52633337	6	46	2
11	52633367	8	39	2
11	5358514	9	85	1
11	54579328	5	86	2
11	54840847	7	85	2
11	55178817	10	72	2
11	55222565	6	56	2
11	56109086	6	71	2
11	57006681	5	90	2
11	57688533	12	76	2
11	58436022	6	72	2
11	58887430	5	77	2
11	59287828	7	81	2
11	59889838	7	67	2
11	59900997	7	96	2
11	60073497	5	71	2
11	60719143	4	82	2
11	61346512	8	91	2
11	64141524	5	91	2
11	64284683	8	78	2
11	64440897	4	83	2
11	6454215	3	53	2
11	70229171	7	68	2
11	70399605	5	68	2
11	72261825	5	73	2
11	73775517	6	66	2
11	74553388	6	89	2
11	74809231	6	78	2
11	75031672	4	93	2
11	75284454	4	85	2
11	75512783	10	75	2
11	76123345	5	56	2
11	76892123	7	77	2
11	77509607	6	95	2
11	77765381	7	64	2
11	79134830	10	77	2
11	79553565	11	83	2
11	80210591	10	76	2
11	80344931	13	73	2
11	81375467	7	50	2
11	81418700	14	91	2
11	81550450	9	69	2
11	82306687	10	87	2
11	83142934	5	82	2
11	83885466	8	69	2
11	84756086	10	77	2
11	85427421	5	63	2
11	85614331	9	95	2
11	86010604	7	92	2
11	87216428	5	69	2
11	87505784	11	82	2
11	87664928	6	80	2
11	87738482	5	70	2
11	88021312	5	62	2
11	88174933	4	90	2
11	88337335	11	79	2
11	88549152	10	72	2
11	89793800	7	82	2
11	90598064	5	69	2
11	90939985	5	75	2
11	91279282	5	72	2
11	91322783	5	62	2
11	91374387	5	81	2
11	91376413	7	95	2
11	91598071	11	75	2
11	91731065	5	73	2
11	93173015	4	91	2
11	93224584	4	77	2
11	94022736	6	87	2
11	94412517	7	72	2
11	94896113	10	74	2
11	95571207	8	92	2
11	96643675	5	69	2
11	96870798	7	82	2
11	97224926	9	90	2
11	97776598	8	71	2
11	98138270	9	76	2
11	98505511	10	58	2
11	98550871	8	68	2
11	99253037	4	75	2
12	100403586	13	85	2
12	100430551	6	91	2
12	100647757	8	71	2
12	100677596	12	78	2
12	101023008	6	72	2
12	101617353	16	70	3
12	102084526	5	89	2
12	102321236	5	98	2
12	102788534	6	90	2
12	103981352	5	76	2
12	10652259	9	54	2
12	106936816	7	55	2
12	107794916	10	83	2
12	108981196	4	63	2
12	109230668	6	81	2
12	109800044	9	81	2
12	110436530	4	57	2
12	111782894	4	59	2
12	112388493	6	58	2
12	114116260	6	84	2
12	114413275	10	82	2
12	114615271	3	71	2
12	11560830	12	64	2
12	11592382	7	81	2
12	118663301	4	87	2
12	118914040	7	67	2
12	121390600	4	76	2
12	121400893	6	81	2
12	123416404	3	54	2
12	125317531	14	76	2
12	125422992	6	77	2
12	125442791	6	80	2
12	125465229	9	64	2
12	125626834	11	69	2
12	126468165	5	71	2
12	126593815	9	95	2
12	12678792	11	77	2
12	127295757	4	69	2
12	127659917	5	79	2
12	127767369	4	87	2
12	127857723	12	81	2
12	128104087	9	79	2
12	128250720	3	87	2
12	128387711	5	92	2
12	128611909	9	89	2
12	130293669	8	76	2
12	130781040	6	85	2
12	131367454	14	47	2
12	132027621	9	72	2
12	132210037	5	63	2
12	132274039	4	74	2
12	132344457	6	71	2
12	132344459	6	66	2
12	133138781	6	70	2
12	14365192	8	72	2
12	1449147	10	79	3
12	14651472	11	76	2
12	1484862	5	73	3
12	17151916	8	64	2
12	18882443	35	88	5
12	20435236	4	102	5
12	21056343	6	87	3
12	21317488	7	92	3
12	21319721	5	98	3
12	21319789	4	101	3
12	21319985	6	103	3
12	21686725	9	90	3
12	21687073	5	86	3
12	22693062	8	89	3
12	22699257	7	78	3
12	22739377	5	84	3
12	22808344	12	86	3
12	23292372	7	97	3
12	23549312	5	72	3
12	23830986	12	88	3
12	23950852	8	85	3
12	24983151	7	83	2
12	25026876	7	82	2
12	26441870	4	82	2
12	26442484	5	94	2
12	26843208	8	99	2
12	28184208	17	97	2
12	28288123	16	78	2
12	28341657	13	85	2
12	28781842	18	93	2
12	28898133	5	82	2
12	30310439	8	76	2
12	3046787	6	92	3
12	30569592	9	76	2
12	32502916	8	94	2
12	32920728	4	94	2
12	33405113	4	76	2
12	33769547	19	74	2
12	34209381	8	79	2
12	34349850	14	54	2
12	34508644	11	53	2
12	36966084	2	17	2
12	38089389	9	94	2
12	38272061	4	74	2
12	38599822	13	79	2
12	39001511	12	83	2
12	39538748	4	80	2
12	39949908	7	81	2
12	40573729	15	80	2
12	40740734	14	74	2
12	40909214	8	73	2
12	41401558	5	78	2
12	41668786	6	79	2
12	42046384	6	74	2
12	42449224	5	82	2
12	46881827	4	79	2
12	47209301	7	86	2
12	47256478	4	71	2
12	5105240	12	84	3
12	52322606	6	104	2
12	53322939	6	71	2
12	53819970	9	98	2
12	54780088	3	70	2
12	56065768	8	31	2
12	5606858	8	69	3
12	56509132	6	60	2
12	56548316	10	64	2
12	57390011	9	50	2
12	57491900	4	78	2
12	5889348	12	90	3
12	58920553	13	72	2
12	59958423	4	91	2
12	60292267	10	83	2
12	61205549	10	79	2
12	61879656	16	67	2
12	62260141	7	84	2
12	62531015	10	72	2
12	66225453	10	41	2
12	66846545	8	87	2
12	67585524	10	98	2
12	70766836	12	89	2
12	71333979	7	74	2
12	71598729	6	85	2
12	72046282	18	63	2
12	72381648	13	79	2
12	72709579	7	94	2
12	73606060	9	80	2
12	73896121	19	86	2
12	744425	8	96	3
12	75078915	5	81	2
12	7576270	9	71	2
12	77286119	17	67	2
12	77869438	15	81	2
12	78380528	6	82	2
12	79386399	17	82	2
12	80138951	5	73	2
12	80897570	3	86	2
12	81704132	14	83	2
12	82115707	8	62	2
12	82189610	9	68	2
12	82533577	15	68	2
12	83242665	8	74	2
12	83400308	18	65	2
12	8354844	5	69	2
12	84078178	8	89	2
12	84104340	5	85	2
12	84916273	5	80	2
12	8495376	11	78	2
12	85303433	13	58	2
12	85954387	12	79	2
12	86075803	10	103	2
12	86468481	3	79	2
12	86647864	7	88	2
12	86821808	5	63	2
12	87143224	9	72	2
12	87386570	11	81	2
12	87509404	10	79	2
12	8765651	9	74	2
12	88018249	6	82	2
12	88443973	11	75	2
12	88885851	9	69	2
12	89507361	14	52	2
12	90567496	10	68	2
12	91233654	12	76	2
12	94027549	6	88	2
12	94120245	4	84	2
12	94425224	4	88	2
12	95584495	6	77	2
12	96782632	14	89	2
12	96976794	26	62	2
12	97097980	7	74	2
12	98305692	10	59	2
12	99170143	3	84	2
12	99260205	9	93	2
12	99739342	14	58	2
13	101315283	8	66	1
13	101612448	4	87	1
13	102059654	5	71	1
13	102261536	8	91	1
13	102530671	7	73	1
13	103638285	10	85	1
13	103885735	7	81	1
13	103885765	7	79	1
13	104254131	6	58	1
13	105303863	5	87	1
13	105788118	10	68	1
13	105876308	10	78	1
13	106038286	4	78	1
13	106815952	11	78	1
13	107132736	4	75	1
13	107184020	6	72	1
13	107859625	9	55	1
13	108286606	6	62	1
13	108383544	6	68	1
13	108531568	5	77	1
13	108545401	9	62	1
13	108809193	6	75	1
13	109441603	9	91	1
13	111087231	13	53	1
13	16450189	2	56	2
13	16917672	2	20	2
13	17363981	12	20	2
13	18189422	4	35	2
13	18283244	7	32	2
13	18949657	7	71	2
13	19238856	7	62	2
13	21688448	5	79	2
13	22217545	4	78	2
13	22783113	7	73	2
13	23227995	10	97	2
13	23502567	13	79	2
13	23917018	6	90	2
13	24857895	8	85	2
13	25859910	8	78	2
13	26423428	4	68	2
13	26480363	9	79	2
13	28145288	8	57	3
13	31517575	12	59	2
13	34143109	7	105	2
13	35409085	7	96	2
13	35906329	6	56	2
13	36008244	2	59	2
13	37390842	4	74	2
13	37465899	8	69	2
13	37547710	9	84	2
13	39475580	13	78	2
13	41018319	8	81	2
13	41686871	20	76	2
13	41786716	14	85	2
13	43668822	6	99	2
13	44431072	11	79	2
13	45946478	8	100	2
13	46809824	6	84	2
13	47003145	4	93	2
13	47498590	7	69	2
13	48192479	5	54	2
13	48816907	5	88	2
13	50134426	5	74	2
13	52214250	10	64	2
13	52550361	8	76	2
13	53264818	6	73	2
13	54343462	5	66	2
13	54556408	7	89	2
13	54609972	5	73	2
13	55231703	7	70	2
13	55250094	9	77	2
13	55382817	6	67	2
13	55435967	6	84	2
13	55716669	13	81	2
13	55770456	9	79	2
13	55802078	9	64	2
13	56126523	3	77	2
13	56227895	9	72	2
13	56482879	4	71	2
13	56903060	5	82	2
13	56993972	10	69	2
13	57617337	11	65	2
13	58221171	4	81	2
13	58823918	8	69	2
13	58930006	13	66	2
13	59770113	6	78	2
13	60398643	8	75	2
13	60905742	7	73	2
13	63311515	4	76	2
13	64977665	4	78	2
13	65442847	9	65	2
13	65673589	6	73	2
13	66421102	5	67	2
13	66665146	4	79	2
13	67106589	4	93	2
13	67381820	5	74	2
13	67590099	3	65	2
13	67620953	9	66	2
13	67770841	4	90	2
13	68005579	6	77	2
13	68433369	4	64	2
13	69133887	9	85	2
13	69310216	6	72	2
13	70125387	4	61	2
13	70125388	4	60	2
13	70726226	5	78	2
13	78995794	7	76	1
13	81851785	4	66	1
13	83000930	7	79	1
13	83872522	5	52	1
13	86703246	4	70	1
13	87424053	5	90	1
13	87624819	5	23	1
13	87778420	6	59	1
13	88831115	6	79	1
13	88971123	5	83	1
13	96348709	11	58	1
13	99406211	6	69	1
13	99639337	6	59	1
14	100896847	19	98	3
14	103885141	8	85	3
14	104396640	15	71	3
14	105049359	4	85	3
14	20605022	9	101	3
14	20732694	14	69	3
14	22138881	6	69	3
14	22273594	14	67	3
14	22310905	25	84	3
14	22398507	5	87	3
14	23653020	18	83	3
14	24104507	5	69	3
14	24868123	14	89	3
14	25077207	6	84	3
14	27134667	5	93	3
14	27313891	6	85	3
14	27616371	5	95	3
14	28151842	12	70	3
14	28683094	12	77	3
14	28877376	11	75	3
14	31043663	5	81	3
14	31193886	8	89	3
14	31205392	8	64	3
14	32357652	13	68	3
14	32432819	18	83	3
14	32944141	6	97	3
14	33175519	4	82	3
14	34232429	8	98	3
14	34460008	11	85	3
14	35894300	15	71	3
14	36139555	4	56	3
14	36235798	5	89	3
14	37042234	6	111	3
14	37507983	6	86	3
14	37590029	6	93	3
14	39696361	11	62	3
14	39807065	6	91	3
14	40396025	9	76	3
14	40712495	4	72	3
14	40862822	5	87	3
14	40933320	5	72	3
14	41064087	9	81	3
14	41182044	3	39	3
14	42341352	6	77	3
14	42401195	4	73	3
14	42758254	6	67	3
14	42904637	11	83	3
14	42970647	4	93	3
14	43154911	3	85	3
14	43580083	4	89	3
14	43992836	4	70	3
14	44075504	17	78	3
14	44242077	7	90	3
14	44399472	5	85	3
14	45290558	4	79	3
14	46694848	12	86	3
14	46956921	5	88	3
14	47318069	13	69	3
14	47458872	4	76	3
14	48258597	6	74	3
14	48293287	4	72	3
14	48743079	13	68	3
14	48918112	7	82	3
14	49070863	10	76	3
14	50504315	6	92	3
14	51180057	3	78	3
14	52389452	8	82	3
14	52495887	15	73	3
14	52797054	9	79	3
14	53217272	5	94	3
14	53606229	12	90	3
14	53888247	10	76	3
14	54029371	5	87	3
14	55580234	13	67	3
14	57337080	10	74	3
14	58026337	6	93	3
14	59375374	13	91	3
14	62503905	7	81	3
14	62754839	6	74	3
14	63493903	17	72	3
14	63560027	8	63	3
14	67415795	11	94	3
14	67897200	13	82	3
14	72137974	7	79	3
14	72208627	11	94	3
14	72328680	16	73	3
14	72562990	4	83	3
14	75396873	6	69	3
14	75488609	5	74	3
14	76624141	9	67	3
14	76789349	11	92	3
14	76984854	9	85	3
14	78723013	10	81	3
14	79020679	7	67	3
14	79482449	5	83	3
14	80413093	12	84	3
14	80837923	21	70	3
14	81615591	8	80	3
14	82441517	5	74	3
14	82776689	6	93	3
14	82907512	9	69	3
14	83082061	6	81	3
14	83526945	4	90	3
14	83680222	6	80	3
14	84349381	4	75	3
14	84442755	4	82	3
14	84621161	3	74	3
14	85401152	12	87	3
14	85704130	12	73	3
14	85709208	14	80	3
14	86632449	4	93	3
14	87245727	8	76	3
14	87316753	6	97	3
14	87379884	6	82	3
14	87901117	12	60	3
14	88111973	15	73	3
14	88631215	6	93	3
14	89181411	14	81	3
14	95715293	4	75	3
14	99427772	7	82	3
15	17024141	4	58	2
15	26056201	14	84	2
15	27104675	5	81	1
15	35878914	9	87	1
15	37527007	5	73	1
15	39632661	5	77	1
15	42613906	10	81	1
15	46424440	12	71	1
15	47082494	5	81	1
15	51792965	5	79	1
15	53200374	6	68	1
15	53702072	7	66	1
15	54462575	8	72	1
15	56566656	4	87	1
15	58726478	6	58	1
15	59760935	11	64	1
15	61030041	12	82	1
15	61253001	7	83	1
15	64882144	8	78	1
15	65468594	13	76	1
15	65498761	5	72	1
15	65498762	5	72	1
15	67030652	7	76	1
15	68314873	4	93	1
15	69671454	9	64	1
15	70182170	10	86	1
15	70191062	15	86	1
15	70549191	7	75	1
15	70810646	16	68	1
15	71605439	9	70	1
15	72544028	3	69	1
15	74440661	8	81	1
15	77419516	6	55	1
15	78841789	5	59	1
15	82244242	5	72	1
15	82711909	9	65	1
15	84164005	5	78	1
15	87802562	6	62	1
15	88181704	7	93	1
15	88358599	11	70	1
15	88423192	8	87	1
15	88762568	10	67	1
15	91834231	16	69	1
15	93065939	12	76	1
15	94577362	5	104	1
15	95117718	14	76	2
15	97245197	7	85	2
15	97335271	14	71	2
15	97485424	6	87	2
15	97833103	6	75	2
15	97833113	7	75	2
15	99742584	13	85	2
16	1003582	11	77	3
16	10387328	9	85	2
16	10393775	8	73	2
16	13160661	9	83	2
16	13565393	7	70	2
16	13996227	4	85	2
16	17041318	6	76	2
16	17547991	11	74	2
16	18566109	9	63	2
16	18974182	7	59	2
16	19361217	5	72	2
16	20273605	6	82	2
16	20537684	11	69	2
16	2280573	15	73	3
16	23537955	7	64	2
16	23813527	8	61	2
16	24528915	7	78	2
16	25435621	5	74	2
16	26628362	4	64	2
16	26889622	8	70	2
16	26991678	12	68	2
16	2781176	16	85	3
16	28544389	7	72	2
16	30414628	6	67	2
16	30437352	7	79	2
16	30894542	9	76	2
16	33701273	12	76	2
16	33871580	8	42	2
16	34589247	12	38	2
16	34659377	7	61	2
16	34716379	11	38	2
16	35318936	13	71	2
16	35366048	15	68	2
16	35688402	5	76	2
16	36134266	9	66	2
16	36191299	13	49	2
16	4581202	6	18	3
16	4995038	7	67	3
16	51615097	14	71	2
16	51666361	9	75	2
16	54442867	14	76	3
16	55377903	8	110	3
16	5779366	6	87	3
16	58952443	5	64	2
16	59273353	13	65	2
16	59779177	10	69	2
16	60066408	16	62	2
16	60898968	8	62	2
16	60968252	4	62	2
16	6100162	5	92	3
16	6193079	11	65	3
16	62478140	8	94	3
16	63735013	5	89	3
16	63832247	4	89	3
16	63891852	5	74	3
16	64200171	5	87	3
16	64625007	12	61	3
16	64778080	7	88	3
16	64813649	6	95	3
16	6539411	14	91	3
16	65859509	11	84	3
16	6669271	10	102	3
16	66773879	12	60	3
16	6908710	4	115	3
16	6915130	18	64	3
16	7009546	18	54	3
16	70644415	8	59	3
16	712294	4	74	1
16	7128110	10	84	3
16	71389787	12	83	3
16	71948166	11	82	3
16	72005574	7	87	3
16	72663987	6	94	3
16	72682572	11	68	3
16	7334303	6	109	3
16	73500031	5	85	3
16	73760768	13	83	3
16	74120944	6	89	3
16	75019828	4	71	3
16	75966008	11	80	3
16	76080988	17	63	3
16	76520230	12	80	3
16	7682012	6	84	2
16	78227061	6	65	2
16	78344249	7	40	2
16	7858678	9	90	2
16	8025802	11	71	2
16	80633345	17	80	2
16	80804541	8	28	2
16	8082384	4	78	2
16	8174635	12	77	2
16	82658658	17	67	2
16	82759520	7	71	2
16	83006472	6	81	2
16	8548705	7	30	2
16	86396626	5	76	2
16	86584981	12	64	2
16	8692643	10	63	2
16	8975589	7	66	2
16	9165638	16	77	2
16	917195	4	78	1
16	9462943	6	76	2
16	9821225	15	84	2
16	9916585	8	81	2
17	10034131	6	76	1
17	10235273	19	38	1
17	10651587	5	70	1
17	13156442	10	79	1
17	13699949	5	76	1
17	15688325	6	67	1
17	15799947	10	45	1
17	16156508	5	49	1
17	19411420	6	70	1
17	19952489	6	65	1
17	20019707	6	73	1
17	20842818	11	81	1
17	2165937	3	68	1
17	22060628	14	65	1
17	22180616	11	54	2
17	22364634	5	56	2
17	22364656	5	60	2
17	22664343	13	64	2
17	2394706	9	81	1
17	2447386	23	106	1
17	27530074	7	70	2
17	29171227	6	78	2
17	29485521	12	71	2
17	2967239	12	72	1
17	29685858	4	81	2
17	30989833	5	71	2
17	31293706	7	67	2
17	3163024	14	75	1
17	31670626	9	82	2
17	3226919	8	60	1
17	3369674	12	61	1
17	3510799	12	61	1
17	35529966	7	63	2
17	38858754	12	58	2
17	39310169	8	51	2
17	40488249	4	72	2
17	40553934	7	89	2
17	40671351	4	73	2
17	40775250	4	62	2
17	41694951	8	78	2
17	42126057	6	73	2
17	42453888	6	76	2
17	4505803	13	61	1
17	45289791	8	70	2
17	48244803	8	84	2
17	51982592	10	75	2
17	5244243	5	77	1
17	53390092	7	80	2
17	53509288	9	84	2
17	5361809	9	66	1
17	53694965	4	58	2
17	54030647	5	82	2
17	54616632	6	84	2
17	54763570	11	69	2
17	55275158	7	83	2
17	55458576	6	35	2
17	55737578	11	86	2
17	55904697	7	92	2
17	56120528	10	83	2
17	56394400	6	86	2
17	57512564	6	78	2
17	57801517	6	86	2
17	59562673	7	91	2
17	60307246	12	81	2
17	63271865	4	93	2
17	6416457	9	68	1
17	65451590	3	64	2
17	66073618	6	84	2
17	66666463	11	76	2
17	66916878	5	81	2
17	6859673	5	79	1
17	68902839	6	71	3
17	69086563	6	43	3
17	71280238	8	76	2
17	71296498	14	68	2
17	71430577	7	75	2
17	72024087	8	87	2
17	72516228	3	108	2
17	73746314	7	72	2
17	74107575	9	93	2
17	74430721	7	66	2
17	76931158	6	76	2
17	77052261	5	101	2
17	78319153	4	76	2
17	78591789	4	42	2
17	79078498	6	93	2
17	79861197	5	72	2
17	79996737	14	70	2
17	81892317	10	69	2
17	9974764	9	80	1
18	10054787	14	104	3
18	1110454	6	93	3
18	11995908	5	94	3
18	13175436	13	92	3
18	13291106	8	82	3
18	13887901	9	91	3
18	13900368	13	86	3
18	1417323	10	84	3
18	1435546	4	86	3
18	14655443	7	68	3
18	15643044	9	125	2
18	17012803	7	169	2
18	1891313	12	89	3
18	2117440	10	73	3
18	21359292	9	57	2
18	24899276	3	77	2
18	25617149	8	66	2
18	26118541	5	88	2
18	27780551	9	88	3
18	28204613	11	83	3
18	28584196	11	78	3
18	28827105	7	68	3
18	29246699	19	78	3
18	29265241	10	88	3
18	29265777	18	69	3
18	29266775	9	69	3
18	29269601	10	80	3
18	29271942	12	84	3
18	29334829	3	76	3
18	29664965	17	72	3
18	29826761	15	93	3
18	29882632	12	82	3
18	31258038	13	64	2
18	31702042	7	77	2
18	3216117	12	83	3
18	33202570	10	73	2
18	33964164	10	74	2
18	3749251	10	76	3
18	37498515	10	38	2
18	38884943	8	76	2
18	40489647	13	71	2
18	40497113	7	81	2
18	40711377	9	53	2
18	4088814	7	100	3
18	41709693	4	97	2
18	42071887	8	66	2
18	43953335	4	73	2
18	44250324	4	87	2
18	4532495	7	88	3
18	46357984	10	82	2
18	4681750	13	86	3
18	47297196	4	63	2
18	48130492	18	95	2
18	5017686	10	77	3
18	51638237	16	77	2
18	52011278	6	66	2
18	52333866	18	86	2
18	5240118	14	80	3
18	52829793	4	93	2
18	56159353	5	82	2
18	5630583	10	82	3
18	5649603	10	100	3
18	57728879	11	67	2
18	58291124	5	52	2
18	58667205	12	63	2
18	59095955	17	71	2
18	59858824	13	62	2
18	60038291	15	70	2
18	60110255	5	65	2
18	60179798	13	73	2
18	65122744	9	70	2
18	66891255	5	72	2
18	68150746	12	59	2
18	68215914	9	72	2
18	69197459	4	85	2
18	7083845	9	67	3
18	71016563	9	71	2
18	71221760	4	98	2
18	71335996	9	70	2
18	71724940	4	82	2
18	71907649	4	65	2
18	72381206	8	75	2
18	73803152	5	69	2
18	74138515	7	87	2
18	77006819	18	79	2
18	77332072	14	68	2
18	77618334	12	64	2
18	77776254	6	83	2
18	7850788	13	70	3
18	80082455	7	81	2
18	8073276	9	80	3
18	9069495	9	83	3
18	9370086	10	90	3
19	11337043	4	57	2
19	11406997	5	58	2
19	12555666	10	72	2
19	13648645	11	43	2
19	13778947	8	85	2
19	14309708	4	63	2
19	14981008	12	71	2
19	15086249	3	66	2
19	15404566	6	95	2
19	16523062	6	77	2
19	17183170	9	54	2
19	21279769	10	58	4
19	22478763	5	98	4
19	22535576	17	83	3
19	22831685	7	104	3
19	22885766	6	77	3
19	24149659	7	77	3
19	251761	7	59	2
19	27479746	10	68	3
19	27567681	9	64	3
19	28386149	10	85	3
19	28403255	7	92	3
19	28513149	12	71	3
19	28636310	8	71	3
19	28840788	7	66	2
19	28919858	10	73	2
19	29639244	13	73	2
19	29741323	5	87	2
19	29761742	6	83	2
19	30767826	5	76	2
19	30918662	6	82	2
19	31829744	6	44	2
19	33466381	8	92	2
19	3393915	5	66	2
19	34443731	11	64	2
19	34624013	7	85	2
19	36837708	6	82	2
19	3714138	5	55	2
19	37230474	6	68	2
19	40455090	10	81	2
19	41098962	6	91	2
19	42724409	10	75	2
19	43007454	7	95	2
19	44135548	10	71	2
19	44459162	9	87	2
19	46849232	11	79	2
19	49084724	13	69	2
19	49634426	7	50	2
19	50794839	7	73	2
19	51216026	7	72	2
19	52374353	3	68	2
19	53896316	5	75	2
19	53921964	6	39	2
19	53983172	8	56	2
19	55647969	6	79	2
19	56712679	5	81	2
19	57062924	6	75	2
19	57344469	11	79	2
19	57704515	16	66	2
19	57716517	6	67	2
19	58022401	7	85	2
19	58038641	4	63	2
19	7896189	5	54	2
19	8558347	8	56	2
19	9236084	4	72	2
19	9325991	8	63	2
19	9586245	7	71	2
19	9945780	7	86	2
20	10259716	15	80	2
20	10318183	7	97	2
20	10682883	5	84	2
20	10966724	8	90	2
20	11135594	4	86	2
20	11226671	6	97	2
20	12380816	5	84	2
20	12693303	5	80	2
20	13377939	11	68	2
20	13646312	9	71	2
20	15513181	3	97	2
20	15885121	8	85	2
20	16922855	12	64	2
20	17058969	8	87	2
20	17166795	4	80	2
20	17723177	7	74	2
20	18848727	8	56	2
20	19712296	4	77	2
20	19883093	3	69	2
20	20087168	8	84	2
20	20110580	7	76	2
20	23944876	11	81	2
20	24455846	5	85	2
20	26128359	6	70	2
20	29103490	7	75	2
20	2915276	7	70	2
20	29298983	5	26	2
20	29721412	2	91	2
20	29725056	6	81	2
20	29765174	8	56	2
20	299751	6	85	2
20	31240957	4	63	2
20	32479692	10	78	2
20	34332296	13	63	2
20	34545876	5	95	2
20	34545990	6	71	2
20	34546734	6	104	2
20	34547187	4	81	2
20	35101266	8	58	2
20	35530431	7	59	2
20	3680146	4	87	2
20	36882338	9	64	2
20	37517623	5	90	2
20	38343581	4	78	2
20	38344471	5	79	2
20	38422269	3	96	2
20	38422343	5	101	2
20	38624361	8	91	2
20	39733723	13	71	2
20	40206581	5	82	2
20	40683707	7	85	2
20	41366257	5	71	2
20	41829500	13	95	2
20	41962552	8	81	2
20	42014992	12	70	2
20	42134710	4	95	2
20	42933500	7	87	2
20	43515160	10	89	2
20	43791664	7	78	2
20	44054976	11	81	2
20	44173524	6	81	2
20	4452035	9	111	2
20	44525080	10	68	2
20	4540495	7	86	2
20	45606721	5	83	2
20	47150889	4	78	2
20	47586266	14	84	2
20	48127307	5	55	2
20	48542043	4	78	2
20	48542589	6	85	2
20	48713376	5	73	2
20	49144523	4	70	2
20	49147330	11	81	2
20	49601637	8	70	2
20	50049472	15	63	2
20	51567735	5	84	2
20	52243899	5	82	2
20	52766201	9	92	2
20	54288329	5	78	2
20	56504168	5	77	2
20	56870461	12	82	2
20	57328823	4	78	2
20	57889820	11	83	2
20	5852419	5	75	2
20	59461824	6	81	2
20	60908882	4	76	2
20	61325974	10	69	2
20	6164577	5	78	2
20	6180553	8	94	2
20	6273010	9	67	2
20	6280302	4	72	2
20	63100069	5	86	2
20	63150411	6	86	2
20	63150437	9	81	2
20	63169851	6	80	2
20	63802037	15	77	2
20	6524880	4	65	2
20	6689022	5	39	2
20	7017803	10	74	2
20	7316963	9	88	2
20	7525982	5	71	2
20	7703293	8	56	2
20	7771695	8	82	2
20	7851851	18	83	2
20	8085306	12	99	2
20	9754236	6	76	2
21	13198233	12	87	2
21	13270558	5	76	3
21	13293007	8	88	3
21	13522947	5	95	3
21	13897058	9	82	3
21	14021135	7	91	3
21	14042265	5	97	3
21	16569281	10	85	2
21	17598722	11	68	2
21	18023873	6	78	2
21	18345242	5	74	2
21	18458765	11	88	2
21	18475896	7	72	2
21	18757770	8	79	2
21	18791972	6	64	2
21	19289769	5	86	2
21	19900054	11	77	2
21	19961609	9	70	2
21	20416839	10	76	2
21	21187854	8	73	2
21	21659814	14	83	2
21	23128226	12	60	2
21	23370131	6	63	2
21	23677770	5	66	2
21	24235463	5	40	2
21	25185750	5	91	2
21	26005924	6	90	2
21	26256176	8	53	2
21	29517012	5	76	2
21	29810507	8	95	2
21	30626159	5	100	2
21	31638053	12	66	2
21	34344768	9	74	2
21	34585853	11	66	2
21	36050216	5	70	2
21	36785056	6	75	2
21	36995271	12	60	2
21	37642379	7	81	2
21	38196097	11	91	2
21	38206483	4	79	2
21	38206484	4	79	2
21	38269321	5	104	2
21	38524122	10	76	2
21	38524286	8	74	2
21	38524528	7	83	2
21	38524678	15	89	2
21	38526239	13	95	2
21	38526348	11	87	2
21	38526628	5	64	2
21	38527039	6	72	2
21	38808849	7	90	2
21	38920524	15	93	2
21	39146673	12	83	2
21	39147529	12	89	2
21	39361384	5	77	2
21	39756606	5	103	2
21	40414172	16	69	2
21	40441692	13	72	2
21	40648450	6	95	2
21	41046122	9	81	2
21	42124421	6	75	2
22	12709672	12	91	2
22	19501013	15	82	1
22	23675357	7	92	2
22	24201185	4	71	2
22	24455504	4	71	2
22	29469352	12	71	2
22	29501829	9	73	2
22	29788453	8	76	2
22	30024033	6	79	2
22	33328607	9	63	2
22	33779251	5	64	2
22	33802938	5	62	2
22	34744524	9	82	2
22	35379702	9	65	2
22	35637804	8	85	2
22	36576883	5	75	2
22	39181556	5	70	2
22	41005336	6	60	2
22	41450412	5	90	2
22	44158154	5	94	2
22	44508030	6	85	2
22	47656736	6	80	1
22	48198747	12	79	1
22	48209472	7	60	1
22	48232046	11	73	1
22	48279116	8	84	1
22	49243874	6	82	1
22	49369481	5	91	1
22	49787376	11	70	1
22	50162246	5	69	1
15	1	1	1	2
20	1	1	1	2
7	1	1	1	2
3	1	1	1	2
14	1	1	1	2
1	1	1	1	2
10	1	1	1	2
19	1	1	1	2
4	1	1	1	2
9	1	1	1	2
2	1	1	1	2
14	1	1	1	2
5	1	1	1	2
10	1	1	1	2
1	1	1	1	2
9	1	1	1	2
12	1	1	1	2
10	1	1	1	2
1	1	1	1	2
3	1	1	1	2
4	1	1	1	2
8	1	1	1	2
18	1	1	1	2
3	1	1	1	2
5	1	1	1	2
5	1	1	1	2
14	1	1	1	2
15	1	1	1	2
2	1	1	1	2
4	1	1	1	2
5	1	1	1	2
8	1	1	1	2
6	1	1	1	2
12	1	1	1	2
4	1	1	1	2
5	1	1	1	2
10	1	1	1	2
15	1	1	1	2
22	1	1	1	2
9	1	1	1	2
7	1	1	1	2
2	1	1	1	2
8	1	1	1	2
16	1	1	1	2
18	1	1	1	2
13	1	1	1	2
9	1	1	1	2
2	1	1	1	2
4	1	1	1	2
3	1	1	1	2
5	1	1	1	2
1	1	1	1	2
5	1	1	1	2
7	1	1	1	2
5	1	1	1	2
5	1	1	1	2
10	1	1	1	2
10	1	1	1	2
2	1	1	1	2
22	1	1	1	2
15	1	1	1	2
1	1	1	1	2
11	1	1	1	2
7	1	1	1	2
2	1	1	1	2
6	1	1	1	2
12	1	1	1	2
20	1	1	1	2
13	1	1	1	2
4	1	1	1	2
10	1	1	1	2
6	1	1	1	2
9	1	1	1	2
14	1	1	1	2
13	1	1	1	2
3	1	1	1	2
7	1	1	1	2
5	1	1	1	2
1	1	1	1	2
6	1	1	1	2
10	1	1	1	2
8	1	1	1	2
10	1	1	1	2
10	1	1	1	2
3	1	1	1	2
3	1	1	1	2
15	1	1	1	2
12	1	1	1	2
11	1	1	1	2
6	1	1	1	2
2	1	1	1	2
21	1	1	1	2
5	1	1	1	2
11	1	1	1	2
5	1	1	1	2
17	1	1	1	2
5	1	1	1	2
14	1	1	1	2
10	1	1	1	2
16	1	1	1	2
12	1	1	1	2
11	1	1	1	2
6	1	1	1	2
15	1	1	1	2
4	1	1	1	2
9	1	1	1	2
3	1	1	1	2
15	1	1	1	2
2	1	1	1	2
7	1	1	1	2
4	1	1	1	2
15	1	1	1	2
11	1	1	1	2
5	1	1	1	2
5	1	1	1	2
15	1	1	1	2
21	1	1	1	2
6	1	1	1	2
18	1	1	1	2
2	1	1	1	2
1	1	1	1	2
21	1	1	1	2
7	1	1	1	2
18	1	1	1	2
10	1	1	1	2
15	1	1	1	2
5	1	1	1	2
22	1	1	1	2
16	1	1	1	2
5	1	1	1	2
14	1	1	1	2
13	1	1	1	2
11	1	1	1	2
20	1	1	1	2
14	1	1	1	2
8	1	1	1	2
14	1	1	1	2
1	1	1	1	2
4	1	1	1	2
15	1	1	1	2
8	1	1	1	2
7	1	1	1	2
9	1	1	1	2
13	1	1	1	2
12	1	1	1	2
13	1	1	1	2
2	1	1	1	2
1	1	1	1	2
1	1	1	1	2
19	1	1	1	2
1	1	1	1	2
2	1	1	1	2
3	1	1	1	2
8	1	1	1	2
8	1	1	1	2
3	1	1	1	2
1	1	1	1	2
1	1	1	1	2
1	1	1	1	2
6	1	1	1	2
7	1	1	1	2
2	1	1	1	2
4	1	1	1	2
5	1	1	1	2
16	1	1	1	2
4	1	1	1	2
2	1	1	1	2
9	1	1	1	2
15	1	1	1	2
1	1	1	1	2
2	1	1	1	2
6	1	1	1	2
1	1	1	1	2
19	1	1	1	2
4	1	1	1	2
2	1	1	1	2
3	1	1	1	2
2	1	1	1	2
7	1	1	1	2
7	1	1	1	2
2	1	1	1	2
2	1	1	1	2
7	1	1	1	2
6	1	1	1	2
5	1	1	1	2
10	1	1	1	2
20	1	1	1	2
13	1	1	1	2
11	1	1	1	2
2	1	1	1	2
14	1	1	1	2
11	1	1	1	2
18	1	1	1	2
5	1	1	1	2
14	1	1	1	2
6	1	1	1	2
4	1	1	1	2
2	1	1	1	2
1	1	1	1	2
4	1	1	1	2
7	1	1	1	2
7	1	1	1	2
8	1	1	1	2
2	1	1	1	2
11	1	1	1	2
13	1	1	1	2
2	1	1	1	2
2	1	1	1	2
6	1	1	1	2
13	1	1	1	2
3	1	1	1	2
5	1	1	1	2
14	1	1	1	2
6	1	1	1	2
3	1	1	1	2
9	1	1	1	2
9	1	1	1	2
11	1	1	1	2
13	1	1	1	2
2	1	1	1	2
11	1	1	1	2
2	1	1	1	2
13	1	1	1	2
4	1	1	1	2
1	1	1	1	2
13	1	1	1	2
4	1	1	1	2
10	1	1	1	2
5	1	1	1	2
16	1	1	1	2
3	1	1	1	2
20	1	1	1	2
1	1	1	1	2
15	1	1	1	2
9	1	1	1	2
9	1	1	1	2
16	1	1	1	2
1	1	1	1	2
9	1	1	1	2
2	1	1	1	2
11	1	1	1	2
3	1	1	1	2
10	1	1	1	2
4	1	1	1	2
6	1	1	1	2
13	1	1	1	2
1	1	1	1	2
4	1	1	1	2
5	1	1	1	2
10	1	1	1	2
3	1	1	1	2
8	1	1	1	2
11	1	1	1	2
6	1	1	1	2
4	1	1	1	2
1	1	1	1	2
4	1	1	1	2
4	1	1	1	2
16	1	1	1	2
5	1	1	1	2
17	1	1	1	2
4	1	1	1	2
5	1	1	1	2
4	1	1	1	2
11	1	1	1	2
2	1	1	1	2
15	1	1	1	2
19	1	1	1	2
2	1	1	1	2
11	1	1	1	2
18	1	1	1	2
4	1	1	1	2
12	1	1	1	2
1	1	1	1	2
12	1	1	1	2
5	1	1	1	2
7	1	1	1	2
3	1	1	1	2
13	1	1	1	2
2	1	1	1	2
3	1	1	1	2
4	1	1	1	2
7	1	1	1	2
6	1	1	1	2
12	1	1	1	2
12	1	1	1	2
5	1	1	1	2
8	1	1	1	2
7	1	1	1	2
1	1	1	1	2
10	1	1	1	2
11	1	1	1	2
11	1	1	1	2
2	1	1	1	2
2	1	1	1	2
8	1	1	1	2
5	1	1	1	2
15	1	1	1	2
4	1	1	1	2
21	1	1	1	2
1	1	1	1	2
13	1	1	1	2
11	1	1	1	2
18	1	1	1	2
19	1	1	1	2
6	1	1	1	2
1	1	1	1	2
7	1	1	1	2
3	1	1	1	2
11	1	1	1	2
11	1	1	1	2
1	1	1	1	2
17	1	1	1	2
20	1	1	1	2
6	1	1	1	2
4	1	1	1	2
4	1	1	1	2
15	1	1	1	2
3	1	1	1	2
15	1	1	1	2
4	1	1	1	2
12	1	1	1	2
3	1	1	1	2
8	1	1	1	2
10	1	1	1	2
8	1	1	1	2
1	1	1	1	2
6	1	1	1	2
18	1	1	1	2
2	1	1	1	2
12	1	1	1	2
12	1	1	1	2
18	1	1	1	2
4	1	1	1	2
8	1	1	1	2
7	1	1	1	2
4	1	1	1	2
6	1	1	1	2
3	1	1	1	2
5	1	1	1	2
4	1	1	1	2
10	1	1	1	2
13	1	1	1	2
3	1	1	1	2
1	1	1	1	2
17	1	1	1	2
11	1	1	1	2
4	1	1	1	2
13	1	1	1	2
20	1	1	1	2
5	1	1	1	2
11	1	1	1	2
5	1	1	1	2
2	1	1	1	2
2	1	1	1	2
8	1	1	1	2
10	1	1	1	2
9	1	1	1	2
5	1	1	1	2
19	1	1	1	2
1	1	1	1	2
1	1	1	1	2
11	1	1	1	2
15	1	1	1	2
2	1	1	1	2
4	1	1	1	2
7	1	1	1	2
4	1	1	1	2
2	1	1	1	2
4	1	1	1	2
11	1	1	1	2
1	1	1	1	2
18	1	1	1	2
14	1	1	1	2
10	1	1	1	2
10	1	1	1	2
2	1	1	1	2
6	1	1	1	2
4	1	1	1	2
17	1	1	1	2
1	1	1	1	2
2	1	1	1	2
7	1	1	1	2
3	1	1	1	2
3	1	1	1	2
4	1	1	1	2
4	1	1	1	2
18	1	1	1	2
9	1	1	1	2
11	1	1	1	2
8	1	1	1	2
12	1	1	1	2
3	1	1	1	2
12	1	1	1	2
7	1	1	1	2
11	1	1	1	2
6	1	1	1	2
20	1	1	1	2
2	1	1	1	2
6	1	1	1	2
14	1	1	1	2
12	1	1	1	2
2	1	1	1	2
10	1	1	1	2
6	1	1	1	2
1	1	1	1	2
4	1	1	1	2
4	1	1	1	2
12	1	1	1	2
9	1	1	1	2
15	1	1	1	2
12	1	1	1	2
4	1	1	1	2
5	1	1	1	2
21	1	1	1	2
10	1	1	1	2
19	1	1	1	2
2	1	1	1	2
1	1	1	1	2
4	1	1	1	2
11	1	1	1	2
4	1	1	1	2
1	1	1	1	2
3	1	1	1	2
7	1	1	1	2
9	1	1	1	2
6	1	1	1	2
7	1	1	1	2
10	1	1	1	2
15	1	1	1	2
5	1	1	1	2
18	1	1	1	2
11	1	1	1	2
12	1	1	1	2
6	1	1	1	2
6	1	1	1	2
3	1	1	1	2
15	1	1	1	2
16	1	1	1	2
4	1	1	1	2
6	1	1	1	2
17	1	1	1	2
1	1	1	1	2
15	1	1	1	2
2	1	1	1	2
3	1	1	1	2
6	1	1	1	2
4	1	1	1	2
15	1	1	1	2
14	1	1	1	2
5	1	1	1	2
4	1	1	1	2
1	1	1	1	2
4	1	1	1	2
7	1	1	1	2
2	1	1	1	2
7	1	1	1	2
6	1	1	1	2
8	1	1	1	2
12	1	1	1	2
2	1	1	1	2
8	1	1	1	2
10	1	1	1	2
7	1	1	1	2
15	1	1	1	2
20	1	1	1	2
1	1	1	1	2
9	1	1	1	2
6	1	1	1	2
2	1	1	1	2
2	1	1	1	2
7	1	1	1	2
11	1	1	1	2
1	1	1	1	2
4	1	1	1	2
1	1	1	1	2
2	1	1	1	2
13	1	1	1	2
1	1	1	1	2
4	1	1	1	2
1	1	1	1	2
9	1	1	1	2
13	1	1	1	2
2	1	1	1	2
4	1	1	1	2
6	1	1	1	2
1	1	1	1	2
5	1	1	1	2
20	1	1	1	2
15	1	1	1	2
7	1	1	1	2
1	1	1	1	2
8	1	1	1	2
2	1	1	1	2
4	1	1	1	2
13	1	1	1	2
20	1	1	1	2
7	1	1	1	2
5	1	1	1	2
12	1	1	1	2
8	1	1	1	2
16	1	1	1	2
2	1	1	1	2
11	1	1	1	2
9	1	1	1	2
5	1	1	1	2
5	1	1	1	2
8	1	1	1	2
7	1	1	1	2
2	1	1	1	2
7	1	1	1	2
20	1	1	1	2
2	1	1	1	2
6	1	1	1	2
12	1	1	1	2
1	1	1	1	2
1	1	1	1	2
1	1	1	1	2
12	1	1	1	2
1	1	1	1	2
12	1	1	1	2
3	1	1	1	2
11	1	1	1	2
2	1	1	1	2
8	1	1	1	2
9	1	1	1	2
13	1	1	1	2
4	1	1	1	2
13	1	1	1	2
3	1	1	1	2
4	1	1	1	2
9	1	1	1	2
16	1	1	1	2
3	1	1	1	2
15	1	1	1	2
8	1	1	1	2
2	1	1	1	2
5	1	1	1	2
13	1	1	1	2
11	1	1	1	2
13	1	1	1	2
15	1	1	1	2
1	1	1	1	2
14	1	1	1	2
1	1	1	1	2
4	1	1	1	2
4	1	1	1	2
9	1	1	1	2
12	1	1	1	2
1	1	1	1	2
3	1	1	1	2
8	1	1	1	2
11	1	1	1	2
7	1	1	1	2
7	1	1	1	2
1	1	1	1	2
1	1	1	1	2
8	1	1	1	2
14	1	1	1	2
3	1	1	1	2
12	1	1	1	2
3	1	1	1	2
6	1	1	1	2
12	1	1	1	2
5	1	1	1	2
21	1	1	1	2
6	1	1	1	2
8	1	1	1	2
20	1	1	1	2
20	1	1	1	2
1	1	1	1	2
13	1	1	1	2
18	1	1	1	2
4	1	1	1	2
20	1	1	1	2
1	1	1	1	2
4	1	1	1	2
3	1	1	1	2
2	1	1	1	2
7	1	1	1	2
9	1	1	1	2
17	1	1	1	2
2	1	1	1	2
14	1	1	1	2
21	1	1	1	2
16	1	1	1	2
15	1	1	1	2
12	1	1	1	2
4	1	1	1	2
13	1	1	1	2
4	1	1	1	2
9	1	1	1	2
15	1	1	1	2
1	1	1	1	2
8	1	1	1	2
6	1	1	1	2
5	1	1	1	2
4	1	1	1	2
3	1	1	1	2
5	1	1	1	2
7	1	1	1	2
6	1	1	1	2
15	1	1	1	2
4	1	1	1	2
21	1	1	1	2
9	1	1	1	2
9	1	1	1	2
12	1	1	1	2
6	1	1	1	2
15	1	1	1	2
9	1	1	1	2
2	1	1	1	2
2	1	1	1	2
1	1	1	1	2
7	1	1	1	2
3	1	1	1	2
3	1	1	1	2
3	1	1	1	2
12	1	1	1	2
1	1	1	1	2
13	1	1	1	2
8	1	1	1	2
2	1	1	1	2
2	1	1	1	2
15	1	1	1	2
18	1	1	1	2
14	1	1	1	2
7	1	1	1	2
11	1	1	1	2
5	1	1	1	2
18	1	1	1	2
16	1	1	1	2
5	1	1	1	2
3	1	1	1	2
10	1	1	1	2
11	1	1	1	2
11	1	1	1	2
13	1	1	1	2
7	1	1	1	2
14	1	1	1	2
8	1	1	1	2
11	1	1	1	2
18	1	1	1	2
17	1	1	1	2
5	1	1	1	2
14	1	1	1	2
17	1	1	1	2
11	1	1	1	2
7	1	1	1	2
8	1	1	1	2
4	1	1	1	2
3	1	1	1	2
9	1	1	1	2
18	1	1	1	2
10	1	1	1	2
10	1	1	1	2
4	1	1	1	2
13	1	1	1	2
7	1	1	1	2
16	1	1	1	2
4	1	1	1	2
1	1	1	1	2
5	1	1	1	2
1	1	1	1	2
12	1	1	1	2
11	1	1	1	2
5	1	1	1	2
3	1	1	1	2
4	1	1	1	2
1	1	1	1	2
9	1	1	1	2
12	1	1	1	2
8	1	1	1	2
5	1	1	1	2
2	1	1	1	2
4	1	1	1	2
13	1	1	1	2
6	1	1	1	2
4	1	1	1	2
6	1	1	1	2
7	1	1	1	2
1	1	1	1	2
14	1	1	1	2
7	1	1	1	2
6	1	1	1	2
1	1	1	1	2
8	1	1	1	2
16	1	1	1	2
6	1	1	1	2
4	1	1	1	2
12	1	1	1	2
3	1	1	1	2
8	1	1	1	2
3	1	1	1	2
3	1	1	1	2
11	1	1	1	2
4	1	1	1	2
9	1	1	1	2
8	1	1	1	2
15	1	1	1	2
4	1	1	1	2
6	1	1	1	2
8	1	1	1	2
7	1	1	1	2
8	1	1	1	2
14	1	1	1	2
20	1	1	1	2
4	1	1	1	2
13	1	1	1	2
2	1	1	1	2
9	1	1	1	2
4	1	1	1	2
6	1	1	1	2
5	1	1	1	2
8	1	1	1	2
2	1	1	1	2
12	1	1	1	2
10	1	1	1	2
2	1	1	1	2
4	1	1	1	2
3	1	1	1	2
6	1	1	1	2
14	1	1	1	2
10	1	1	1	2
11	1	1	1	2
18	1	1	1	2
14	1	1	1	2
7	1	1	1	2
1	1	1	1	2
10	1	1	1	2
2	1	1	1	2
5	1	1	1	2
12	1	1	1	2
22	1	1	1	2
3	1	1	1	2
17	1	1	1	2
16	1	1	1	2
15	1	1	1	2
7	1	1	1	2
11	1	1	1	2
2	1	1	1	2
20	1	1	1	2
8	1	1	1	2
20	1	1	1	2
12	1	1	1	2
8	1	1	1	2
17	1	1	1	2
9	1	1	1	2
14	1	1	1	2
5	1	1	1	2
9	1	1	1	2
5	1	1	1	2
11	1	1	1	2
8	1	1	1	2
11	1	1	1	2
15	1	1	1	2
7	1	1	1	2
2	1	1	1	2
12	1	1	1	2
13	1	1	1	2
4	1	1	1	2
12	1	1	1	2
6	1	1	1	2
20	1	1	1	2
12	1	1	1	2
3	1	1	1	2
17	1	1	1	2
9	1	1	1	2
10	1	1	1	2
16	1	1	1	2
8	1	1	1	2
12	1	1	1	2
7	1	1	1	2
6	1	1	1	2
6	1	1	1	2
7	1	1	1	2
10	1	1	1	2
12	1	1	1	2
22	1	1	1	2
1	1	1	1	2
4	1	1	1	2
1	1	1	1	2
7	1	1	1	2
4	1	1	1	2
12	1	1	1	2
7	1	1	1	2
1	1	1	1	2
17	1	1	1	2
4	1	1	1	2
7	1	1	1	2
3	1	1	1	2
4	1	1	1	2
10	1	1	1	2
4	1	1	1	2
6	1	1	1	2
7	1	1	1	2
1	1	1	1	2
20	1	1	1	2
13	1	1	1	2
7	1	1	1	2
12	1	1	1	2
7	1	1	1	2
12	1	1	1	2
21	1	1	1	2
2	1	1	1	2
2	1	1	1	2
2	1	1	1	2
11	1	1	1	2
2	1	1	1	2
4	1	1	1	2
3	1	1	1	2
13	1	1	1	2
6	1	1	1	2
3	1	1	1	2
1	1	1	1	2
18	1	1	1	2
5	1	1	1	2
12	1	1	1	2
7	1	1	1	2
11	1	1	1	2
2	1	1	1	2
7	1	1	1	2
8	1	1	1	2
1	1	1	1	2
7	1	1	1	2
21	1	1	1	2
5	1	1	1	2
22	1	1	1	2
21	1	1	1	2
1	1	1	1	2
7	1	1	1	2
13	1	1	1	2
5	1	1	1	2
1	1	1	1	2
13	1	1	1	2
2	1	1	1	2
9	1	1	1	2
15	1	1	1	2
11	1	1	1	2
4	1	1	1	2
2	1	1	1	2
1	1	1	1	2
7	1	1	1	2
3	1	1	1	2
7	1	1	1	2
8	1	1	1	2
9	1	1	1	2
13	1	1	1	2
18	1	1	1	2
19	1	1	1	2
2	1	1	1	2
6	1	1	1	2
2	1	1	1	2
11	1	1	1	2
18	1	1	1	2
7	1	1	1	2
6	1	1	1	2
14	1	1	1	2
6	1	1	1	2
4	1	1	1	2
15	1	1	1	2
8	1	1	1	2
22	1	1	1	2
10	1	1	1	2
8	1	1	1	2
1	1	1	1	2
16	1	1	1	2
4	1	1	1	2
13	1	1	1	2
1	1	1	1	2
19	1	1	1	2
2	1	1	1	2
9	1	1	1	2
1	1	1	1	2
2	1	1	1	2
6	1	1	1	2
2	1	1	1	2
5	1	1	1	2
4	1	1	1	2
8	1	1	1	2
5	1	1	1	2
5	1	1	1	2
3	1	1	1	2
10	1	1	1	2
13	1	1	1	2
5	1	1	1	2
6	1	1	1	2
2	1	1	1	2
8	1	1	1	2
11	1	1	1	2
18	1	1	1	2
12	1	1	1	2
22	1	1	1	2
12	1	1	1	2
7	1	1	1	2
17	1	1	1	2
12	1	1	1	2
10	1	1	1	2
2	1	1	1	2
1	1	1	1	2
14	1	1	1	2
4	1	1	1	2
3	1	1	1	2
9	1	1	1	2
19	1	1	1	2
15	1	1	1	2
7	1	1	1	2
2	1	1	1	2
9	1	1	1	2
18	1	1	1	2
5	1	1	1	2
12	1	1	1	2
7	1	1	1	2
7	1	1	1	2
14	1	1	1	2
12	1	1	1	2
7	1	1	1	2
1	1	1	1	2
20	1	1	1	2
14	1	1	1	2
1	1	1	1	2
7	1	1	1	2
3	1	1	1	2
4	1	1	1	2
9	1	1	1	2
1	1	1	1	2
14	1	1	1	2
2	1	1	1	2
7	1	1	1	2
2	1	1	1	2
1	1	1	1	2
4	1	1	1	2
2	1	1	1	2
8	1	1	1	2
6	1	1	1	2
3	1	1	1	2
20	1	1	1	2
8	1	1	1	2
7	1	1	1	2
2	1	1	1	2
5	1	1	1	2
11	1	1	1	2
16	1	1	1	2
11	1	1	1	2
6	1	1	1	2
6	1	1	1	2
21	1	1	1	2
12	1	1	1	2
5	1	1	1	2
13	1	1	1	2
14	1	1	1	2
5	1	1	1	2
22	1	1	1	2
3	1	1	1	2
7	1	1	1	2
9	1	1	1	2
11	1	1	1	2
21	1	1	1	2
5	1	1	1	2
6	1	1	1	2
20	1	1	1	2
7	1	1	1	2
7	1	1	1	2
3	1	1	1	2
9	1	1	1	2
4	1	1	1	2
11	1	1	1	2
4	1	1	1	2
1	1	1	1	2
6	1	1	1	2
8	1	1	1	2
11	1	1	1	2
1	1	1	1	2
14	1	1	1	2
15	1	1	1	2
6	1	1	1	2
12	1	1	1	2
2	1	1	1	2
10	1	1	1	2
11	1	1	1	2
8	1	1	1	2
3	1	1	1	2
3	1	1	1	2
19	1	1	1	2
2	1	1	1	2
6	1	1	1	2
2	1	1	1	2
6	1	1	1	2
1	1	1	1	2
15	1	1	1	2
19	1	1	1	2
4	1	1	1	2
10	1	1	1	2
9	1	1	1	2
5	1	1	1	2
1	1	1	1	2
11	1	1	1	2
8	1	1	1	2
1	1	1	1	2
5	1	1	1	2
13	1	1	1	2
1	1	1	1	2
12	1	1	1	2
10	1	1	1	2
21	1	1	1	2
2	1	1	1	2
2	1	1	1	2
1	1	1	1	2
17	1	1	1	2
11	1	1	1	2
5	1	1	1	2
12	1	1	1	2
9	1	1	1	2
3	1	1	1	2
6	1	1	1	2
8	1	1	1	2
12	1	1	1	2
13	1	1	1	2
9	1	1	1	2
8	1	1	1	2
7	1	1	1	2
16	1	1	1	2
5	1	1	1	2
8	1	1	1	2
18	1	1	1	2
19	1	1	1	2
7	1	1	1	2
5	1	1	1	2
1	1	1	1	2
2	1	1	1	2
10	1	1	1	2
11	1	1	1	2
11	1	1	1	2
3	1	1	1	2
11	1	1	1	2
1	1	1	1	2
8	1	1	1	2
6	1	1	1	2
8	1	1	1	2
14	1	1	1	2
15	1	1	1	2
6	1	1	1	2
1	1	1	1	2
18	1	1	1	2
11	1	1	1	2
7	1	1	1	2
1	1	1	1	2
1	1	1	1	2
4	1	1	1	2
4	1	1	1	2
2	1	1	1	2
15	1	1	1	2
3	1	1	1	2
7	1	1	1	2
14	1	1	1	2
8	1	1	1	2
6	1	1	1	2
5	1	1	1	2
18	1	1	1	2
13	1	1	1	2
4	1	1	1	2
6	1	1	1	2
12	1	1	1	2
15	1	1	1	2
7	1	1	1	2
18	1	1	1	2
5	1	1	1	2
4	1	1	1	2
2	1	1	1	2
5	1	1	1	2
2	1	1	1	2
5	1	1	1	2
10	1	1	1	2
20	1	1	1	2
5	1	1	1	2
9	1	1	1	2
7	1	1	1	2
12	1	1	1	2
5	1	1	1	2
13	1	1	1	2
15	1	1	1	2
8	1	1	1	2
3	1	1	1	2
10	1	1	1	2
11	1	1	1	2
18	1	1	1	2
19	1	1	1	2
3	1	1	1	2
8	1	1	1	2
9	1	1	1	2
8	1	1	1	2
2	1	1	1	2
1	1	1	1	2
8	1	1	1	2
3	1	1	1	2
1	1	1	1	2
1	1	1	1	2
14	1	1	1	2
4	1	1	1	2
7	1	1	1	2
4	1	1	1	2
7	1	1	1	2
7	1	1	1	2
1	1	1	1	2
6	1	1	1	2
14	1	1	1	2
10	1	1	1	2
5	1	1	1	2
11	1	1	1	2
21	1	1	1	2
6	1	1	1	2
13	1	1	1	2
2	1	1	1	2
8	1	1	1	2
14	1	1	1	2
15	1	1	1	2
13	1	1	1	2
14	1	1	1	2
20	1	1	1	2
11	1	1	1	2
2	1	1	1	2
7	1	1	1	2
6	1	1	1	2
11	1	1	1	2
4	1	1	1	2
15	1	1	1	2
4	1	1	1	2
9	1	1	1	2
6	1	1	1	2
2	1	1	1	2
3	1	1	1	2
7	1	1	1	2
5	1	1	1	2
8	1	1	1	2
9	1	1	1	2
5	1	1	1	2
2	1	1	1	2
10	1	1	1	2
3	1	1	1	2
2	1	1	1	2
5	1	1	1	2
14	1	1	1	2
6	1	1	1	2
7	1	1	1	2
8	1	1	1	2
16	1	1	1	2
7	1	1	1	2
9	1	1	1	2
3	1	1	1	2
6	1	1	1	2
9	1	1	1	2
14	1	1	1	2
11	1	1	1	2
13	1	1	1	2
11	1	1	1	2
3	1	1	1	2
10	1	1	1	2
17	1	1	1	2
20	1	1	1	2
8	1	1	1	2
13	1	1	1	2
3	1	1	1	2
1	1	1	1	2
15	1	1	1	2
20	1	1	1	2
2	1	1	1	2
8	1	1	1	2
11	1	1	1	2
10	1	1	1	2
7	1	1	1	2
7	1	1	1	2
13	1	1	1	2
4	1	1	1	2
2	1	1	1	2
4	1	1	1	2
8	1	1	1	2
7	1	1	1	2
7	1	1	1	2
4	1	1	1	2
5	1	1	1	2
6	1	1	1	2
1	1	1	1	2
6	1	1	1	2
7	1	1	1	2
6	1	1	1	2
20	1	1	1	2
19	1	1	1	2
1	1	1	1	2
22	1	1	1	2
12	1	1	1	2
3	1	1	1	2
22	1	1	1	2
16	1	1	1	2
4	1	1	1	2
10	1	1	1	2
3	1	1	1	2
4	1	1	1	2
11	1	1	1	2
2	1	1	1	2
11	1	1	1	2
8	1	1	1	2
5	1	1	1	2
15	1	1	1	2
7	1	1	1	2
7	1	1	1	2
9	1	1	1	2
12	1	1	1	2
4	1	1	1	2
7	1	1	1	2
4	1	1	1	2
6	1	1	1	2
13	1	1	1	2
14	1	1	1	2
12	1	1	1	2
6	1	1	1	2
15	1	1	1	2
5	1	1	1	2
22	1	1	1	2
8	1	1	1	2
2	1	1	1	2
6	1	1	1	2
17	1	1	1	2
2	1	1	1	2
5	1	1	1	2
11	1	1	1	2
7	1	1	1	2
11	1	1	1	2
2	1	1	1	2
9	1	1	1	2
15	1	1	1	2
16	1	1	1	2
14	1	1	1	2
8	1	1	1	2
1	1	1	1	2
7	1	1	1	2
11	1	1	1	2
7	1	1	1	2
9	1	1	1	2
21	1	1	1	2
15	1	1	1	2
18	1	1	1	2
6	1	1	1	2
12	1	1	1	2
5	1	1	1	2
20	1	1	1	2
2	1	1	1	2
11	1	1	1	2
1	1	1	1	2
4	1	1	1	2
11	1	1	1	2
9	1	1	1	2
4	1	1	1	2
4	1	1	1	2
7	1	1	1	2
6	1	1	1	2
15	1	1	1	2
9	1	1	1	2
11	1	1	1	2
18	1	1	1	2
10	1	1	1	2
7	1	1	1	2
3	1	1	1	2
9	1	1	1	2
2	1	1	1	2
2	1	1	1	2
19	1	1	1	2
21	1	1	1	2
5	1	1	1	2
4	1	1	1	2
5	1	1	1	2
4	1	1	1	2
6	1	1	1	2
10	1	1	1	2
13	1	1	1	2
3	1	1	1	2
7	1	1	1	2
8	1	1	1	2
12	1	1	1	2
15	1	1	1	2
4	1	1	1	2
2	1	1	1	2
13	1	1	1	2
19	1	1	1	2
11	1	1	1	2
7	1	1	1	2
17	1	1	1	2
14	1	1	1	2
2	1	1	1	2
11	1	1	1	2
16	1	1	1	2
6	1	1	1	2
3	1	1	1	2
11	1	1	1	2
22	1	1	1	2
3	1	1	1	2
20	1	1	1	2
2	1	1	1	2
7	1	1	1	2
1	1	1	1	2
3	1	1	1	2
8	1	1	1	2
11	1	1	1	2
9	1	1	1	2
8	1	1	1	2
3	1	1	1	2
3	1	1	1	2
1	1	1	1	2
2	1	1	1	2
2	1	1	1	2
10	1	1	1	2
7	1	1	1	2
6	1	1	1	2
4	1	1	1	2
7	1	1	1	2
1	1	1	1	2
4	1	1	1	2
9	1	1	1	2
15	1	1	1	2
21	1	1	1	2
4	1	1	1	2
16	1	1	1	2
18	1	1	1	2
17	1	1	1	2
17	1	1	1	2
20	1	1	1	2
2	1	1	1	2
14	1	1	1	2
4	1	1	1	2
3	1	1	1	2
3	1	1	1	2
8	1	1	1	2
9	1	1	1	2
16	1	1	1	2
1	1	1	1	2
11	1	1	1	2
1	1	1	1	2
10	1	1	1	2
9	1	1	1	2
17	1	1	1	2
2	1	1	1	2
15	1	1	1	2
16	1	1	1	2
8	1	1	1	2
1	1	1	1	2
13	1	1	1	2
9	1	1	1	2
4	1	1	1	2
5	1	1	1	2
2	1	1	1	2
1	1	1	1	2
6	1	1	1	2
14	1	1	1	2
4	1	1	1	2
17	1	1	1	2
17	1	1	1	2
4	1	1	1	2
13	1	1	1	2
3	1	1	1	2
4	1	1	1	2
16	1	1	1	2
8	1	1	1	2
11	1	1	1	2
16	1	1	1	2
10	1	1	1	2
2	1	1	1	2
3	1	1	1	2
15	1	1	1	2
3	1	1	1	2
2	1	1	1	2
3	1	1	1	2
1	1	1	1	2
8	1	1	1	2
4	1	1	1	2
7	1	1	1	2
7	1	1	1	2
11	1	1	1	2
11	1	1	1	2
13	1	1	1	2
13	1	1	1	2
2	1	1	1	2
5	1	1	1	2
6	1	1	1	2
8	1	1	1	2
10	1	1	1	2
5	1	1	1	2
1	1	1	1	2
19	1	1	1	2
5	1	1	1	2
3	1	1	1	2
9	1	1	1	2
12	1	1	1	2
3	1	1	1	2
12	1	1	1	2
2	1	1	1	2
9	1	1	1	2
7	1	1	1	2
1	1	1	1	2
8	1	1	1	2
5	1	1	1	2
3	1	1	1	2
5	1	1	1	2
13	1	1	1	2
4	1	1	1	2
18	1	1	1	2
7	1	1	1	2
8	1	1	1	2
3	1	1	1	2
13	1	1	1	2
2	1	1	1	2
2	1	1	1	2
4	1	1	1	2
1	1	1	1	2
4	1	1	1	2
16	1	1	1	2
3	1	1	1	2
17	1	1	1	2
1	1	1	1	2
1	1	1	1	2
4	1	1	1	2
1	1	1	1	2
12	1	1	1	2
2	1	1	1	2
5	1	1	1	2
21	1	1	1	2
3	1	1	1	2
9	1	1	1	2
7	1	1	1	2
3	1	1	1	2
12	1	1	1	2
3	1	1	1	2
5	1	1	1	2
9	1	1	1	2
1	1	1	1	2
13	1	1	1	2
9	1	1	1	2
21	1	1	1	2
9	1	1	1	2
1	1	1	1	2
2	1	1	1	2
10	1	1	1	2
1	1	1	1	2
7	1	1	1	2
14	1	1	1	2
20	1	1	1	2
11	1	1	1	2
11	1	1	1	2
8	1	1	1	2
18	1	1	1	2
8	1	1	1	2
5	1	1	1	2
11	1	1	1	2
4	1	1	1	2
10	1	1	1	2
22	1	1	1	2
1	1	1	1	2
7	1	1	1	2
4	1	1	1	2
2	1	1	1	2
16	1	1	1	2
2	1	1	1	2
7	1	1	1	2
3	1	1	1	2
3	1	1	1	2
10	1	1	1	2
9	1	1	1	2
8	1	1	1	2
6	1	1	1	2
4	1	1	1	2
6	1	1	1	2
6	1	1	1	2
4	1	1	1	2
19	1	1	1	2
1	1	1	1	2
11	1	1	1	2
3	1	1	1	2
5	1	1	1	2
11	1	1	1	2
1	1	1	1	2
11	1	1	1	2
15	1	1	1	2
8	1	1	1	2
4	1	1	1	2
2	1	1	1	2
11	1	1	1	2
8	1	1	1	2
4	1	1	1	2
9	1	1	1	2
5	1	1	1	2
12	1	1	1	2
4	1	1	1	2
16	1	1	1	2
5	1	1	1	2
3	1	1	1	2
12	1	1	1	2
10	1	1	1	2
3	1	1	1	2
14	1	1	1	2
5	1	1	1	2
6	1	1	1	2
9	1	1	1	2
10	1	1	1	2
14	1	1	1	2
2	1	1	1	2
15	1	1	1	2
8	1	1	1	2
3	1	1	1	2
4	1	1	1	2
7	1	1	1	2
4	1	1	1	2
1	1	1	1	2
13	1	1	1	2
4	1	1	1	2
1	1	1	1	2
4	1	1	1	2
12	1	1	1	2
13	1	1	1	2
11	1	1	1	2
13	1	1	1	2
9	1	1	1	2
9	1	1	1	2
1	1	1	1	2
4	1	1	1	2
6	1	1	1	2
6	1	1	1	2
5	1	1	1	2
9	1	1	1	2
6	1	1	1	2
15	1	1	1	2
14	1	1	1	2
11	1	1	1	2
13	1	1	1	2
15	1	1	1	2
21	1	1	1	2
18	1	1	1	2
13	1	1	1	2
11	1	1	1	2
5	1	1	1	2
3	1	1	1	2
2	1	1	1	2
19	1	1	1	2
15	1	1	1	2
7	1	1	1	2
2	1	1	1	2
18	1	1	1	2
7	1	1	1	2
2	1	1	1	2
11	1	1	1	2
14	1	1	1	2
21	1	1	1	2
6	1	1	1	2
20	1	1	1	2
3	1	1	1	2
7	1	1	1	2
22	1	1	1	2
6	1	1	1	2
13	1	1	1	2
7	1	1	1	2
4	1	1	1	2
10	1	1	1	2
6	1	1	1	2
4	1	1	1	2
13	1	1	1	2
7	1	1	1	2
5	1	1	1	2
8	1	1	1	2
3	1	1	1	2
9	1	1	1	2
5	1	1	1	2
20	1	1	1	2
19	1	1	1	2
17	1	1	1	2
6	1	1	1	2
5	1	1	1	2
3	1	1	1	2
10	1	1	1	2
11	1	1	1	2
2	1	1	1	2
8	1	1	1	2
3	1	1	1	2
11	1	1	1	2
12	1	1	1	2
1	1	1	1	2
18	1	1	1	2
6	1	1	1	2
8	1	1	1	2
9	1	1	1	2
6	1	1	1	2
4	1	1	1	2
4	1	1	1	2
2	1	1	1	2
9	1	1	1	2
3	1	1	1	2
21	1	1	1	2
19	1	1	1	2
7	1	1	1	2
11	1	1	1	2
22	1	1	1	2
6	1	1	1	2
16	1	1	1	2
8	1	1	1	2
5	1	1	1	2
6	1	1	1	2
15	1	1	1	2
5	1	1	1	2
14	1	1	1	2
4	1	1	1	2
1	1	1	1	2
7	1	1	1	2
4	1	1	1	2
3	1	1	1	2
10	1	1	1	2
3	1	1	1	2
1	1	1	1	2
14	1	1	1	2
6	1	1	1	2
4	1	1	1	2
3	1	1	1	2
1	1	1	1	2
3	1	1	1	2
6	1	1	1	2
6	1	1	1	2
20	1	1	1	2
3	1	1	1	2
3	1	1	1	2
16	1	1	1	2
12	1	1	1	2
19	1	1	1	2
4	1	1	1	2
5	1	1	1	2
12	1	1	1	2
2	1	1	1	2
15	1	1	1	2
3	1	1	1	2
20	1	1	1	2
7	1	1	1	2
7	1	1	1	2
3	1	1	1	2
2	1	1	1	2
16	1	1	1	2
12	1	1	1	2
4	1	1	1	2
5	1	1	1	2
2	1	1	1	2
14	1	1	1	2
10	1	1	1	2
5	1	1	1	2
11	1	1	1	2
11	1	1	1	2
14	1	1	1	2
4	1	1	1	2
5	1	1	1	2
4	1	1	1	2
17	1	1	1	2
5	1	1	1	2
2	1	1	1	2
7	1	1	1	2
17	1	1	1	2
7	1	1	1	2
2	1	1	1	2
1	1	1	1	2
6	1	1	1	2
13	1	1	1	2
11	1	1	1	2
10	1	1	1	2
10	1	1	1	2
13	1	1	1	2
15	1	1	1	2
14	1	1	1	2
12	1	1	1	2
9	1	1	1	2
13	1	1	1	2
2	1	1	1	2
3	1	1	1	2
20	1	1	1	2
11	1	1	1	2
1	1	1	1	2
10	1	1	1	2
1	1	1	1	2
6	1	1	1	2
6	1	1	1	2
15	1	1	1	2
14	1	1	1	2
8	1	1	1	2
5	1	1	1	2
3	1	1	1	2
10	1	1	1	2
2	1	1	1	2
15	1	1	1	2
8	1	1	1	2
2	1	1	1	2
6	1	1	1	2
12	1	1	1	2
2	1	1	1	2
11	1	1	1	2
1	1	1	1	2
16	1	1	1	2
6	1	1	1	2
13	1	1	1	2
5	1	1	1	2
13	1	1	1	2
13	1	1	1	2
12	1	1	1	2
5	1	1	1	2
6	1	1	1	2
8	1	1	1	2
6	1	1	1	2
2	1	1	1	2
7	1	1	1	2
11	1	1	1	2
17	1	1	1	2
9	1	1	1	2
9	1	1	1	2
11	1	1	1	2
1	1	1	1	2
1	1	1	1	2
13	1	1	1	2
2	1	1	1	2
8	1	1	1	2
8	1	1	1	2
7	1	1	1	2
19	1	1	1	2
1	1	1	1	2
12	1	1	1	2
2	1	1	1	2
5	1	1	1	2
4	1	1	1	2
12	1	1	1	2
12	1	1	1	2
22	1	1	1	2
4	1	1	1	2
7	1	1	1	2
3	1	1	1	2
15	1	1	1	2
3	1	1	1	2
5	1	1	1	2
15	1	1	1	2
3	1	1	1	2
1	1	1	1	2
14	1	1	1	2
9	1	1	1	2
7	1	1	1	2
2	1	1	1	2
6	1	1	1	2
13	1	1	1	2
4	1	1	1	2
19	1	1	1	2
6	1	1	1	2
20	1	1	1	2
18	1	1	1	2
4	1	1	1	2
7	1	1	1	2
15	1	1	1	2
11	1	1	1	2
21	1	1	1	2
13	1	1	1	2
1	1	1	1	2
10	1	1	1	2
12	1	1	1	2
1	1	1	1	2
22	1	1	1	2
18	1	1	1	2
1	1	1	1	2
13	1	1	1	2
14	1	1	1	2
9	1	1	1	2
12	1	1	1	2
3	1	1	1	2
12	1	1	1	2
9	1	1	1	2
1	1	1	1	2
14	1	1	1	2
4	1	1	1	2
13	1	1	1	2
6	1	1	1	2
11	1	1	1	2
13	1	1	1	2
15	1	1	1	2
8	1	1	1	2
15	1	1	1	2
2	1	1	1	2
10	1	1	1	2
14	1	1	1	2
1	1	1	1	2
7	1	1	1	2
3	1	1	1	2
4	1	1	1	2
17	1	1	1	2
14	1	1	1	2
4	1	1	1	2
7	1	1	1	2
11	1	1	1	2
5	1	1	1	2
4	1	1	1	2
17	1	1	1	2
4	1	1	1	2
3	1	1	1	2
8	1	1	1	2
8	1	1	1	2
14	1	1	1	2
10	1	1	1	2
2	1	1	1	2
9	1	1	1	2
14	1	1	1	2
5	1	1	1	2
14	1	1	1	2
2	1	1	1	2
20	1	1	1	2
12	1	1	1	2
15	1	1	1	2
19	1	1	1	2
11	1	1	1	2
15	1	1	1	2
1	1	1	1	2
3	1	1	1	2
5	1	1	1	2
2	1	1	1	2
2	1	1	1	2
13	1	1	1	2
20	1	1	1	2
18	1	1	1	2
9	1	1	1	2
16	1	1	1	2
19	1	1	1	2
4	1	1	1	2
6	1	1	1	2
21	1	1	1	2
7	1	1	1	2
18	1	1	1	2
20	1	1	1	2
17	1	1	1	2
4	1	1	1	2
1	1	1	1	2
14	1	1	1	2
1	1	1	1	2
5	1	1	1	2
1	1	1	1	2
7	1	1	1	2
3	1	1	1	2
8	1	1	1	2
12	1	1	1	2
15	1	1	1	2
2	1	1	1	2
13	1	1	1	2
15	1	1	1	2
2	1	1	1	2
1	1	1	1	2
6	1	1	1	2
6	1	1	1	2
5	1	1	1	2
5	1	1	1	2
4	1	1	1	2
9	1	1	1	2
15	1	1	1	2
15	1	1	1	2
3	1	1	1	2
8	1	1	1	2
7	1	1	1	2
12	1	1	1	2
21	1	1	1	2
2	1	1	1	2
21	1	1	1	2
8	1	1	1	2
1	1	1	1	2
10	1	1	1	2
4	1	1	1	2
20	1	1	1	2
7	1	1	1	2
12	1	1	1	2
1	1	1	1	2
1	1	1	1	2
6	1	1	1	2
12	1	1	1	2
4	1	1	1	2
9	1	1	1	2
1	1	1	1	2
7	1	1	1	2
11	1	1	1	2
1	1	1	1	2
13	1	1	1	2
1	1	1	1	2
3	1	1	1	2
15	1	1	1	2
1	1	1	1	2
11	1	1	1	2
7	1	1	1	2
8	1	1	1	2
2	1	1	1	2
21	1	1	1	2
3	1	1	1	2
4	1	1	1	2
3	1	1	1	2
22	1	1	1	2
9	1	1	1	2
8	1	1	1	2
16	1	1	1	2
7	1	1	1	2
6	1	1	1	2
5	1	1	1	2
4	1	1	1	2
5	1	1	1	2
9	1	1	1	2
2	1	1	1	2
4	1	1	1	2
2	1	1	1	2
2	1	1	1	2
2	1	1	1	2
17	1	1	1	2
1	1	1	1	2
2	1	1	1	2
4	1	1	1	2
13	1	1	1	2
19	1	1	1	2
16	1	1	1	2
9	1	1	1	2
4	1	1	1	2
4	1	1	1	2
8	1	1	1	2
12	1	1	1	2
2	1	1	1	2
20	1	1	1	2
21	1	1	1	2
12	1	1	1	2
1	1	1	1	2
4	1	1	1	2
21	1	1	1	2
3	1	1	1	2
7	1	1	1	2
2	1	1	1	2
2	1	1	1	2
6	1	1	1	2
5	1	1	1	2
