80.0
72.0
51.0
80.0
68.0
50.0
70.0
60.0
58.0
58.0
79.0
61.0
70.0
80.0
60.0
60.0
79.0
74.0
50.0
56.0
50.0
46.0
56.0
50.0
73.0
80.0
65.0
61.0
62.0
76.0
72.0
77.0
64.0
72.0
67.0
88.0
49.0
66.0
88.0
64.0
69.0
73.0
91.0
47.0
82.0
77.0
89.0
71.0
18.0
22.0
215.0
181.0
18.0
48.0
37.0
325.0
68.0
190.0
87.0
63.0
69.0
35.0
61.0
69.0
78.0
51.0
77.0
77.0
62.0
73.0
87.0
84.0
64.0
82.0
77.0
80.0
72.0
63.0
66.0
69.0
52.0
80.0
74.0
57.0
80.0
70.0
71.0
55.0
73.0
82.0
72.0
80.0
78.0
80.0
68.0
70.0
60.0
77.0
61.0
70.0
85.0
75.0
65.0
87.0
71.0
60.0
79.0
83.0
67.0
55.0
57.0
51.0
58.0
74.0
77.0
67.0
70.0
82.0
63.0
76.0
83.0
78.0
78.0
90.0
82.0
70.0
75.0
62.0
67.0
90.0
88.0
81.0
63.0
63.0
74.0
76.0
66.0
67.0
64.0
81.0
77.0
54.0
67.0
66.0
61.0
59.0
59.0
72.0
53.0
71.0
61.0
65.0
62.0
56.0
57.0
47.0
76.0
79.0
61.0
64.0
73.0
71.0
61.0
40.0
58.0
67.0
67.0
67.0
70.0
58.0
77.0
65.0
69.0
73.0
60.0
45.0
70.0
71.0
64.0
73.0
74.0
76.0
69.0
66.0
64.0
87.0
64.0
72.0
59.0
57.0
64.0
100.0
75.0
71.0
50.0
92.0
62.0
82.0
87.0
67.0
80.0
63.0
70.0
67.0
78.0
67.0
62.0
56.0
61.0
51.0
61.0
62.0
55.0
39.0
79.0
62.0
71.0
91.0
77.0
62.0
76.0
67.0
73.0
69.0
72.0
73.0
64.0
79.0
61.0
62.0
80.0
70.0
76.0
26.0
70.0
78.0
59.0
79.0
72.0
44.0
62.0
61.0
44.0
56.0
72.0
59.0
47.0
60.0
47.0
85.0
38.0
67.0
57.0
72.0
78.0
74.0
58.0
61.0
74.0
82.0
62.0
63.0
79.0
77.0
69.0
64.0
85.0
67.0
61.0
65.0
83.0
93.0
71.0
75.0
61.0
77.0
64.0
80.0
48.0
58.0
60.0
84.0
58.0
70.0
58.0
82.0
66.0
87.0
97.0
78.0
81.0
59.0
84.0
60.0
64.0
74.0
68.0
64.0
65.0
69.0
75.0
81.0
76.0
86.0
59.0
72.0
78.0
43.0
48.0
53.0
68.0
53.0
62.0
75.0
58.0
76.0
68.0
81.0
63.0
92.0
59.0
67.0
76.0
81.0
80.0
59.0
75.0
79.0
78.0
74.0
86.0
60.0
87.0
76.0
65.0
67.0
56.0
65.0
45.0
63.0
67.0
64.0
56.0
72.0
66.0
85.0
58.0
76.0
76.0
67.0
66.0
71.0
52.0
73.0
69.0
73.0
71.0
47.0
76.0
82.0
62.0
64.0
57.0
62.0
79.0
62.0
60.0
60.0
73.0
52.0
70.0
68.0
71.0
86.0
83.0
60.0
63.0
68.0
72.0
78.0
67.0
51.0
76.0
65.0
86.0
75.0
80.0
68.0
72.0
75.0
76.0
72.0
70.0
75.0
74.0
75.0
70.0
44.0
67.0
77.0
76.0
61.0
80.0
76.0
61.0
70.0
83.0
63.0
71.0
67.0
80.0
83.0
89.0
118.0
66.0
74.0
57.0
81.0
92.0
88.0
66.0
76.0
74.0
69.0
69.0
77.0
65.0
82.0
67.0
64.0
67.0
62.0
71.0
49.0
74.0
58.0
59.0
56.0
68.0
64.0
67.0
62.0
67.0
73.0
63.0
69.0
38.0
70.0
90.0
70.0
66.0
81.0
77.0
108.0
89.0
81.0
59.0
90.0
64.0
68.0
70.0
73.0
87.0
47.0
67.0
66.0
58.0
47.0
66.0
58.0
89.0
64.0
76.0
87.0
64.0
88.0
72.0
57.0
90.0
80.0
66.0
64.0
89.0
85.0
75.0
82.0
79.0
75.0
67.0
78.0
62.0
73.0
85.0
68.0
65.0
70.0
70.0
71.0
63.0
79.0
67.0
64.0
64.0
56.0
69.0
62.0
68.0
71.0
65.0
63.0
72.0
63.0
62.0
89.0
84.0
58.0
75.0
80.0
63.0
73.0
67.0
84.0
56.0
79.0
59.0
80.0
60.0
88.0
71.0
74.0
61.0
77.0
79.0
63.0
83.0
80.0
65.0
83.0
73.0
63.0
74.0
64.0
75.0
66.0
47.0
83.0
70.0
67.0
78.0
72.0
80.0
65.0
73.0
72.0
82.0
59.0
79.0
86.0
97.0
87.0
69.0
48.0
81.0
79.0
62.0
52.0
62.0
59.0
58.0
65.0
50.0
86.0
82.0
65.0
79.0
86.0
81.0
79.0
83.0
72.0
65.0
105.0
82.0
84.0
76.0
66.0
75.0
82.0
77.0
79.0
57.0
80.0
74.0
72.0
78.0
86.0
60.0
60.0
66.0
80.0
54.0
55.0
62.0
65.0
75.0
57.0
65.0
86.0
71.0
81.0
64.0
76.0
70.0
87.0
69.0
48.0
64.0
54.0
64.0
65.0
77.0
83.0
61.0
72.0
57.0
94.0
41.0
62.0
66.0
81.0
53.0
60.0
48.0
72.0
75.0
58.0
81.0
51.0
74.0
66.0
67.0
65.0
73.0
67.0
80.0
62.0
65.0
64.0
86.0
61.0
70.0
56.0
82.0
72.0
74.0
57.0
70.0
69.0
57.0
65.0
70.0
81.0
69.0
74.0
57.0
63.0
74.0
90.0
84.0
84.0
68.0
83.0
74.0
78.0
81.0
67.0
73.0
83.0
73.0
68.0
77.0
74.0
73.0
76.0
73.0
69.0
57.0
63.0
58.0
83.0
100.0
82.0
70.0
77.0
65.0
76.0
61.0
65.0
73.0
65.0
63.0
70.0
47.0
80.0
68.0
81.0
74.0
74.0
64.0
80.0
72.0
78.0
69.0
74.0
90.0
90.0
101.0
78.0
92.0
104.0
86.0
80.0
83.0
76.0
75.0
79.0
104.0
67.0
90.0
70.0
103.0
83.0
43.0
75.0
28.0
74.0
83.0
61.0
78.0
85.0
52.0
70.0
79.0
94.0
94.0
80.0
68.0
108.0
90.0
84.0
85.0
96.0
78.0
65.0
74.0
88.0
64.0
115.0
93.0
80.0
90.0
90.0
77.0
102.0
72.0
97.0
81.0
87.0
76.0
71.0
80.0
78.0
92.0
82.0
72.0
81.0
82.0
69.0
76.0
78.0
94.0
68.0
68.0
71.0
86.0
73.0
63.0
72.0
75.0
91.0
75.0
64.0
74.0
77.0
75.0
83.0
74.0
59.0
62.0
90.0
73.0
79.0
91.0
80.0
91.0
77.0
79.0
68.0
78.0
86.0
85.0
70.0
97.0
86.0
94.0
103.0
97.0
99.0
104.0
92.0
81.0
79.0
87.0
95.0
68.0
77.0
62.0
72.0
76.0
95.0
81.0
76.0
95.0
56.0
85.0
66.0
79.0
84.0
100.0
78.0
72.0
80.0
77.0
82.0
92.0
74.0
71.0
59.0
77.0
86.0
83.0
64.0
70.0
75.0
88.0
81.0
61.0
41.0
51.0
77.0
65.0
84.0
60.0
68.0
67.0
78.0
75.0
87.0
72.0
97.0
75.0
65.0
147.0
69.0
114.0
64.0
76.0
93.0
142.0
227.0
64.0
237.0
82.0
88.0
76.0
99.0
81.0
80.0
89.0
68.0
78.0
66.0
112.0
108.0
92.0
82.0
103.0
103.0
83.0
99.0
85.0
70.0
72.0
85.0
73.0
51.0
86.0
105.0
70.0
88.0
70.0
106.0
112.0
88.0
94.0
88.0
85.0
91.0
82.0
116.0
102.0
105.0
85.0
94.0
115.0
107.0
105.0
72.0
88.0
84.0
88.0
69.0
68.0
98.0
61.0
85.0
72.0
91.0
55.0
91.0
93.0
96.0
109.0
109.0
100.0
81.0
105.0
66.0
94.0
109.0
100.0
115.0
91.0
87.0
86.0
75.0
110.0
102.0
95.0
103.0
96.0
118.0
75.0
93.0
118.0
75.0
97.0
72.0
84.0
83.0
111.0
113.0
69.0
78.0
98.0
90.0
89.0
87.0
106.0
101.0
43.0
86.0
91.0
105.0
105.0
66.0
91.0
109.0
106.0
103.0
80.0
63.0
90.0
87.0
91.0
80.0
85.0
90.0
71.0
68.0
110.0
97.0
90.0
100.0
76.0
99.0
85.0
98.0
70.0
95.0
77.0
83.0
85.0
94.0
90.0
89.0
90.0
88.0
103.0
67.0
103.0
87.0
111.0
111.0
106.0
118.0
114.0
85.0
80.0
99.0
91.0
111.0
102.0
83.0
75.0
70.0
91.0
95.0
86.0
76.0
86.0
90.0
77.0
102.0
112.0
96.0
72.0
85.0
86.0
100.0
82.0
108.0
106.0
90.0
103.0
98.0
110.0
97.0
101.0
74.0
80.0
89.0
90.0
103.0
93.0
85.0
82.0
81.0
112.0
106.0
92.0
75.0
134.0
86.0
83.0
94.0
118.0
108.0
116.0
96.0
113.0
93.0
100.0
95.0
83.0
95.0
69.0
67.0
90.0
71.0
90.0
78.0
89.0
87.0
82.0
88.0
87.0
102.0
77.0
95.0
95.0
92.0
88.0
102.0
86.0
85.0
88.0
97.0
83.0
85.0
110.0
87.0
105.0
95.0
81.0
100.0
87.0
68.0
91.0
64.0
90.0
79.0
97.0
81.0
90.0
82.0
68.0
79.0
68.0
90.0
86.0
77.0
74.0
98.0
90.0
87.0
93.0
80.0
68.0
98.0
118.0
100.0
92.0
59.0
87.0
69.0
88.0
70.0
90.0
87.0
88.0
99.0
60.0
87.0
108.0
72.0
85.0
72.0
95.0
94.0
96.0
101.0
88.0
97.0
77.0
110.0
101.0
96.0
84.0
98.0
69.0
95.0
118.0
99.0
69.0
83.0
83.0
72.0
68.0
92.0
107.0
119.0
72.0
75.0
89.0
99.0
109.0
110.0
86.0
86.0
107.0
58.0
51.0
64.0
121.0
97.0
89.0
71.0
88.0
92.0
108.0
106.0
90.0
104.0
79.0
108.0
117.0
93.0
96.0
47.0
91.0
70.0
67.0
88.0
99.0
98.0
92.0
75.0
91.0
92.0
68.0
83.0
113.0
92.0
94.0
70.0
76.0
54.0
86.0
95.0
104.0
94.0
101.0
85.0
80.0
72.0
119.0
97.0
89.0
83.0
118.0
81.0
114.0
88.0
87.0
101.0
94.0
86.0
73.0
42.0
76.0
56.0
70.0
68.0
77.0
84.0
61.0
64.0
63.0
64.0
66.0
84.0
53.0
63.0
52.0
95.0
78.0
72.0
89.0
99.0
80.0
62.0
66.0
83.0
60.0
77.0
73.0
93.0
77.0
70.0
66.0
73.0
103.0
102.0
63.0
69.0
84.0
91.0
71.0
97.0
86.0
77.0
66.0
70.0
79.0
83.0
68.0
87.0
67.0
83.0
97.0
101.0
98.0
93.0
72.0
84.0
81.0
69.0
84.0
103.0
73.0
79.0
65.0
70.0
89.0
66.0
125.0
71.0
77.0
109.0
72.0
75.0
64.0
91.0
100.0
59.0
91.0
69.0
77.0
80.0
78.0
62.0
62.0
67.0
51.0
64.0
71.0
86.0
77.0
78.0
58.0
73.0
56.0
63.0
61.0
65.0
38.0
79.0
58.0
77.0
74.0
54.0
87.0
61.0
68.0
65.0
67.0
76.0
83.0
46.0
53.0
65.0
67.0
55.0
80.0
81.0
65.0
64.0
54.0
57.0
68.0
58.0
61.0
53.0
50.0
62.0
65.0
67.0
63.0
52.0
58.0
80.0
40.0
74.0
70.0
75.0
61.0
64.0
46.0
87.0
52.0
62.0
57.0
73.0
62.0
70.0
76.0
51.0
54.0
68.0
56.0
59.0
66.0
59.0
56.0
63.0
91.0
51.0
74.0
61.0
78.0
67.0
62.0
74.0
53.0
57.0
77.0
76.0
54.0
53.0
79.0
80.0
57.0
56.0
69.0
63.0
70.0
76.0
67.0
64.0
73.0
63.0
80.0
37.0
74.0
66.0
57.0
69.0
59.0
63.0
81.0
75.0
64.0
49.0
65.0
68.0
77.0
62.0
64.0
64.0
72.0
68.0
79.0
63.0
80.0
73.0
70.0
65.0
64.0
59.0
68.0
63.0
64.0
92.0
86.0
40.0
69.0
56.0
85.0
65.0
56.0
70.0
67.0
62.0
75.0
53.0
68.0
72.0
78.0
79.0
47.0
55.0
76.0
58.0
68.0
69.0
58.0
57.0
73.0
58.0
67.0
67.0
66.0
61.0
67.0
68.0
76.0
63.0
72.0
78.0
73.0
71.0
58.0
73.0
75.0
56.0
66.0
65.0
74.0
67.0
75.0
54.0
59.0
56.0
62.0
55.0
66.0
75.0
61.0
70.0
67.0
48.0
76.0
58.0
59.0
60.0
75.0
81.0
81.0
63.0
86.0
75.0
62.0
70.0
65.0
64.0
72.0
71.0
51.0
65.0
79.0
57.0
55.0
74.0
72.0
60.0
54.0
51.0
63.0
72.0
72.0
64.0
70.0
53.0
47.0
31.0
44.0
40.0
66.0
64.0
62.0
60.0
67.0
73.0
73.0
50.0
78.0
62.0
65.0
58.0
71.0
66.0
55.0
59.0
60.0
72.0
70.0
68.0
54.0
78.0
80.0
77.0
56.0
77.0
61.0
71.0
65.0
73.0
65.0
65.0
48.0
51.0
39.0
59.0
52.0
66.0
60.0
59.0
52.0
57.0
56.0
73.0
72.0
48.0
59.0
44.0
61.0
63.0
73.0
58.0
43.0
53.0
52.0
56.0
78.0
48.0
53.0
48.0
104.0
49.0
63.0
46.0
64.0
53.0
51.0
58.0
61.0
59.0
58.0
73.0
84.0
54.0
74.0
74.0
72.0
75.0
70.0
81.0
60.0
59.0
70.0
74.0
75.0
58.0
65.0
60.0
57.0
75.0
64.0
69.0
83.0
59.0
63.0
49.0
58.0
68.0
67.0
63.0
57.0
55.0
30.0
56.0
54.0
68.0
70.0
72.0
55.0
58.0
59.0
51.0
15.0
86.0
95.0
95.0
80.0
63.0
82.0
71.0
64.0
81.0
62.0
89.0
78.0
94.0
94.0
81.0
70.0
72.0
73.0
87.0
70.0
66.0
69.0
70.0
65.0
65.0
64.0
52.0
81.0
60.0
59.0
60.0
60.0
60.0
81.0
57.0
75.0
73.0
77.0
69.0
64.0
61.0
58.0
75.0
62.0
62.0
61.0
58.0
64.0
72.0
70.0
60.0
57.0
86.0
57.0
47.0
52.0
70.0
46.0
69.0
76.0
61.0
71.0
64.0
85.0
76.0
61.0
79.0
77.0
69.0
67.0
76.0
70.0
60.0
64.0
93.0
85.0
58.0
62.0
68.0
65.0
74.0
45.0
77.0
60.0
77.0
60.0
62.0
88.0
68.0
66.0
68.0
53.0
86.0
73.0
50.0
75.0
90.0
66.0
72.0
70.0
57.0
68.0
62.0
53.0
51.0
63.0
72.0
66.0
66.0
68.0
59.0
72.0
66.0
57.0
66.0
65.0
69.0
78.0
63.0
67.0
53.0
69.0
51.0
81.0
62.0
69.0
60.0
65.0
59.0
79.0
59.0
130.0
56.0
68.0
101.0
58.0
71.0
66.0
57.0
61.0
63.0
54.0
74.0
91.0
103.0
86.0
68.0
68.0
85.0
64.0
68.0
56.0
84.0
88.0
87.0
75.0
57.0
62.0
73.0
65.0
84.0
64.0
73.0
86.0
96.0
70.0
74.0
92.0
80.0
93.0
71.0
72.0
45.0
77.0
82.0
96.0
56.0
105.0
94.0
73.0
70.0
89.0
83.0
84.0
97.0
122.0
76.0
74.0
70.0
62.0
72.0
55.0
53.0
70.0
85.0
69.0
85.0
42.0
83.0
79.0
70.0
84.0
72.0
55.0
81.0
66.0
74.0
81.0
68.0
85.0
88.0
81.0
81.0
80.0
82.0
64.0
65.0
90.0
88.0
48.0
71.0
76.0
68.0
83.0
97.0
83.0
60.0
132.0
47.0
65.0
77.0
87.0
67.0
56.0
87.0
88.0
69.0
81.0
82.0
57.0
57.0
65.0
63.0
62.0
69.0
115.0
77.0
63.0
67.0
70.0
82.0
91.0
80.0
85.0
88.0
80.0
74.0
74.0
62.0
67.0
81.0
55.0
49.0
85.0
71.0
67.0
89.0
73.0
92.0
90.0
74.0
64.0
85.0
67.0
73.0
70.0
75.0
94.0
99.0
91.0
95.0
73.0
88.0
78.0
90.0
97.0
99.0
31.0
80.0
85.0
70.0
85.0
58.0
90.0
96.0
80.0
47.0
88.0
89.0
100.0
103.0
87.0
71.0
78.0
114.0
65.0
104.0
79.0
82.0
95.0
78.0
92.0
72.0
86.0
88.0
92.0
58.0
85.0
62.0
89.0
91.0
97.0
86.0
90.0
114.0
71.0
79.0
84.0
91.0
87.0
75.0
78.0
62.0
72.0
97.0
94.0
90.0
74.0
90.0
95.0
79.0
91.0
92.0
82.0
112.0
87.0
110.0
88.0
114.0
133.0
88.0
106.0
107.0
89.0
98.0
98.0
101.0
101.0
86.0
107.0
108.0
102.0
71.0
109.0
102.0
123.0
116.0
115.0
88.0
85.0
108.0
78.0
88.0
86.0
112.0
95.0
97.0
115.0
91.0
94.0
88.0
103.0
99.0
98.0
81.0
74.0
50.0
75.0
96.0
62.0
87.0
89.0
90.0
81.0
71.0
88.0
100.0
80.0
24.0
85.0
98.0
116.0
127.0
104.0
52.0
63.0
60.0
110.0
71.0
67.0
52.0
67.0
45.0
53.0
60.0
76.0
61.0
57.0
59.0
94.0
63.0
50.0
60.0
95.0
33.0
92.0
67.0
72.0
81.0
62.0
67.0
80.0
50.0
65.0
53.0
63.0
62.0
64.0
81.0
97.0
58.0
46.0
64.0
67.0
77.0
100.0
111.0
21.0
22.0
92.0
45.0
44.0
82.0
60.0
61.0
70.0
56.0
55.0
69.0
79.0
70.0
56.0
60.0
61.0
58.0
61.0
66.0
59.0
78.0
85.0
80.0
57.0
64.0
69.0
65.0
73.0
62.0
80.0
63.0
103.0
60.0
80.0
100.0
65.0
72.0
74.0
86.0
55.0
69.0
82.0
57.0
67.0
61.0
58.0
68.0
56.0
61.0
55.0
71.0
55.0
65.0
72.0
66.0
57.0
79.0
89.0
63.0
55.0
72.0
50.0
62.0
65.0
67.0
59.0
76.0
74.0
67.0
69.0
57.0
79.0
68.0
70.0
42.0
80.0
66.0
75.0
87.0
65.0
70.0
67.0
73.0
57.0
69.0
53.0
73.0
79.0
67.0
76.0
75.0
84.0
80.0
74.0
109.0
83.0
83.0
77.0
77.0
75.0
99.0
73.0
77.0
84.0
88.0
55.0
65.0
47.0
70.0
74.0
91.0
102.0
103.0
82.0
86.0
95.0
95.0
100.0
103.0
86.0
101.0
83.0
88.0
84.0
84.0
95.0
70.0
52.0
54.0
73.0
57.0
28.0
63.0
78.0
81.0
73.0
110.0
62.0
93.0
61.0
75.0
65.0
103.0
98.0
92.0
73.0
95.0
87.0
98.0
104.0
79.0
92.0
91.0
83.0
86.0
68.0
89.0
75.0
92.0
79.0
75.0
91.0
92.0
91.0
98.0
86.0
118.0
100.0
41.0
78.0
85.0
70.0
77.0
102.0
90.0
64.0
38.0
82.0
83.0
86.0
95.0
86.0
99.0
80.0
84.0
81.0
78.0
77.0
88.0
89.0
83.0
101.0
70.0
106.0
90.0
79.0
85.0
81.0
89.0
26.0
71.0
64.0
78.0
81.0
65.0
71.0
72.0
55.0
66.0
73.0
74.0
69.0
73.0
75.0
69.0
66.0
94.0
81.0
28.0
49.0
21.0
62.0
49.0
80.0
64.0
67.0
73.0
79.0
79.0
84.0
78.0
72.0
72.0
74.0
75.0
75.0
76.0
54.0
54.0
70.0
81.0
66.0
65.0
70.0
70.0
63.0
73.0
83.0
69.0
88.0
75.0
91.0
79.0
84.0
88.0
78.0
95.0
78.0
85.0
73.0
61.0
64.0
54.0
59.0
66.0
71.0
68.0
61.0
73.0
76.0
55.0
55.0
60.0
59.0
55.0
69.0
67.0
63.0
70.0
63.0
55.0
85.0
72.0
77.0
66.0
60.0
75.0
84.0
60.0
74.0
67.0
67.0
80.0
76.0
52.0
62.0
59.0
38.0
94.0
72.0
86.0
55.0
92.0
45.0
38.0
76.0
70.0
72.0
60.0
57.0
65.0
80.0
80.0
56.0
54.0
74.0
59.0
72.0
63.0
76.0
57.0
67.0
63.0
60.0
71.0
75.0
48.0
62.0
104.0
75.0
87.0
70.0
98.0
70.0
73.0
61.0
52.0
72.0
75.0
59.0
64.0
84.0
71.0
87.0
75.0
40.0
39.0
101.0
75.0
68.0
57.0
90.0
86.0
81.0
82.0
78.0
64.0
78.0
94.0
84.0
78.0
50.0
84.0
86.0
83.0
60.0
84.0
67.0
86.0
73.0
84.0
63.0
130.0
99.0
154.0
148.0
142.0
190.0
122.0
122.0
126.0
86.0
92.0
91.0
103.0
105.0
109.0
84.0
83.0
79.0
97.0
103.0
115.0
98.0
98.0
78.0
100.0
108.0
119.0
132.0
74.0
70.0
98.0
71.0
81.0
67.0
97.0
84.0
80.0
94.0
84.0
84.0
71.0
77.0
75.0
102.0
79.0
100.0
74.0
81.0
78.0
92.0
89.0
72.0
88.0
70.0
72.0
89.0
57.0
80.0
77.0
84.0
82.0
74.0
62.0
77.0
88.0
71.0
66.0
65.0
87.0
91.0
72.0
85.0
69.0
64.0
72.0
65.0
76.0
75.0
101.0
79.0
61.0
70.0
100.0
70.0
81.0
74.0
79.0
85.0
76.0
70.0
81.0
57.0
68.0
65.0
80.0
51.0
66.0
95.0
87.0
84.0
72.0
78.0
77.0
54.0
73.0
64.0
54.0
57.0
61.0
79.0
91.0
83.0
75.0
72.0
58.0
69.0
73.0
75.0
89.0
71.0
59.0
90.0
72.0
73.0
62.0
90.0
82.0
75.0
91.0
78.0
64.0
83.0
85.0
62.0
80.0
84.0
62.0
74.0
76.0
75.0
73.0
79.0
67.0
89.0
83.0
79.0
77.0
79.0
92.0
87.0
77.0
72.0
94.0
92.0
87.0
70.0
76.0
76.0
67.0
74.0
62.0
75.0
71.0
79.0
74.0
70.0
60.0
85.0
87.0
71.0
96.0
77.0
94.0
102.0
96.0
104.0
86.0
93.0
66.0
71.0
76.0
58.0
66.0
54.0
60.0
52.0
52.0
69.0
93.0
67.0
71.0
71.0
62.0
68.0
74.0
73.0
60.0
75.0
79.0
78.0
54.0
50.0
73.0
89.0
60.0
70.0
76.0
79.0
61.0
71.0
55.0
66.0
64.0
95.0
97.0
84.0
71.0
72.0
45.0
78.0
75.0
58.0
90.0
73.0
97.0
68.0
72.0
76.0
67.0
44.0
67.0
91.0
102.0
87.0
103.0
109.0
84.0
62.0
63.0
99.0
69.0
82.0
98.0
63.0
64.0
59.0
72.0
92.0
105.0
103.0
88.0
80.0
87.0
69.0
85.0
81.0
80.0
84.0
79.0
87.0
110.0
107.0
99.0
76.0
77.0
86.0
93.0
95.0
89.0
88.0
75.0
72.0
71.0
69.0
66.0
80.0
71.0
65.0
79.0
84.0
95.0
67.0
97.0
112.0
121.0
113.0
126.0
126.0
180.0
164.0
163.0
172.0
150.0
159.0
176.0
173.0
207.0
196.0
214.0
177.0
197.0
143.0
104.0
148.0
157.0
143.0
124.0
125.0
160.0
62.0
153.0
142.0
145.0
52.0
193.0
281.0
244.0
274.0
268.0
287.0
313.0
331.0
322.0
294.0
312.0
300.0
322.0
290.0
310.0
289.0
266.0
335.0
248.0
292.0
301.0
126.0
56.0
79.0
184.0
147.0
80.0
74.0
69.0
85.0
48.0
45.0
56.0
84.0
158.0
146.0
150.0
138.0
141.0
173.0
86.0
89.0
102.0
101.0
132.0
122.0
126.0
140.0
107.0
132.0
142.0
157.0
92.0
135.0
150.0
144.0
149.0
185.0
126.0
130.0
159.0
117.0
114.0
137.0
118.0
73.0
134.0
92.0
100.0
133.0
178.0
125.0
118.0
199.0
135.0
136.0
146.0
163.0
183.0
111.0
149.0
172.0
169.0
161.0
156.0
148.0
85.0
75.0
77.0
87.0
79.0
75.0
107.0
93.0
86.0
95.0
129.0
113.0
107.0
101.0
104.0
97.0
82.0
132.0
115.0
93.0
99.0
133.0
135.0
130.0
92.0
123.0
124.0
116.0
138.0
100.0
114.0
111.0
105.0
114.0
96.0
77.0
76.0
109.0
126.0
92.0
68.0
97.0
120.0
122.0
83.0
109.0
95.0
104.0
133.0
119.0
100.0
116.0
87.0
100.0
93.0
106.0
107.0
139.0
126.0
116.0
109.0
114.0
124.0
119.0
97.0
101.0
172.0
170.0
198.0
221.0
191.0
195.0
195.0
190.0
146.0
175.0
176.0
182.0
187.0
217.0
245.0
204.0
225.0
192.0
226.0
205.0
212.0
225.0
240.0
199.0
222.0
200.0
222.0
186.0
201.0
256.0
174.0
160.0
247.0
233.0
286.0
276.0
193.0
212.0
221.0
183.0
133.0
245.0
1145.0
1162.0
1076.0
745.0
859.0
851.0
745.0
685.0
700.0
735.0
808.0
740.0
749.0
713.0
848.0
832.0
839.0
695.0
854.0
786.0
834.0
882.0
753.0
863.0
771.0
562.0
560.0
577.0
465.0
383.0
416.0
432.0
456.0
452.0
492.0
481.0
446.0
417.0
458.0
419.0
393.0
387.0
385.0
437.0
433.0
421.0
472.0
483.0
467.0
475.0
446.0
418.0
433.0
436.0
529.0
420.0
473.0
416.0
451.0
437.0
436.0
422.0
428.0
440.0
48.0
90.0
87.0
96.0
82.0
92.0
79.0
113.0
94.0
83.0
101.0
79.0
53.0
92.0
82.0
105.0
101.0
73.0
104.0
92.0
75.0
70.0
71.0
34.0
43.0
79.0
75.0
92.0
39.0
88.0
92.0
56.0
79.0
66.0
58.0
78.0
82.0
94.0
85.0
94.0
88.0
90.0
116.0
56.0
84.0
45.0
88.0
71.0
32.0
41.0
46.0
53.0
43.0
53.0
49.0
54.0
32.0
36.0
56.0
54.0
62.0
64.0
50.0
64.0
78.0
42.0
64.0
82.0
98.0
70.0
73.0
80.0
46.0
70.0
79.0
63.0
72.0
75.0
96.0
88.0
20.0
87.0
84.0
84.0
66.0
71.0
41.0
124.0
79.0
117.0
117.0
116.0
91.0
157.0
139.0
76.0
85.0
102.0
82.0
97.0
75.0
93.0
99.0
99.0
96.0
55.0
86.0
94.0
115.0
102.0
96.0
60.0
46.0
66.0
81.0
55.0
97.0
102.0
90.0
110.0
109.0
107.0
97.0
98.0
114.0
87.0
99.0
98.0
108.0
126.0
76.0
99.0
86.0
103.0
83.0
87.0
87.0
95.0
52.0
85.0
85.0
115.0
84.0
95.0
96.0
58.0
88.0
100.0
74.0
54.0
81.0
99.0
87.0
85.0
96.0
89.0
94.0
105.0
104.0
119.0
74.0
101.0
95.0
80.0
103.0
89.0
94.0
68.0
114.0
111.0
97.0
108.0
74.0
109.0
141.0
85.0
99.0
89.0
85.0
92.0
89.0
96.0
77.0
77.0
79.0
86.0
94.0
74.0
93.0
78.0
97.0
88.0
77.0
91.0
97.0
94.0
82.0
82.0
84.0
76.0
99.0
110.0
76.0
97.0
96.0
104.0
93.0
94.0
84.0
88.0
89.0
83.0
81.0
83.0
92.0
89.0
83.0
98.0
87.0
112.0
94.0
92.0
88.0
91.0
96.0
95.0
85.0
88.0
99.0
115.0
84.0
83.0
112.0
97.0
116.0
99.0
119.0
90.0
88.0
79.0
105.0
93.0
89.0
98.0
75.0
101.0
107.0
85.0
96.0
97.0
98.0
110.0
83.0
87.0
112.0
110.0
110.0
103.0
93.0
114.0
104.0
121.0
86.0
127.0
101.0
122.0
105.0
90.0
75.0
62.0
70.0
67.0
53.0
37.0
61.0
65.0
87.0
73.0
87.0
77.0
72.0
49.0
50.0
52.0
67.0
71.0
67.0
79.0
64.0
74.0
59.0
80.0
50.0
79.0
85.0
66.0
90.0
60.0
72.0
62.0
75.0
41.0
80.0
69.0
81.0
97.0
80.0
60.0
65.0
61.0
67.0
69.0
63.0
76.0
73.0
48.0
79.0
64.0
75.0
77.0
81.0
61.0
89.0
63.0
71.0
81.0
83.0
75.0
70.0
59.0
52.0
25.0
69.0
89.0
83.0
77.0
93.0
44.0
73.0
67.0
70.0
80.0
74.0
54.0
71.0
83.0
71.0
76.0
74.0
48.0
75.0
63.0
50.0
66.0
73.0
62.0
72.0
53.0
62.0
55.0
56.0
51.0
79.0
56.0
58.0
62.0
68.0
44.0
63.0
70.0
64.0
76.0
60.0
64.0
56.0
66.0
80.0
65.0
94.0
83.0
56.0
48.0
65.0
66.0
78.0
72.0
78.0
187.0
54.0
62.0
81.0
79.0
115.0
117.0
61.0
54.0
56.0
28.0
63.0
70.0
60.0
63.0
65.0
88.0
61.0
58.0
69.0
74.0
79.0
94.0
70.0
73.0
72.0
73.0
60.0
76.0
74.0
59.0
57.0
49.0
73.0
67.0
95.0
97.0
104.0
89.0
100.0
101.0
93.0
76.0
131.0
82.0
60.0
92.0
107.0
127.0
26.0
105.0
103.0
123.0
107.0
109.0
87.0
92.0
63.0
59.0
112.0
100.0
56.0
124.0
73.0
80.0
83.0
89.0
100.0
44.0
77.0
102.0
106.0
88.0
111.0
91.0
110.0
74.0
89.0
78.0
108.0
94.0
108.0
71.0
85.0
35.0
69.0
69.0
111.0
66.0
65.0
137.0
100.0
113.0
107.0
62.0
93.0
80.0
72.0
63.0
68.0
86.0
89.0
72.0
85.0
71.0
54.0
82.0
85.0
69.0
69.0
64.0
54.0
45.0
54.0
49.0
54.0
55.0
54.0
87.0
67.0
65.0
40.0
56.0
62.0
72.0
81.0
57.0
81.0
67.0
52.0
72.0
82.0
59.0
36.0
32.0
72.0
59.0
72.0
53.0
60.0
58.0
70.0
60.0
63.0
69.0
60.0
60.0
61.0
66.0
54.0
89.0
75.0
63.0
78.0
44.0
29.0
70.0
73.0
63.0
65.0
68.0
70.0
75.0
64.0
71.0
54.0
38.0
66.0
60.0
54.0
79.0
59.0
73.0
73.0
76.0
89.0
62.0
63.0
73.0
69.0
73.0
61.0
75.0
56.0
72.0
76.0
71.0
60.0
73.0
76.0
75.0
78.0
81.0
75.0
69.0
55.0
74.0
61.0
52.0
78.0
76.0
49.0
50.0
68.0
73.0
62.0
64.0
88.0
63.0
49.0
58.0
49.0
68.0
42.0
90.0
76.0
108.0
90.0
102.0
25.0
91.0
99.0
66.0
65.0
61.0
82.0
73.0
68.0
85.0
153.0
85.0
87.0
50.0
65.0
73.0
71.0
76.0
94.0
56.0
34.0
68.0
82.0
71.0
66.0
63.0
53.0
69.0
76.0
68.0
72.0
73.0
66.0
67.0
51.0
57.0
59.0
62.0
46.0
48.0
62.0
74.0
66.0
66.0
63.0
50.0
62.0
49.0
54.0
71.0
69.0
78.0
83.0
69.0
63.0
56.0
67.0
67.0
65.0
65.0
77.0
68.0
95.0
65.0
59.0
53.0
45.0
50.0
49.0
56.0
47.0
64.0
46.0
69.0
56.0
81.0
67.0
68.0
50.0
68.0
44.0
89.0
66.0
61.0
67.0
63.0
52.0
71.0
66.0
76.0
66.0
73.0
79.0
70.0
62.0
73.0
55.0
80.0
58.0
72.0
68.0
66.0
81.0
57.0
67.0
76.0
88.0
69.0
82.0
67.0
80.0
71.0
50.0
85.0
70.0
71.0
69.0
84.0
82.0
83.0
63.0
65.0
61.0
60.0
74.0
66.0
81.0
71.0
58.0
68.0
46.0
73.0
97.0
53.0
81.0
86.0
76.0
72.0
75.0
68.0
64.0
81.0
69.0
66.0
74.0
54.0
54.0
71.0
73.0
58.0
89.0
65.0
64.0
83.0
57.0
59.0
78.0
64.0
59.0
71.0
68.0
63.0
66.0
74.0
70.0
76.0
87.0
76.0
74.0
82.0
82.0
75.0
73.0
64.0
69.0
61.0
64.0
53.0
56.0
56.0
62.0
51.0
41.0
61.0
74.0
69.0
41.0
48.0
59.0
67.0
60.0
53.0
57.0
51.0
64.0
47.0
51.0
71.0
45.0
60.0
57.0
64.0
62.0
59.0
50.0
64.0
55.0
73.0
56.0
78.0
63.0
71.0
67.0
74.0
76.0
63.0
70.0
85.0
60.0
75.0
74.0
74.0
73.0
89.0
88.0
56.0
77.0
52.0
68.0
80.0
58.0
58.0
75.0
75.0
72.0
62.0
69.0
70.0
71.0
66.0
58.0
60.0
59.0
62.0
70.0
75.0
73.0
81.0
82.0
69.0
66.0
63.0
57.0
78.0
71.0
59.0
80.0
71.0
70.0
60.0
66.0
128.0
78.0
55.0
69.0
14.0
56.0
51.0
72.0
55.0
56.0
55.0
47.0
64.0
54.0
51.0
52.0
79.0
73.0
66.0
45.0
59.0
71.0
56.0
65.0
61.0
63.0
65.0
66.0
50.0
65.0
75.0
64.0
72.0
63.0
58.0
70.0
58.0
79.0
69.0
69.0
52.0
82.0
71.0
50.0
75.0
54.0
72.0
49.0
69.0
75.0
87.0
69.0
81.0
76.0
74.0
65.0
69.0
72.0
55.0
89.0
69.0
71.0
62.0
61.0
73.0
58.0
74.0
53.0
64.0
79.0
75.0
70.0
67.0
45.0
59.0
65.0
72.0
73.0
53.0
53.0
76.0
56.0
78.0
64.0
62.0
79.0
83.0
59.0
63.0
57.0
56.0
61.0
64.0
66.0
61.0
74.0
64.0
50.0
59.0
59.0
64.0
79.0
58.0
83.0
77.0
82.0
62.0
91.0
81.0
75.0
68.0
65.0
66.0
62.0
75.0
70.0
40.0
63.0
72.0
60.0
69.0
73.0
73.0
90.0
70.0
88.0
100.0
78.0
78.0
85.0
66.0
66.0
65.0
68.0
75.0
72.0
88.0
65.0
87.0
68.0
68.0
73.0
79.0
86.0
68.0
62.0
64.0
79.0
76.0
73.0
66.0
68.0
76.0
83.0
62.0
72.0
72.0
52.0
62.0
53.0
67.0
82.0
71.0
61.0
78.0
87.0
66.0
68.0
60.0
65.0
64.0
32.0
73.0
66.0
87.0
77.0
68.0
78.0
76.0
87.0
69.0
64.0
68.0
76.0
70.0
58.0
82.0
72.0
55.0
57.0
64.0
81.0
69.0
80.0
60.0
75.0
76.0
64.0
75.0
72.0
71.0
79.0
75.0
81.0
77.0
82.0
54.0
62.0
130.0
116.0
109.0
145.0
85.0
105.0
112.0
82.0
104.0
104.0
123.0
111.0
106.0
111.0
95.0
121.0
124.0
74.0
79.0
108.0
90.0
111.0
73.0
68.0
88.0
67.0
77.0
73.0
28.0
63.0
70.0
69.0
79.0
89.0
85.0
100.0
84.0
81.0
82.0
83.0
70.0
104.0
97.0
97.0
77.0
112.0
101.0
91.0
77.0
78.0
86.0
82.0
60.0
68.0
75.0
87.0
75.0
28.0
118.0
63.0
79.0
66.0
86.0
52.0
93.0
81.0
79.0
90.0
91.0
60.0
93.0
85.0
78.0
85.0
68.0
68.0
88.0
88.0
82.0
63.0
75.0
71.0
96.0
96.0
76.0
59.0
44.0
89.0
63.0
76.0
76.0
73.0
86.0
98.0
93.0
84.0
70.0
72.0
64.0
67.0
78.0
60.0
74.0
92.0
95.0
73.0
57.0
94.0
81.0
50.0
87.0
90.0
88.0
71.0
78.0
75.0
81.0
79.0
68.0
87.0
57.0
75.0
75.0
61.0
100.0
50.0
52.0
80.0
78.0
79.0
69.0
82.0
64.0
87.0
79.0
86.0
90.0
71.0
60.0
72.0
68.0
77.0
80.0
80.0
73.0
82.0
69.0
74.0
69.0
69.0
83.0
67.0
76.0
82.0
63.0
78.0
81.0
82.0
82.0
74.0
62.0
66.0
67.0
63.0
88.0
64.0
86.0
69.0
96.0
66.0
76.0
77.0
91.0
85.0
72.0
80.0
91.0
94.0
80.0
84.0
81.0
75.0
63.0
71.0
67.0
73.0
72.0
63.0
67.0
65.0
61.0
79.0
69.0
56.0
62.0
59.0
66.0
51.0
85.0
76.0
69.0
62.0
69.0
53.0
56.0
64.0
71.0
72.0
65.0
53.0
65.0
66.0
74.0
76.0
85.0
62.0
60.0
48.0
76.0
23.0
64.0
17.0
112.0
104.0
255.0
471.0
31.0
30.0
116.0
34.0
72.0
93.0
71.0
61.0
78.0
78.0
83.0
64.0
65.0
87.0
79.0
64.0
79.0
67.0
69.0
71.0
59.0
77.0
78.0
67.0
71.0
75.0
81.0
67.0
63.0
86.0
59.0
89.0
47.0
86.0
57.0
67.0
66.0
79.0
71.0
58.0
53.0
63.0
72.0
68.0
73.0
76.0
85.0
73.0
75.0
74.0
86.0
91.0
69.0
58.0
73.0
82.0
87.0
72.0
62.0
71.0
76.0
78.0
58.0
57.0
71.0
60.0
77.0
67.0
61.0
58.0
61.0
77.0
64.0
69.0
65.0
55.0
74.0
44.0
80.0
65.0
62.0
106.0
72.0
65.0
67.0
60.0
52.0
70.0
66.0
58.0
64.0
80.0
72.0
64.0
81.0
56.0
53.0
77.0
57.0
60.0
70.0
61.0
49.0
64.0
72.0
49.0
60.0
46.0
50.0
66.0
61.0
62.0
73.0
77.0
67.0
62.0
64.0
56.0
74.0
64.0
73.0
61.0
56.0
43.0
60.0
52.0
52.0
45.0
58.0
32.0
31.0
55.0
47.0
48.0
54.0
55.0
53.0
59.0
46.0
37.0
50.0
60.0
51.0
45.0
35.0
52.0
59.0
51.0
52.0
69.0
105.0
98.0
68.0
63.0
78.0
105.0
91.0
86.0
96.0
110.0
86.0
88.0
101.0
101.0
99.0
93.0
85.0
84.0
104.0
91.0
117.0
62.0
80.0
81.0
82.0
82.0
86.0
83.0
64.0
70.0
100.0
91.0
86.0
68.0
86.0
113.0
84.0
80.0
93.0
92.0
90.0
75.0
90.0
84.0
95.0
76.0
67.0
63.0
84.0
97.0
84.0
78.0
99.0
75.0
71.0
41.0
93.0
84.0
73.0
90.0
87.0
68.0
81.0
26.0
78.0
66.0
66.0
78.0
81.0
101.0
94.0
75.0
65.0
75.0
98.0
64.0
87.0
86.0
87.0
77.0
88.0
87.0
89.0
88.0
61.0
82.0
68.0
104.0
77.0
89.0
73.0
84.0
70.0
85.0
94.0
72.0
92.0
83.0
80.0
98.0
83.0
91.0
67.0
83.0
90.0
98.0
94.0
89.0
86.0
72.0
108.0
95.0
57.0
89.0
69.0
63.0
75.0
109.0
75.0
98.0
99.0
99.0
70.0
91.0
104.0
83.0
83.0
105.0
99.0
84.0
100.0
85.0
84.0
89.0
94.0
95.0
81.0
92.0
76.0
109.0
100.0
73.0
90.0
69.0
94.0
88.0
92.0
74.0
72.0
76.0
66.0
87.0
67.0
105.0
71.0
62.0
90.0
91.0
78.0
72.0
80.0
93.0
81.0
70.0
102.0
106.0
118.0
92.0
85.0
91.0
85.0
98.0
84.0
81.0
85.0
76.0
103.0
69.0
67.0
63.0
134.0
121.0
69.0
168.0
109.0
51.0
61.0
60.0
60.0
80.0
67.0
74.0
62.0
72.0
89.0
81.0
69.0
58.0
81.0
80.0
74.0
55.0
79.0
84.0
66.0
71.0
65.0
67.0
61.0
66.0
75.0
74.0
91.0
47.0
71.0
67.0
56.0
59.0
56.0
61.0
44.0
46.0
68.0
84.0
55.0
56.0
49.0
54.0
77.0
37.0
65.0
74.0
80.0
50.0
89.0
69.0
76.0
60.0
92.0
89.0
85.0
42.0
83.0
59.0
67.0
67.0
76.0
78.0
57.0
83.0
87.0
88.0
88.0
74.0
64.0
80.0
80.0
70.0
53.0
67.0
75.0
78.0
70.0
74.0
60.0
58.0
89.0
79.0
58.0
59.0
66.0
57.0
69.0
87.0
77.0
73.0
66.0
68.0
55.0
77.0
72.0
81.0
80.0
62.0
68.0
74.0
80.0
63.0
68.0
66.0
89.0
65.0
72.0
93.0
74.0
67.0
72.0
65.0
59.0
67.0
71.0
56.0
60.0
55.0
53.0
78.0
77.0
96.0
92.0
73.0
56.0
81.0
92.0
95.0
71.0
71.0
67.0
67.0
73.0
75.0
53.0
64.0
46.0
53.0
56.0
107.0
111.0
73.0
77.0
74.0
56.0
67.0
88.0
76.0
64.0
56.0
69.0
85.0
85.0
68.0
68.0
82.0
62.0
98.0
73.0
68.0
41.0
49.0
51.0
41.0
84.0
68.0
77.0
62.0
60.0
24.0
103.0
100.0
67.0
67.0
105.0
95.0
104.0
69.0
68.0
86.0
108.0
99.0
55.0
65.0
62.0
56.0
76.0
68.0
60.0
53.0
52.0
88.0
62.0
84.0
61.0
58.0
87.0
66.0
85.0
57.0
97.0
76.0
106.0
79.0
95.0
69.0
74.0
91.0
95.0
88.0
84.0
94.0
75.0
93.0
88.0
124.0
95.0
71.0
91.0
95.0
103.0
89.0
108.0
101.0
87.0
112.0
86.0
79.0
61.0
84.0
88.0
83.0
66.0
94.0
83.0
105.0
79.0
65.0
75.0
74.0
82.0
75.0
29.0
90.0
89.0
70.0
47.0
83.0
35.0
60.0
77.0
56.0
114.0
76.0
59.0
89.0
79.0
71.0
76.0
79.0
82.0
80.0
48.0
51.0
60.0
61.0
68.0
54.0
42.0
44.0
46.0
48.0
60.0
63.0
58.0
70.0
65.0
45.0
51.0
46.0
52.0
58.0
77.0
63.0
66.0
66.0
86.0
77.0
66.0
71.0
68.0
66.0
85.0
87.0
58.0
80.0
62.0
57.0
72.0
60.0
57.0
71.0
60.0
69.0
82.0
88.0
80.0
70.0
86.0
72.0
83.0
84.0
74.0
78.0
81.0
53.0
80.0
71.0
49.0
75.0
57.0
72.0
63.0
72.0
74.0
73.0
83.0
68.0
65.0
87.0
82.0
99.0
41.0
78.0
78.0
70.0
90.0
78.0
73.0
88.0
81.0
66.0
84.0
75.0
77.0
68.0
75.0
62.0
73.0
81.0
52.0
95.0
88.0
99.0
84.0
82.0
25.0
86.0
83.0
84.0
67.0
98.0
88.0
75.0
84.0
82.0
54.0
89.0
76.0
77.0
60.0
87.0
88.0
94.0
70.0
68.0
76.0
113.0
114.0
80.0
84.0
81.0
117.0
102.0
115.0
113.0
106.0
83.0
100.0
98.0
80.0
86.0
177.0
55.0
157.0
93.0
90.0
31.0
70.0
79.0
64.0
94.0
79.0
77.0
86.0
90.0
51.0
112.0
104.0
91.0
88.0
80.0
93.0
69.0
97.0
86.0
80.0
83.0
84.0
79.0
98.0
80.0
108.0
55.0
99.0
61.0
85.0
63.0
104.0
71.0
69.0
66.0
83.0
35.0
66.0
59.0
76.0
109.0
74.0
55.0
68.0
49.0
95.0
66.0
52.0
67.0
104.0
64.0
73.0
93.0
76.0
68.0
87.0
68.0
23.0
95.0
67.0
94.0
69.0
63.0
64.0
97.0
73.0
68.0
67.0
78.0
100.0
78.0
67.0
62.0
70.0
66.0
75.0
62.0
60.0
67.0
67.0
53.0
67.0
65.0
64.0
98.0
66.0
61.0
71.0
66.0
76.0
57.0
79.0
74.0
65.0
76.0
77.0
78.0
81.0
96.0
61.0
75.0
110.0
109.0
104.0
116.0
125.0
47.0
67.0
67.0
66.0
47.0
61.0
75.0
79.0
66.0
82.0
67.0
74.0
44.0
82.0
85.0
82.0
96.0
27.0
86.0
98.0
77.0
80.0
88.0
98.0
88.0
108.0
92.0
47.0
67.0
76.0
90.0
74.0
80.0
91.0
97.0
70.0
76.0
91.0
91.0
71.0
85.0
70.0
65.0
75.0
74.0
89.0
68.0
86.0
86.0
92.0
81.0
61.0
53.0
82.0
81.0
87.0
78.0
79.0
88.0
78.0
69.0
87.0
77.0
135.0
77.0
64.0
98.0
79.0
67.0
83.0
74.0
42.0
80.0
67.0
77.0
73.0
89.0
74.0
87.0
72.0
85.0
79.0
66.0
103.0
56.0
57.0
54.0
66.0
80.0
64.0
55.0
67.0
82.0
89.0
80.0
90.0
71.0
85.0
66.0
74.0
76.0
92.0
63.0
67.0
51.0
50.0
73.0
76.0
68.0
77.0
69.0
62.0
69.0
76.0
70.0
75.0
82.0
81.0
68.0
63.0
72.0
56.0
73.0
74.0
63.0
88.0
67.0
57.0
163.0
102.0
70.0
105.0
61.0
72.0
28.0
87.0
75.0
76.0
69.0
109.0
86.0
87.0
89.0
111.0
105.0
99.0
92.0
91.0
79.0
74.0
92.0
65.0
88.0
72.0
90.0
77.0
91.0
63.0
99.0
113.0
98.0
97.0
86.0
88.0
104.0
90.0
70.0
101.0
100.0
75.0
64.0
79.0
81.0
95.0
79.0
88.0
79.0
102.0
86.0
87.0
83.0
74.0
84.0
81.0
84.0
98.0
78.0
67.0
70.0
61.0
77.0
75.0
65.0
67.0
66.0
65.0
74.0
89.0
75.0
58.0
70.0
64.0
52.0
100.0
80.0
64.0
78.0
74.0
49.0
73.0
90.0
62.0
75.0
85.0
63.0
75.0
76.0
64.0
77.0
81.0
72.0
68.0
75.0
60.0
37.0
66.0
49.0
66.0
58.0
53.0
63.0
71.0
72.0
80.0
76.0
75.0
65.0
64.0
135.0
115.0
110.0
74.0
85.0
75.0
73.0
84.0
79.0
86.0
85.0
69.0
72.0
69.0
73.0
76.0
37.0
49.0
62.0
56.0
86.0
75.0
85.0
78.0
73.0
87.0
75.0
70.0
71.0
78.0
68.0
75.0
88.0
98.0
82.0
55.0
82.0
64.0
65.0
64.0
82.0
87.0
83.0
76.0
72.0
74.0
84.0
86.0
67.0
84.0
81.0
92.0
82.0
71.0
98.0
91.0
87.0
85.0
90.0
95.0
85.0
84.0
98.0
90.0
87.0
93.0
82.0
72.0
63.0
70.0
98.0
79.0
82.0
104.0
71.0
88.0
84.0
75.0
77.0
88.0
89.0
32.0
138.0
256.0
147.0
200.0
177.0
198.0
125.0
88.0
124.0
16.0
75.0
109.0
93.0
67.0
74.0
85.0
77.0
58.0
77.0
88.0
55.0
78.0
71.0
63.0
54.0
65.0
73.0
75.0
87.0
71.0
63.0
59.0
57.0
85.0
61.0
64.0
72.0
70.0
66.0
70.0
83.0
58.0
53.0
69.0
65.0
55.0
58.0
65.0
65.0
65.0
43.0
39.0
59.0
2.0
2.0
2.0
2.0
2.0
2.0
2.0
2.0
2.0
2.0
2.0
2.0
2.0
2.0
2.0
2.0
2.0
2.0
2.0
2.0
2.0
2.0
2.0
2.0
2.0
2.0
2.0
2.0
2.0
2.0
2.0
2.0
2.0
2.0
2.0
2.0
2.0
2.0
2.0
2.0
2.0
2.0
2.0
2.0
2.0
2.0
2.0
2.0
2.0
2.0
2.0
2.0
2.0
2.0
2.0
2.0
2.0
2.0
2.0
2.0
2.0
2.0
2.0
2.0
2.0
2.0
2.0
2.0
2.0
2.0
2.0
2.0
2.0
2.0
2.0
2.0
2.0
2.0
2.0
2.0
2.0
2.0
2.0
2.0
2.0
2.0
2.0
2.0
2.0
2.0
2.0
2.0
2.0
2.0
2.0
2.0
2.0
2.0
2.0
2.0
2.0
2.0
2.0
2.0
2.0
2.0
2.0
2.0
2.0
2.0
2.0
2.0
2.0
2.0
2.0
2.0
2.0
2.0
2.0
2.0
2.0
2.0
2.0
2.0
2.0
2.0
2.0
2.0
2.0
2.0
2.0
2.0
2.0
2.0
2.0
2.0
2.0
2.0
2.0
2.0
2.0
2.0
2.0
2.0
2.0
2.0
2.0
2.0
2.0
2.0
2.0
2.0
2.0
2.0
2.0
2.0
2.0
2.0
2.0
2.0
2.0
2.0
2.0
2.0
2.0
2.0
2.0
2.0
2.0
2.0
2.0
2.0
2.0
2.0
2.0
2.0
2.0
2.0
2.0
2.0
2.0
2.0
2.0
2.0
2.0
2.0
2.0
2.0
2.0
2.0
2.0
2.0
2.0
2.0
2.0
2.0
2.0
2.0
2.0
2.0
2.0
2.0
2.0
2.0
2.0
2.0
2.0
2.0
2.0
2.0
2.0
2.0
2.0
2.0
2.0
2.0
2.0
