chr	startpos	endpos	nMajor	nMinor	total_cn
1	809641	47632734	1	1	2
1	47632787	50365224	2	1	3
1	50367742	80742506	1	1	2
1	80742792	87176393	1	0	1
1	87177769	119481398	1	1	2
1	119482351	121576531	3	1	4
1	121580012	125122318	1	0	1
1	145436785	168408922	2	1	3
1	168411336	205625940	2	2	4
1	205627199	248916508	2	0	2
2	12091	2880728	2	1	3
2	2881101	3052075	4	0	4
2	3054254	6552865	2	1	3
2	6553231	8563244	2	2	4
2	8563374	12893266	2	1	3
2	12894526	27142747	2	0	2
2	27143540	31557210	2	2	4
2	31557721	43840680	2	1	3
2	43842378	56159517	1	1	2
2	56160433	60565536	2	1	3
2	60570761	116211080	1	1	2
2	116211105	123594298	2	2	4
2	123599309	124234310	5	1	6
2	124235016	125659353	1	0	1
2	125659544	205517956	1	1	2
2	205518479	206663116	2	1	3
2	206668532	215613070	1	1	2
2	215613458	241920163	2	1	3
3	12690	36354	7	1	8
3	36355	51762	6	1	7
3	52467	3926249	4	0	4
3	3926293	17914185	3	0	3
3	17914371	23419136	4	0	4
3	23422323	24676846	2	0	2
3	24676948	95252304	3	0	3
3	95255706	95290243	4	0	4
3	95290757	131803708	3	0	3
3	131804081	132100189	4	3	7
3	132104171	152388190	3	3	6
3	152398863	153155613	3	0	3
3	153167810	184564459	3	3	6
3	184572194	198098659	3	1	4
4	72156	26246904	1	1	2
4	26257351	38876573	1	0	1
4	38878692	95373785	1	1	2
4	95373882	97757096	2	1	3
4	97757412	187940112	1	1	2
4	187940623	188551949	1	0	1
4	188553496	189659954	1	1	2
5	44922	55444184	3	2	5
5	55447113	55691135	4	1	5
5	55691550	137979114	2	0	2
5	137986010	140741368	2	2	4
5	140741843	181170660	2	1	3
6	149609	36388545	2	0	2
6	36392102	38882694	2	1	3
6	38885185	96012340	2	0	2
6	96017552	128818138	2	1	3
6	128820130	129142038	1	0	1
6	129142087	170606038	2	1	3
7	198401	7043186	3	2	5
7	7043357	57854806	3	3	6
7	57859896	63009774	2	2	4
7	63010519	119434170	3	2	5
7	119434812	159289635	3	0	3
7	159289698	159325753	5	1	6
8	211532	624317	2	2	4
8	626324	30645677	2	1	3
8	30645738	31621467	5	1	6
8	31622169	34951013	6	1	7
8	34951258	36642299	7	0	7
8	36651075	39285031	7	1	8
8	39289775	39816367	0	0	0
8	39874020	64112440	7	1	8
8	64113209	94001747	6	1	7
8	94004435	145074901	7	1	8
9	57539	15247716	2	0	2
9	15250503	16876285	2	1	3
9	16876339	16982586	1	1	2
9	16984125	87981751	2	1	3
9	87981804	88667432	1	1	2
9	88667565	138181722	2	1	3
10	48486	7826132	4	2	6
10	7826200	7993234	2	1	3
10	8004826	8692332	4	2	6
10	8692798	9377133	3	2	5
10	9377728	10820686	2	0	2
10	10823250	10969367	2	2	4
10	10975385	11582940	5	2	7
10	11586898	20907210	4	2	6
10	20910236	21895175	4	0	4
10	21916747	24484866	4	2	6
10	24485367	24926072	3	2	5
10	24926750	31425725	2	1	3
10	31428944	33239959	4	2	6
10	33240905	34656413	2	0	2
10	34659434	34666389	4	0	4
10	34668638	37518919	3	2	5
10	37531023	39051747	2	1	3
10	39052103	39546653	3	1	4
10	39562288	42330465	1	0	1
10	42331956	87856722	2	0	2
10	87899396	88693934	0	0	0
10	88696349	96997806	2	0	2
10	97004499	133621484	2	1	3
11	199813	35234274	2	1	3
11	35234500	35310095	2	0	2
11	35313121	50140321	2	1	3
11	50140480	54595241	1	1	2
11	54596548	54794392	2	1	3
11	54794549	55251094	1	1	2
11	55252296	135075414	2	1	3
12	175764	2696466	2	2	4
12	2699816	3108604	2	1	3
12	3110334	6223144	2	0	2
12	6228088	34409174	2	1	3
12	34409899	37447123	1	1	2
12	37447318	37593672	2	1	3
12	37594257	38117575	1	1	2
12	38117687	133202210	2	1	3
12	133205613	133248987	4	2	6
13	18455821	37839807	2	1	3
13	37842992	95707825	1	0	1
13	95722132	114343518	1	1	2
14	19784736	92097806	2	0	2
14	92099099	106882543	2	2	4
15	19790523	29304345	2	0	2
15	29304510	29961071	0	0	0
15	29961671	48326622	2	0	2
15	48333741	50403242	2	2	4
15	50403674	93553143	2	0	2
15	93553195	101888846	1	0	1
16	34170	34218589	3	1	4
16	34219316	90096867	2	0	2
17	153794	7684688	2	0	2
17	7690001	12038177	3	0	3
17	12041906	22732429	2	1	3
17	22733291	26707784	1	0	1
17	26708946	37076856	2	1	3
17	37078260	37467882	0	0	0
17	37558752	37783659	1	1	2
17	37786330	57246820	2	1	3
17	57247944	59032966	1	0	1
17	59033740	83204151	2	1	3
18	64775	1041550	1	0	1
18	1042207	11282320	3	1	4
18	11286875	11322742	1	0	1
18	11322868	27820720	3	1	4
18	27826891	80237558	1	0	1
18	80237562	80256731	2	2	4
19	274479	9578338	1	0	1
19	9578811	24239371	2	1	3
19	24239768	27493095	1	1	2
19	27497432	58533199	2	1	3
20	68303	31252243	2	0	2
20	31253134	51688549	3	0	3
20	51689535	52125192	2	0	2
20	52125247	64283878	3	0	3
21	13224688	31703330	2	1	3
21	31705957	33382764	2	0	2
21	33383799	37033330	2	1	3
21	37036112	38199860	2	0	2
21	38203710	46681423	3	2	5
22	15513541	19436107	3	1	4
22	19438509	19918279	1	1	2
22	19918783	22978659	1	0	1
22	22981322	28048756	3	1	4
22	28058667	46440695	1	1	2
22	46443686	46505862	3	1	4
22	46506713	50757736	1	1	2
