chr	startpos	endpos	nMajor	nMinor	total_cn
1	809641	3856470	2	1	3
1	3856525	40750031	1	1	2
1	40750908	42122119	2	1	3
1	42122960	80742195	1	1	2
1	80742506	87177769	1	0	1
1	87178155	119475796	1	1	2
1	119477735	205636945	2	1	3
1	205637044	248916508	2	0	2
2	12091	2883231	2	1	3
2	2883330	3041060	3	0	3
2	3041708	12875302	2	1	3
2	12875465	27006211	2	0	2
2	27006504	33954694	2	1	3
2	33954906	33961273	1	1	2
2	33961512	43937342	2	1	3
2	43938594	116208167	1	1	2
2	116208739	123594298	2	1	3
2	123599309	124234310	4	1	5
2	124235016	125397288	1	0	1
2	125398532	205520172	1	1	2
2	205520312	206722416	2	1	3
2	206722593	215772604	1	1	2
2	215773963	241920163	2	1	3
3	12690	62638	5	0	5
3	62743	23419136	3	0	3
3	23422323	24680817	2	0	2
3	24680885	90226542	3	0	3
3	90227361	93942229	2	0	2
3	93956371	95252304	3	0	3
3	95255706	95285676	4	0	4
3	95286770	131804081	3	0	3
3	131811639	132100189	3	3	6
3	132104171	152388190	3	2	5
3	152398863	153155613	3	0	3
3	153167810	184611001	3	2	5
3	184612935	198098659	3	1	4
4	72156	26207391	1	1	2
4	26208660	38890600	1	0	1
4	38892759	189659954	1	1	2
5	44922	46311697	2	2	4
5	46311795	46346859	2	1	3
5	46348949	50291694	3	0	3
5	50295230	55691135	2	2	4
5	55691550	137979114	2	0	2
5	137986010	140741148	2	2	4
5	140741368	181170660	2	1	3
6	149609	36400769	2	0	2
6	36402477	38885594	2	1	3
6	38892080	96012340	2	0	2
6	96017552	128812230	2	1	3
6	128817326	129126392	1	0	1
6	129138680	170606038	2	1	3
7	198401	57864392	3	2	5
7	57870669	64027951	2	2	4
7	64028523	119431831	3	2	5
7	119432507	142478655	3	0	3
7	142478980	142829084	2	0	2
7	142829989	159289698	3	0	3
7	159290001	159325753	4	0	4
8	211532	1378750	2	1	3
8	1383124	1685923	1	0	1
8	1686011	30645677	2	1	3
8	30645738	31684696	5	1	6
8	31685835	34952683	6	1	7
8	34953368	36642299	6	0	6
8	36651075	37464569	7	1	8
8	37467872	39285031	6	1	7
8	39289775	39816367	1	0	1
8	39874020	63966017	6	1	7
8	63969512	94000042	5	1	6
8	94001747	98150660	6	1	7
8	98153061	102284727	7	1	8
8	102293491	145074901	6	1	7
9	57539	7428967	2	0	2
9	7429449	7452632	0	0	0
9	7452833	15247716	2	0	2
9	15250503	138181722	2	1	3
10	48486	7823120	4	2	6
10	7824594	7993234	2	1	3
10	8004826	8747671	4	2	6
10	8748856	9377133	3	2	5
10	9377728	10820686	2	0	2
10	10823250	10969367	2	2	4
10	10975385	20907210	4	2	6
10	20910236	21916747	4	0	4
10	21926931	24464217	4	2	6
10	24468265	24926750	3	2	5
10	24927024	31433777	2	1	3
10	31443027	33239959	4	2	6
10	33240905	34656413	2	0	2
10	34659434	37512326	3	2	5
10	37513604	39051747	2	1	3
10	39052103	39546653	3	1	4
10	39562288	42350922	1	0	1
10	42351677	87856722	2	0	2
10	87899396	88693934	0	0	0
10	88696349	96987357	2	0	2
10	96987996	133621484	2	1	3
11	199813	35229771	2	1	3
11	35232539	35310095	2	0	2
11	35313121	135075414	2	1	3
12	175764	3104383	2	1	3
12	3108604	6212696	2	0	2
12	6213651	133207816	2	1	3
12	133209387	133248987	2	2	4
13	18455821	37839807	2	1	3
13	37842992	95784557	1	0	1
13	95791956	114343518	1	1	2
14	19784736	92099099	2	0	2
14	92100639	106882543	2	2	4
15	19790523	29129985	2	0	2
15	29133293	29176295	1	0	1
15	29224028	29307070	0	0	0
15	29307104	29494051	1	0	1
15	29595893	29897251	0	0	0
15	29901113	32877023	1	0	1
15	32877203	48315886	2	0	2
15	48326622	48791380	2	2	4
15	48799484	48818284	2	0	2
15	48820239	50407357	2	2	4
15	50414884	93532981	2	0	2
15	93533226	101888846	1	0	1
16	34170	34218589	3	1	4
16	34219316	90096867	2	0	2
17	153794	7684688	2	0	2
17	7690001	12029200	3	0	3
17	12038166	22733291	2	1	3
17	22733952	26738119	1	1	2
17	26738683	37076856	2	1	3
17	37078260	37467882	1	0	1
17	37558752	57252198	2	1	3
17	57255850	59032966	1	0	1
17	59033740	83204151	2	1	3
18	64775	1041550	1	0	1
18	1042207	11286965	3	1	4
18	11289232	11322742	1	0	1
18	11322868	27820720	3	1	4
18	27826891	80256731	1	0	1
19	274479	9595273	1	0	1
19	9604623	53562020	2	1	3
19	53563726	55103555	1	1	2
19	55105744	58533199	2	1	3
20	68303	31249950	2	0	2
20	31250368	51622006	3	0	3
20	51622607	52154243	2	0	2
20	52155096	64283878	3	0	3
21	13224688	31664078	2	1	3
21	31665169	33404389	2	0	2
21	33529117	37050433	2	1	3
21	37052594	38203710	2	0	2
21	38204713	42943317	3	2	5
21	42943907	46018899	3	3	6
21	46019560	46681423	3	2	5
22	15513541	19435132	3	1	4
22	19435443	19864649	1	1	2
22	19869187	22978659	1	0	1
22	22981322	28048756	3	1	4
22	28058667	46440695	1	1	2
22	46443686	46509245	3	1	4
22	46509306	50757736	1	1	2
