chromosome_index	position	alt_count	ref_count
1	101458764	17	70
1	101611365	8	63
1	101634562	12	77
1	101658964	10	61
1	101658965	10	61
1	101718383	13	89
1	103005752	13	64
1	103108342	6	78
1	103123722	11	66
1	103253738	11	71
1	103471515	16	72
1	103924635	15	68
1	103998322	13	68
1	104193734	10	84
1	104263224	10	51
1	104679581	6	69
1	105261648	3	101
1	105358920	18	71
1	105628584	12	72
1	108084945	14	59
1	108997584	7	60
1	109063487	8	71
1	11046965	13	51
1	110985355	28	74
1	111493051	24	81
1	112975141	13	58
1	11352697	13	56
1	113840631	11	67
1	116961386	18	95
1	117152377	15	78
1	11732799	16	60
1	118421033	9	74
1	1198973	16	70
1	121582109	21	84
1	123859944	2	38
1	124042475	3	47
1	12527211	11	57
1	12539107	13	71
1	13419316	15	68
1	143246712	3	64
1	143285800	16	80
1	14354466	7	64
1	14368595	14	70
1	146339392	16	36
1	146963404	12	90
1	147625917	14	81
1	147785289	22	99
1	147842590	15	89
1	147971771	11	90
1	148018514	10	94
1	15024846	6	76
1	150463590	11	80
1	150489234	28	62
1	150773480	10	67
1	151947868	13	90
1	153263748	7	104
1	153353138	33	91
1	154078576	6	57
1	15670542	17	79
1	157405790	29	79
1	157603765	26	77
1	158250715	10	74
1	158769275	24	66
1	159267378	10	91
1	159599780	15	69
1	159831321	24	68
1	159948272	25	50
1	160628206	21	97
1	160733799	23	72
1	161167066	19	101
1	161282159	8	60
1	161925051	8	88
1	163458812	14	90
1	163548768	11	81
1	164084331	9	78
1	164084337	9	84
1	164165787	9	92
1	16419809	6	77
1	164568194	13	70
1	164810867	13	83
1	165409355	13	86
1	165422230	10	107
1	166015623	14	82
1	166152797	8	88
1	166167509	15	78
1	166414752	15	88
1	166487785	12	91
1	167689875	17	74
1	16857797	19	78
1	16908343	15	82
1	169547474	15	82
1	170110350	12	108
1	170299488	25	65
1	170386717	11	96
1	170406644	9	81
1	170907102	12	67
1	172459834	28	82
1	172859064	13	103
1	17312962	15	43
1	174447451	31	60
1	175332780	16	100
1	175449808	14	94
1	175669214	17	105
1	175696412	11	78
1	176436083	14	82
1	178854797	31	66
1	179743418	17	73
1	180360364	31	76
1	181547158	15	79
1	181597758	26	115
1	18311405	17	83
1	183365490	15	97
1	183402124	12	95
1	183444359	7	69
1	184075913	12	95
1	184288464	24	66
1	185696184	34	78
1	186129708	28	67
1	186136555	20	96
1	187024015	27	63
1	187563692	12	106
1	188472468	33	71
1	189451332	11	83
1	189461649	11	77
1	189821168	31	67
1	190493317	16	85
1	190503490	12	89
1	190994301	14	67
1	191418561	6	52
1	192605104	20	87
1	193298985	9	69
1	193927740	15	73
1	194419487	12	91
1	194446254	20	91
1	194540266	28	66
1	194705383	13	85
1	194858934	13	72
1	195079352	13	84
1	195601041	15	87
1	195779725	12	92
1	196006890	19	56
1	196255334	9	99
1	196293220	14	97
1	196299814	10	86
1	198086754	5	78
1	198129637	20	71
1	199022825	5	86
1	199215109	5	93
1	199363696	13	79
1	199415714	7	79
1	199427615	10	80
1	199432761	13	88
1	200990018	19	98
1	201624697	26	62
1	204729102	26	58
1	20527763	16	77
1	20688269	12	66
1	207306367	16	70
1	208954083	30	78
1	212179364	11	72
1	213578891	29	68
1	213948008	11	71
1	215323656	9	83
1	215776629	12	89
1	21737174	13	73
1	217889689	31	55
1	217934413	25	55
1	218714527	20	30
1	219248955	30	55
1	22014563	16	55
1	220216975	13	61
1	222188510	8	66
1	225392228	20	54
1	227149714	24	68
1	227399729	16	64
1	227886649	13	60
1	227933307	29	53
1	228274461	21	37
1	229654573	16	84
1	232569851	31	59
1	232885340	26	66
1	233292364	15	75
1	2339781	11	54
1	23449948	18	68
1	238145636	41	70
1	238881502	20	66
1	24057466	20	73
1	241089951	15	62
1	241361260	11	74
1	241705411	5	52
1	242647204	14	45
1	243897540	28	58
1	244324627	13	59
1	244968135	13	58
1	246250750	32	66
1	246471178	9	73
1	24904236	20	60
1	25707035	11	95
1	26302275	14	59
1	26684918	14	76
1	27513837	20	64
1	27819210	14	64
1	28128851	15	67
1	2872881	11	65
1	29578464	8	91
1	30176484	21	68
1	3100661	15	64
1	31926149	11	28
1	31951487	7	60
1	32287826	10	68
1	32652574	12	77
1	3335609	8	87
1	34242482	14	80
1	34258136	13	70
1	34525013	14	57
1	34547094	22	80
1	34794962	9	80
1	35646954	17	66
1	36308431	21	60
1	36908722	10	83
1	37062948	15	102
1	37783844	14	61
1	38017549	12	60
1	38070871	9	60
1	38597265	7	64
1	38621230	14	78
1	39863339	12	72
1	39936160	19	65
1	39965774	12	64
1	40209082	13	58
1	41219926	10	57
1	42089439	15	62
1	42355990	14	75
1	42616783	15	75
1	42805090	17	84
1	4345171	18	84
1	44519069	18	62
1	44543630	8	75
1	4629133	16	67
1	4629134	16	64
1	4636793	9	54
1	46447038	21	79
1	47222211	11	71
1	4772096	11	73
1	48133027	14	73
1	48529413	8	71
1	49549339	13	58
1	49603575	13	67
1	49961875	11	72
1	50391541	12	57
1	50395374	12	69
1	50638506	13	56
1	5133920	15	70
1	51366428	4	78
1	52123145	14	66
1	52619318	5	64
1	5379008	12	55
1	54368011	13	71
1	54847172	8	84
1	55766408	10	66
1	56003336	5	83
1	56468163	14	77
1	56468285	15	81
1	57189846	12	64
1	5729563	19	68
1	5750421	11	66
1	5931245	11	76
1	6004210	11	78
1	60170138	18	70
1	60207111	12	62
1	61287427	6	115
1	61374280	19	74
1	62189856	5	41
1	62570053	19	69
1	62856857	14	62
1	63214614	13	77
1	63284333	9	78
1	65697271	9	84
1	66738330	14	70
1	70687746	9	82
1	71969156	15	71
1	72003511	11	74
1	7267861	15	78
1	72873265	8	60
1	73963687	16	82
1	74543853	15	76
1	74901948	8	61
1	75132867	17	81
1	75169367	19	75
1	75172449	15	72
1	75222224	18	69
1	75255050	17	68
1	75843121	8	73
1	77324691	17	75
1	7736230	16	59
1	77998568	12	74
1	78237231	15	52
1	78975711	15	68
1	79337933	20	74
1	79592651	15	81
1	80253022	11	68
1	81710629	8	55
1	82919801	13	53
1	85429626	3	72
1	86028143	19	52
1	89101346	15	66
1	89533058	17	69
1	90123474	16	86
1	90243488	12	69
1	90559539	16	82
1	90612372	18	75
1	91152394	5	54
1	92486214	7	69
1	93023580	13	69
1	93573639	15	63
1	94127470	13	59
1	94127472	13	58
1	94134387	7	78
1	95491014	10	78
1	95753112	19	59
1	9674951	6	63
1	96792899	18	77
1	96990044	18	68
1	97995821	11	73
1	99018934	11	70
1	99283767	11	65
1	99939331	11	51
2	100337493	18	73
2	101642504	22	60
2	10292911	12	105
2	102947544	9	53
2	103012325	14	81
2	103631945	18	89
2	103727303	12	64
2	103962908	10	81
2	104058087	11	55
2	104823659	14	79
2	105353875	13	73
2	106948072	11	81
2	107182296	19	95
2	107183562	8	93
2	10723707	10	61
2	107469480	17	73
2	107756974	16	62
2	11051093	23	47
2	113758696	12	65
2	113810841	7	54
2	114245323	13	71
2	114763526	11	67
2	115100544	14	78
2	115319425	12	64
2	115504607	4	89
2	115707644	9	78
2	115880693	17	63
2	116213861	15	91
2	116213919	13	84
2	116213995	13	84
2	116214112	9	90
2	116214172	9	87
2	116214191	10	86
2	116214279	15	103
2	116214525	10	104
2	116214526	10	102
2	116214591	8	100
2	116214797	7	81
2	116586834	18	72
2	117130407	21	53
2	118251910	12	101
2	118705349	29	74
2	119041520	19	85
2	119719946	11	82
2	120478995	21	87
2	122805868	12	65
2	123251383	15	83
2	123327702	17	101
2	123532878	18	68
2	123916414	15	112
2	123954466	7	134
2	124121171	46	82
2	125001223	23	37
2	125157569	15	56
2	125633692	9	61
2	125816728	6	66
2	125971029	8	75
2	126302277	5	77
2	126627977	14	81
2	126991234	8	78
2	128334563	17	51
2	128360448	9	83
2	128817191	16	81
2	129015092	13	81
2	129144637	16	65
2	132099517	13	49
2	132120314	15	85
2	132254690	14	60
2	132417632	14	71
2	132496835	17	91
2	133299042	14	56
2	133519302	3	99
2	134718764	7	71
2	136174485	9	58
2	136680672	13	66
2	136711421	18	94
2	137264916	16	63
2	137669172	13	65
2	137882114	15	76
2	138618515	13	69
2	138963744	11	80
2	139153205	14	69
2	140130292	13	78
2	140203570	13	87
2	140622406	12	88
2	140622819	11	97
2	142063143	4	64
2	142107713	10	57
2	142357333	9	80
2	142412275	7	90
2	142543279	13	76
2	143088234	13	68
2	143268479	13	85
2	145288302	16	77
2	14534810	30	55
2	145666823	16	72
2	145913814	10	66
2	146190209	9	72
2	146214739	10	70
2	147056949	10	94
2	147238179	7	60
2	14940545	18	74
2	149798468	17	66
2	150145549	8	72
2	150344159	8	76
2	150579051	13	71
2	151062749	19	77
2	152050854	12	63
2	152608784	11	82
2	15287531	16	74
2	153324898	11	77
2	153864422	9	67
2	154658617	12	75
2	155687976	10	78
2	155765840	13	98
2	15603016	12	75
2	15732343	6	74
2	157607197	20	65
2	158457351	10	58
2	158803262	9	76
2	159046359	19	67
2	159296087	13	81
2	159376981	14	73
2	159477064	2	90
2	159884692	14	71
2	161446733	7	77
2	162014306	6	82
2	162441236	13	71
2	16281178	7	75
2	162865037	15	80
2	163145508	11	95
2	163470269	15	63
2	163737609	10	65
2	163740411	17	59
2	164258288	15	71
2	164450014	20	86
2	16472933	14	56
2	16548270	9	82
2	166662750	13	70
2	16680039	29	54
2	166874593	14	84
2	166974060	12	66
2	16826169	14	75
2	168972026	15	86
2	169084310	13	69
2	17081266	18	67
2	172746072	11	62
2	173503510	8	68
2	174090315	14	67
2	176049600	17	60
2	176160012	5	71
2	176353864	15	63
2	177225491	14	72
2	1783094	11	77
2	180011004	12	96
2	180508904	14	79
2	18080318	18	54
2	181975408	9	81
2	183702219	17	87
2	183905472	9	83
2	184153202	13	59
2	184675230	15	66
2	184838587	12	80
2	185013795	20	74
2	185160146	11	62
2	185378724	11	81
2	185676385	13	71
2	185695597	12	70
2	186227113	18	53
2	187130226	8	87
2	187323689	8	78
2	18979424	11	81
2	192989858	17	77
2	19467614	8	81
2	194815905	17	65
2	194930129	9	66
2	195085135	8	71
2	195208480	18	68
2	196061035	22	76
2	196993931	13	79
2	19745785	12	97
2	197605364	8	61
2	197729393	8	65
2	198807735	16	66
2	199318693	8	76
2	199661528	8	77
2	202317517	17	59
2	202745899	7	58
2	204296422	14	77
2	204803159	8	48
2	205085135	14	68
2	205136946	9	59
2	205932178	17	82
2	206216829	11	67
2	206891922	13	61
2	207551065	17	79
2	207595405	12	53
2	208385911	14	77
2	209876907	15	78
2	211578168	22	77
2	211696694	16	88
2	211859635	8	82
2	213137311	9	66
2	214293298	19	64
2	215641319	18	68
2	216107181	15	60
2	21616748	10	74
2	216378568	22	77
2	216758338	13	88
2	218687896	13	82
2	22055134	9	16
2	220930024	41	67
2	221111542	9	90
2	221554794	25	66
2	221720535	31	83
2	222217873	9	88
2	223158887	7	93
2	224236674	10	45
2	224378630	11	91
2	224816351	23	54
2	225904229	15	68
2	226050905	9	90
2	22631758	11	77
2	227217559	13	102
2	227235291	14	76
2	227417325	15	114
2	228027397	9	86
2	228804874	7	71
2	228938060	15	90
2	229013238	19	67
2	230055211	32	61
2	232035399	3	90
2	232502930	20	44
2	232945043	11	64
2	233068146	8	83
2	233944665	12	81
2	235337969	16	90
2	236000191	24	89
2	23693770	12	70
2	237126435	15	89
2	2382616	15	70
2	238804635	7	96
2	239276897	15	108
2	239582114	9	76
2	239616257	12	92
2	239827561	9	88
2	240104164	23	86
2	240249203	15	78
2	241218276	14	63
2	24247921	9	61
2	25385909	33	63
2	26824229	17	42
2	2797621	17	72
2	29762026	10	83
2	31471292	15	87
2	3224900	16	63
2	32432793	25	52
2	32509543	17	73
2	33549744	18	62
2	33768632	27	81
2	33917550	19	59
2	33981904	13	71
2	34118910	22	75
2	34214510	11	85
2	34754944	11	73
2	35244993	10	88
2	35613047	26	63
2	36602977	8	87
2	37376973	18	101
2	37593972	15	77
2	38505070	22	63
2	3973978	26	92
2	39857309	14	87
2	40463895	6	80
2	40870669	29	79
2	42291730	20	71
2	46403118	15	79
2	4722246	36	73
2	48034330	16	73
2	48647423	7	63
2	48905899	5	45
2	49273054	15	65
2	49862744	11	49
2	49880905	14	76
2	51873685	25	71
2	52007813	12	77
2	52429545	17	63
2	53123808	19	87
2	53160073	18	69
2	53562724	22	104
2	55462489	15	63
2	55666714	17	81
2	56273312	12	62
2	56853955	18	62
2	56881763	10	17
2	57681430	10	85
2	58360281	11	86
2	58540787	10	72
2	58701249	9	78
2	59307928	15	84
2	602082	16	88
2	61419042	13	69
2	62165637	7	46
2	62867146	10	56
2	6460970	20	65
2	66037549	15	78
2	66212982	15	87
2	66445418	14	82
2	67105425	17	72
2	67674108	10	79
2	67764246	16	79
2	68322067	10	83
2	70410942	11	75
2	70775707	14	84
2	7079022	13	96
2	72021513	16	85
2	72090672	6	60
2	73108252	16	66
2	74092318	6	64
2	76249211	8	76
2	76905009	18	77
2	77763085	9	82
2	77942535	9	76
2	78121890	11	82
2	78408403	10	86
2	78681985	11	49
2	78873505	9	80
2	79360222	16	66
2	80068935	13	82
2	80452550	17	94
2	80470654	10	72
2	81026287	13	68
2	8143350	19	85
2	82511805	10	71
2	83089229	11	75
2	83294990	19	76
2	83419544	17	74
2	83789132	15	59
2	84081896	18	59
2	85004939	16	73
2	85481373	15	59
2	85493590	15	77
2	86610692	16	89
2	88117664	13	68
2	88135739	14	84
2	89106233	17	81
2	89240215	6	71
2	90144598	17	61
2	9035332	12	82
2	94198205	11	129
2	94540154	40	125
2	96748997	11	45
2	98803426	18	94
2	99008647	14	107
3	100690202	13	85
3	102481139	27	74
3	102908244	14	90
3	103470988	36	57
3	103470993	36	60
3	10480552	10	82
3	104989222	12	83
3	106541736	11	107
3	107115893	35	58
3	107436578	15	81
3	108605314	8	88
3	108795932	30	49
3	108812019	42	55
3	110309351	14	88
3	111948883	38	60
3	112332779	12	87
3	112581452	34	59
3	113559439	10	95
3	113694714	19	88
3	114039712	37	55
3	116722156	12	85
3	117294816	39	65
3	117726129	17	99
3	118120375	35	58
3	118332126	29	69
3	118342862	5	87
3	118345951	26	72
3	118616191	14	101
3	118664149	43	61
3	118857479	48	55
3	121247595	44	66
3	125358591	16	86
3	125977491	13	79
3	126105345	10	78
3	126766659	18	100
3	126771227	36	52
3	126825376	12	76
3	13082236	41	71
3	13126341	15	99
3	131358338	17	83
3	131880303	47	103
3	132078938	12	106
3	132983833	52	88
3	133561621	25	96
3	134912283	12	119
3	135049921	35	95
3	135162114	14	115
3	135843352	26	77
3	135945804	10	97
3	1367702	31	62
3	137335474	21	92
3	137454817	21	107
3	137499382	8	83
3	137565585	23	96
3	137654287	13	93
3	137792536	27	89
3	139409156	11	102
3	139795990	39	91
3	140328973	6	115
3	140585856	11	129
3	140710546	17	106
3	140850325	6	131
3	141052349	46	92
3	141695926	10	134
3	14217455	11	78
3	142421212	36	80
3	142597465	13	97
3	142854908	13	120
3	143036476	12	112
3	143077474	14	129
3	143240946	13	123
3	143631177	11	132
3	14403955	17	102
3	144368161	12	116
3	144384763	17	94
3	144984756	23	103
3	145395594	46	91
3	145502811	13	90
3	146957794	10	92
3	147081314	25	89
3	148286150	21	92
3	148315020	38	100
3	148339881	13	110
3	148625573	17	99
3	149179360	11	100
3	150454977	37	76
3	152948759	15	84
3	153913081	10	119
3	1540448	7	72
3	154728567	44	86
3	156901834	49	83
3	157424891	12	93
3	157562385	9	114
3	157850255	19	119
3	157886054	48	76
3	158030942	42	69
3	15942347	7	79
3	159607101	28	120
3	159819235	13	115
3	161081342	11	137
3	162201105	19	81
3	162499841	21	95
3	162500862	24	79
3	162556623	14	113
3	162809541	10	105
3	163158877	31	79
3	163556946	27	98
3	163886480	50	81
3	164168175	19	102
3	165453323	30	88
3	165985405	38	79
3	166138051	23	70
3	166271060	16	110
3	16660079	11	93
3	167190976	25	122
3	167434846	13	118
3	167563827	31	93
3	167563828	29	92
3	168283158	28	98
3	168420265	16	109
3	169534676	12	116
3	169772235	11	97
3	171096559	12	77
3	172464666	10	114
3	172486552	9	114
3	172629860	42	81
3	172932206	14	99
3	173207790	32	100
3	173238404	35	85
3	174362334	39	79
3	17482680	25	68
3	175144541	23	99
3	175386508	12	95
3	175584714	19	113
3	176114467	13	118
3	176409886	30	99
3	176739791	24	114
3	176879266	32	103
3	177218575	4	82
3	178252013	11	110
3	179074507	10	115
3	179402634	23	100
3	179528801	13	124
3	179548566	17	96
3	179693325	12	102
3	179797601	14	72
3	180547463	26	99
3	180582270	11	116
3	181655309	31	104
3	181894533	8	88
3	183044146	13	110
3	183539787	9	98
3	185121801	9	95
3	185538382	14	87
3	185926076	7	102
3	18665679	9	110
3	187125851	13	90
3	187865792	12	101
3	188134753	11	95
3	188815916	47	66
3	189083930	9	96
3	189251423	9	111
3	191445405	32	77
3	191765256	10	97
3	192061991	13	99
3	192559060	32	72
3	192882367	17	112
3	193215873	17	94
3	194770622	14	112
3	195329091	13	94
3	196600876	45	74
3	19756210	11	78
3	20584018	28	59
3	2083560	26	62
3	20991323	13	99
3	21798119	4	96
3	2194045	41	67
3	22023124	44	56
3	23809396	11	67
3	24914091	45	73
3	25540452	13	109
3	27075742	42	60
3	28182685	12	77
3	28207133	24	57
3	28839876	14	107
3	29079572	43	54
3	30433467	5	44
3	30573814	17	64
3	32669841	37	55
3	35692739	17	104
3	35715033	14	94
3	36066227	33	58
3	36493935	30	73
3	36805179	12	89
3	38679689	40	61
3	39315222	5	83
3	40782549	19	66
3	42433481	43	75
3	42584464	13	80
3	44062907	6	97
3	4524243	41	60
3	45651432	11	87
3	45912689	10	98
3	46556725	32	48
3	47236439	14	82
3	48030308	27	51
3	48195903	14	62
3	52357059	36	48
3	5334834	7	96
3	53360619	18	65
3	54742830	12	98
3	55646069	55	78
3	58248623	11	85
3	58566201	8	96
3	60544114	33	44
3	60964001	17	74
3	6138043	32	67
3	6272879	16	89
3	62968004	18	71
3	64980532	17	117
3	65480081	14	83
3	65626393	32	87
3	67530560	52	59
3	68813645	10	81
3	70580082	9	84
3	71150986	47	46
3	74408286	20	105
3	75079181	38	66
3	75848970	41	67
3	75966153	8	91
3	7605268	37	79
3	76504036	39	40
3	76820360	10	67
3	76873573	13	89
3	77059023	39	67
3	77128210	34	65
3	77586141	8	91
3	78241721	29	48
3	79272771	15	68
3	7953975	13	106
3	80972538	6	76
3	81224336	9	101
3	81882541	12	91
3	82013854	12	92
3	82863505	37	68
3	83972687	30	60
3	84918632	7	81
3	85501107	19	83
3	85533683	36	49
3	85596800	48	77
3	85675028	32	48
3	85949928	36	58
3	86464385	16	68
3	86513812	43	57
3	86523933	12	83
3	86597929	7	78
3	8734557	40	56
3	87955655	34	47
3	88432690	23	46
3	88712101	25	88
3	89542888	11	65
3	8995639	17	94
3	90268944	32	54
3	90280134	9	94
3	90280160	11	104
3	90424081	12	59
3	91524408	10	73
3	9550997	13	80
3	96017913	32	63
3	96088212	41	65
3	96198539	35	53
3	96606573	39	57
3	98700631	19	52
3	99545075	16	92
4	100819968	15	71
4	101027263	8	80
4	101371907	11	54
4	103056376	9	75
4	10326844	11	92
4	103972741	16	45
4	103979484	18	73
4	105754200	14	72
4	106379335	11	78
4	107953660	11	73
4	109975116	10	75
4	110322916	15	62
4	111654069	14	68
4	112959148	17	73
4	113878696	12	82
4	114687628	6	74
4	114797973	9	82
4	115434421	9	94
4	115942572	12	65
4	116295302	14	65
4	116363727	16	81
4	116544201	14	57
4	116866163	14	79
4	117548306	10	77
4	118355913	12	77
4	118616467	9	81
4	119251228	11	91
4	119857530	11	81
4	120408898	13	90
4	120471664	15	51
4	120648322	19	65
4	122454945	12	80
4	122747638	20	69
4	123328248	9	73
4	12367225	6	75
4	125404694	6	78
4	125862801	6	50
4	126097939	16	73
4	126365822	18	86
4	126366208	16	70
4	126373782	8	75
4	126717239	8	68
4	127074213	6	80
4	127219553	16	60
4	129710469	11	55
4	129710475	11	54
4	130010417	12	67
4	130235657	11	80
4	130271031	8	68
4	130285963	11	63
4	13050836	16	65
4	130511513	11	69
4	130664022	19	50
4	131525232	14	68
4	131536662	13	77
4	131635162	9	78
4	132145727	22	69
4	132220162	13	65
4	132607149	13	76
4	132739531	11	72
4	133313348	12	59
4	133438005	8	69
4	133709792	5	34
4	133769077	7	63
4	134040733	5	92
4	135020400	15	94
4	135307395	5	76
4	135540448	14	85
4	135741267	13	70
4	136291644	12	75
4	136532462	16	77
4	137202547	12	84
4	137223510	20	71
4	137235717	12	69
4	137775971	14	64
4	139554630	20	64
4	14075817	20	97
4	141282510	12	49
4	141838911	13	79
4	142459254	9	73
4	143225524	11	61
4	143862376	17	72
4	144207528	17	64
4	14421241	12	81
4	144247264	13	78
4	144460059	11	66
4	144681657	15	79
4	144773219	5	106
4	144859491	9	67
4	145444849	5	57
4	146160909	19	101
4	146655485	24	59
4	146672009	10	69
4	148117794	13	66
4	148644956	8	82
4	151264460	9	67
4	15184265	6	93
4	151845939	17	92
4	151967065	12	71
4	152041732	8	90
4	152570646	14	85
4	154281508	14	68
4	155027941	9	88
4	155124231	12	65
4	155149775	16	75
4	155810968	22	77
4	156049566	4	71
4	158559062	9	86
4	159658554	12	64
4	160066383	21	50
4	160445378	14	93
4	160595837	9	63
4	161055696	16	65
4	161703925	11	64
4	162848755	12	84
4	162942876	6	61
4	16307982	11	79
4	163964015	7	77
4	163998587	8	71
4	164064463	12	85
4	164498471	10	68
4	164738732	19	77
4	166049959	7	85
4	166171476	9	66
4	166901025	14	82
4	167003175	7	86
4	167407721	16	67
4	168228649	10	62
4	168499634	14	87
4	168671004	13	76
4	168916144	20	80
4	17033762	12	79
4	170458774	15	65
4	170875587	8	77
4	170986495	14	66
4	171147573	6	84
4	171410155	13	68
4	171516886	7	75
4	171644557	14	52
4	172017832	18	63
4	17210186	13	82
4	172134053	11	80
4	172455520	13	61
4	17266265	14	80
4	173630582	15	53
4	174110113	8	85
4	174929726	9	63
4	175864022	13	76
4	175903270	8	67
4	176001187	17	75
4	177251701	15	74
4	177528209	9	73
4	178518812	10	66
4	178863710	8	73
4	179335641	7	49
4	179888390	11	73
4	179919999	10	71
4	180360720	15	80
4	180729250	7	59
4	180946191	15	66
4	181181143	6	92
4	18129322	14	80
4	181342042	8	54
4	182000093	15	74
4	182670071	10	73
4	183411160	15	60
4	184141574	9	78
4	18414397	13	74
4	185168497	10	62
4	186264762	12	56
4	187482162	8	56
4	187483623	7	54
4	187995235	11	52
4	188845044	17	76
4	19610291	11	79
4	19972806	5	84
4	20006786	11	75
4	21013867	14	76
4	21431439	14	74
4	21504337	5	60
4	23853082	12	69
4	24014536	9	74
4	24446847	9	75
4	25528573	11	62
4	27912190	16	57
4	28808082	8	59
4	29785476	14	67
4	29799118	9	84
4	29867455	13	58
4	29931019	11	52
4	30353185	11	62
4	31744896	8	79
4	31770072	10	67
4	32158396	6	61
4	32651490	18	71
4	32793640	10	47
4	32793641	12	43
4	33153793	13	43
4	33197656	11	68
4	34000242	10	64
4	35318114	9	65
4	36894092	17	62
4	37787083	5	38
4	3973611	11	74
4	39812735	10	53
4	40657726	9	59
4	40981886	12	69
4	42533934	13	68
4	4330626	13	70
4	43398234	17	67
4	43721935	8	93
4	44395845	15	80
4	44658107	15	76
4	46148961	19	80
4	46196821	12	68
4	46291643	9	70
4	46309589	12	80
4	46545809	12	81
4	46942317	10	63
4	48095984	19	53
4	48178628	9	78
4	50095523	2	17
4	52073423	11	83
4	52097833	11	64
4	52153572	15	71
4	53002819	8	80
4	53271255	7	63
4	53764828	7	91
4	54330836	13	68
4	54501346	13	67
4	54811818	11	80
4	54902895	13	71
4	56098599	11	75
4	56538944	17	73
4	57153376	8	85
4	57844508	14	82
4	58115657	17	71
4	58211168	15	81
4	58421056	5	56
4	58664923	12	85
4	59216976	11	62
4	59349191	12	66
4	59760634	8	84
4	60681778	22	58
4	60697978	12	79
4	61131024	11	68
4	61158368	11	76
4	62705364	12	84
4	62941480	17	78
4	62958108	7	71
4	63068970	18	90
4	63468908	12	78
4	63761426	17	73
4	63882089	10	77
4	64500278	9	76
4	64937363	11	86
4	65040780	10	69
4	65960227	10	70
4	66603784	11	78
4	66810688	15	75
4	6695950	11	87
4	67218237	7	60
4	68103989	14	75
4	69198199	13	84
4	6978125	5	45
4	71543013	15	77
4	72039404	17	81
4	7225642	22	70
4	7600596	14	57
4	79211204	14	70
4	80338106	7	75
4	82231577	8	72
4	8243594	11	91
4	85574578	13	72
4	86374416	11	80
4	89294142	14	75
4	89829292	11	80
4	91015677	12	69
4	9147739	7	81
4	91637782	12	73
4	92698860	16	76
4	92850134	13	56
4	95516662	9	87
4	96332373	13	80
4	96466297	12	74
4	96627360	12	81
4	98013187	7	79
4	99726826	21	67
5	101116157	25	62
5	101136198	12	80
5	101307525	11	73
5	101339378	10	75
5	101357188	29	70
5	101438896	13	94
5	102044145	13	64
5	10233315	30	82
5	102583867	29	63
5	104255401	17	67
5	105269328	17	63
5	105807016	24	37
5	107811817	21	66
5	107845677	19	72
5	108421657	29	59
5	108479697	14	70
5	108904029	9	71
5	110034588	21	57
5	110410858	14	88
5	111074715	26	58
5	112236852	20	69
5	112706292	16	81
5	11332982	16	101
5	11504070	26	79
5	116466598	27	58
5	116556505	24	76
5	117250343	13	75
5	117576644	26	60
5	120166635	14	68
5	120458244	17	69
5	12145155	26	79
5	121921749	19	69
5	122057741	11	78
5	12535191	12	81
5	125441100	31	55
5	127352521	23	51
5	12866570	21	90
5	128693849	17	75
5	129184956	17	65
5	129716854	14	63
5	13007389	21	80
5	130886853	12	55
5	133529959	37	62
5	134378969	21	43
5	13464003	25	89
5	134894177	20	43
5	135138173	6	76
5	13574234	20	92
5	136022665	12	87
5	136584564	23	74
5	13723593	14	101
5	139003946	9	84
5	139680853	16	89
5	141729218	8	71
5	142681185	18	97
5	142795057	13	103
5	142863723	15	97
5	143640711	13	96
5	143741631	4	85
5	143800609	11	82
5	144150405	31	79
5	14418554	10	122
5	146236270	23	54
5	147123967	15	81
5	147707066	11	96
5	148109673	11	95
5	148708084	9	92
5	149392969	26	61
5	150485986	12	61
5	150643282	22	104
5	151012880	26	82
5	151766032	20	90
5	151947906	9	91
5	152052202	7	76
5	15244644	16	95
5	152545757	16	84
5	15256903	11	104
5	152575012	10	68
5	153604344	21	87
5	153687178	11	82
5	153738799	14	78
5	153928915	13	75
5	154174071	22	79
5	154736104	26	54
5	155348460	31	76
5	155805187	14	80
5	156360503	11	101
5	156567784	27	52
5	156792715	25	90
5	156857228	8	75
5	156957462	27	70
5	157231893	25	83
5	157785283	7	78
5	157839626	12	103
5	158105304	23	94
5	158240016	23	48
5	159130453	32	78
5	159217675	31	70
5	159677338	15	84
5	160044595	17	86
5	160820187	22	74
5	161075339	23	133
5	161100623	20	80
5	161551211	25	54
5	16168421	26	81
5	162246701	14	86
5	162308686	13	95
5	163126989	8	89
5	163523522	8	82
5	163658073	11	70
5	163743620	23	75
5	163835663	17	76
5	163945767	27	70
5	164131218	8	110
5	164278836	6	87
5	164449459	29	66
5	164492958	12	106
5	164965023	13	82
5	165175567	10	77
5	165333531	28	82
5	165334051	13	94
5	166142963	16	84
5	166422040	33	83
5	166859525	22	73
5	166927442	22	79
5	166974215	13	89
5	167207353	15	90
5	168755319	32	91
5	169175643	14	79
5	169730565	14	93
5	170171777	14	45
5	170579936	22	80
5	170613190	16	101
5	171090181	8	80
5	171763109	11	85
5	172533531	11	85
5	172675031	22	82
5	1730193	26	98
5	17358706	12	89
5	174813463	11	73
5	174931780	17	73
5	175045054	7	86
5	175344812	11	115
5	175664467	16	81
5	176335569	11	84
5	177228337	18	59
5	177228338	19	54
5	178127547	15	92
5	178493317	8	75
5	178837643	10	34
5	179103420	13	76
5	179116784	11	76
5	179302078	17	62
5	179685106	17	57
5	179832915	12	89
5	179971472	44	82
5	17999477	28	80
5	180453178	29	64
5	181170098	6	89
5	18471662	17	98
5	18892381	32	95
5	19012367	18	66
5	19606190	16	82
5	19694520	22	67
5	20024989	23	93
5	20749260	25	85
5	21135320	24	77
5	21435670	19	81
5	21971695	23	87
5	22442644	9	79
5	22549271	22	86
5	23199945	21	65
5	23226423	9	128
5	23444693	16	102
5	23510157	29	78
5	24237672	20	87
5	24511228	13	82
5	24852858	27	84
5	24901783	21	86
5	24925307	11	78
5	25171026	21	87
5	25252050	13	85
5	25349211	18	72
5	25828279	5	96
5	26081004	16	100
5	26324489	18	59
5	26445236	23	65
5	26501450	23	86
5	26513243	16	77
5	26535633	14	116
5	2660517	14	90
5	27044981	14	92
5	27045045	11	84
5	27144099	18	97
5	27149804	5	85
5	28388161	14	95
5	28431447	19	78
5	28717361	18	69
5	28891134	10	106
5	29589529	10	84
5	30419056	23	72
5	30675819	12	91
5	30748182	21	98
5	31370190	15	107
5	31695278	22	76
5	33137145	7	96
5	33306230	28	95
5	33450588	7	105
5	34154048	27	69
5	35166982	26	84
5	35389650	4	124
5	36651615	19	57
5	37170783	11	88
5	37241487	13	84
5	37528688	27	74
5	37529574	13	86
5	37786579	8	93
5	37895060	24	84
5	39980802	28	104
5	39984760	9	101
5	40862996	8	75
5	40928571	10	99
5	41177309	11	88
5	41749475	18	94
5	42025198	27	92
5	4279754	15	94
5	43304021	15	92
5	43774439	37	92
5	44390859	27	92
5	44671691	18	106
5	44858960	16	82
5	44931708	23	77
5	4502166	26	97
5	45429485	18	94
5	45486195	17	66
5	45705765	28	97
5	45835786	23	80
5	46245092	11	91
5	46269032	22	75
5	46283327	22	71
5	46359997	11	81
5	478238	12	102
5	4898268	16	114
5	4941204	6	104
5	50659522	13	104
5	5105556	13	94
5	51335094	17	147
5	51429535	12	105
5	52253173	9	97
5	53232561	35	99
5	53498094	7	94
5	53963692	9	101
5	54297972	20	94
5	54778536	24	98
5	55569689	23	67
5	56219339	13	49
5	57572883	10	83
5	5866090	30	85
5	58761067	20	61
5	60532992	32	54
5	60893243	25	55
5	62753846	31	67
5	63253279	8	77
5	63728310	8	89
5	67663689	27	77
5	6767349	20	63
5	73729820	31	54
5	74876897	9	45
5	74906908	21	57
5	76208024	23	46
5	76723589	21	60
5	76784480	22	44
5	77097254	9	70
5	77510875	29	43
5	78121942	18	86
5	79253888	11	51
5	8024514	13	92
5	80640498	9	54
5	80932904	20	44
5	82185438	21	58
5	8247084	10	105
5	83346080	11	72
5	83734750	27	59
5	84546105	7	70
5	84583385	14	61
5	8510487	35	88
5	85352818	13	47
5	85352819	12	37
5	85423497	23	46
5	85640423	11	39
5	85832838	20	35
5	85832896	22	40
5	85987326	16	56
5	86440275	9	68
5	8658818	28	92
5	86803390	5	41
5	88288211	20	57
5	88447952	26	58
5	9024921	8	98
5	90803625	32	41
5	91348228	4	69
5	91528743	12	70
5	9165653	22	66
5	92164203	12	82
5	92267923	27	55
5	92318237	30	67
5	935805	5	97
5	94725468	27	61
5	96549875	20	57
5	96788095	30	51
5	97093890	27	67
5	98181077	22	68
5	98260698	10	60
5	9828373	31	79
5	98561922	20	68
5	98664877	16	90
5	9942254	17	105
6	100150338	10	77
6	100234171	11	95
6	10030638	20	62
6	100383563	18	43
6	10144449	31	59
6	102116425	32	65
6	102170327	29	92
6	102178873	18	79
6	102834465	14	89
6	103142175	12	66
6	103260236	16	99
6	103274310	15	77
6	103367592	21	65
6	104661259	25	61
6	104700179	28	70
6	104715595	8	75
6	105645758	21	81
6	105726210	11	71
6	105742955	21	79
6	107434875	15	77
6	107965188	23	82
6	108159154	17	80
6	108431508	27	60
6	110104894	21	79
6	110554687	33	64
6	110629580	12	98
6	111663977	15	93
6	111694005	18	99
6	111980383	16	87
6	112195386	10	113
6	11403517	29	54
6	114514580	10	79
6	114726589	22	68
6	114903000	22	77
6	117064642	5	87
6	117165796	23	68
6	117423997	11	79
6	117777755	20	88
6	117996905	23	85
6	119102452	14	71
6	120147670	19	77
6	121398520	13	73
6	121671999	14	67
6	121711246	19	86
6	121997629	14	33
6	122099770	24	71
6	122723801	17	99
6	122892769	18	72
6	123081938	13	79
6	123446915	15	74
6	123801885	9	91
6	124208665	19	68
6	124472565	13	88
6	124591374	11	96
6	124601068	20	97
6	124901973	14	111
6	125113149	13	99
6	125480483	27	84
6	125715460	20	76
6	12587247	23	66
6	127319181	11	87
6	128665982	13	88
6	128947788	12	48
6	130030390	26	57
6	13177381	14	66
6	132340510	23	67
6	132515623	13	70
6	132905442	21	85
6	133350590	16	85
6	133813409	10	72
6	134770641	12	74
6	137513785	14	82
6	138024746	8	87
6	13919501	11	69
6	139297784	21	79
6	13958243	32	61
6	139840558	13	79
6	141833535	10	110
6	142184315	11	66
6	143000920	20	57
6	143158346	15	78
6	143371858	8	89
6	143902324	10	84
6	144295651	14	86
6	145202897	8	107
6	146367626	9	83
6	146456503	13	81
6	146564396	29	74
6	146755022	26	76
6	146924713	19	86
6	14695631	15	58
6	147313832	12	83
6	147366050	20	82
6	14800411	19	86
6	148442835	15	69
6	148450620	29	61
6	148745203	14	80
6	149380312	11	82
6	150076524	15	69
6	15191651	13	64
6	152093933	18	96
6	152341849	30	79
6	152926746	2	100
6	153106149	32	69
6	153260761	15	87
6	153369921	30	67
6	153427029	14	88
6	153608432	17	68
6	153629405	16	81
6	154215183	14	97
6	154276223	21	60
6	154574187	12	70
6	155993592	15	70
6	156062183	21	66
6	156596880	13	104
6	157543272	16	81
6	158240326	4	34
6	158850777	11	81
6	159762094	23	60
6	159889306	14	84
6	160117110	14	84
6	160407303	4	89
6	160500261	19	99
6	160572296	19	61
6	160756914	8	89
6	160764529	10	91
6	161579611	9	91
6	161735909	33	73
6	162117345	12	83
6	162727920	11	87
6	162859869	18	75
6	163703951	11	93
6	164082180	11	90
6	164473945	16	94
6	165071638	5	92
6	165577817	14	87
6	165661100	16	72
6	166265590	11	79
6	167754957	25	92
6	1685145	29	59
6	168964040	15	95
6	169167851	12	80
6	169964535	8	89
6	17086463	5	93
6	19684676	23	51
6	20044741	15	58
6	20462953	14	63
6	21040590	23	61
6	2583885	32	56
6	25943601	18	72
6	26906948	23	54
6	27061439	19	89
6	27523508	11	81
6	28230537	25	60
6	328533	16	197
6	34017390	26	65
6	36516144	24	62
6	37340939	16	72
6	37353081	10	60
6	39197052	29	58
6	39590429	12	43
6	41353480	4	84
6	42267652	26	62
6	42968250	15	71
6	43985185	26	60
6	44225623	27	61
6	44430114	14	50
6	44465092	15	75
6	45485699	18	46
6	45942377	5	89
6	46646709	23	62
6	48044999	32	74
6	49097496	22	67
6	49514326	32	62
6	4971817	13	74
6	50249163	8	66
6	50416207	33	72
6	50658817	17	67
6	50950072	9	63
6	51665314	4	81
6	52348792	35	71
6	52788239	26	56
6	54357660	4	78
6	56918390	4	95
6	5705132	14	79
6	60403325	23	65
6	60705262	30	77
6	6077156	9	62
6	61155231	12	76
6	62097454	12	84
6	62140728	24	72
6	62151251	20	50
6	62152091	23	69
6	64406948	5	104
6	64448037	4	72
6	65252803	11	76
6	65695628	24	58
6	66091341	26	56
6	66105622	7	79
6	66155336	17	65
6	6626825	12	66
6	66272142	34	54
6	66490681	15	74
6	67905936	4	71
6	68244946	4	72
6	69152410	35	73
6	69376150	26	53
6	6939991	14	48
6	6981357	27	70
6	70402951	12	27
6	71682560	17	86
6	71795667	25	60
6	7242643	8	49
6	72546748	22	55
6	73037253	16	79
6	74646483	25	67
6	74989499	29	67
6	75116980	26	60
6	75820773	16	64
6	76121689	16	89
6	76616824	4	82
6	77169900	18	51
6	77464562	6	93
6	77682645	22	52
6	79315062	18	49
6	80171032	21	53
6	82323072	8	70
6	84419076	13	71
6	84451008	23	73
6	84715391	6	82
6	84774797	27	65
6	84902443	10	88
6	85046449	10	63
6	85993093	13	26
6	86461302	15	67
6	86536596	20	67
6	88099085	4	93
6	88384864	26	59
6	8975221	19	68
6	8975263	19	64
6	91145182	8	68
6	91619249	10	68
6	91754187	26	47
6	92410099	14	89
6	92800723	9	85
6	93780270	38	71
6	93793159	20	74
6	94316186	15	66
6	94322000	16	72
6	94449647	13	73
6	94709056	9	80
6	95794518	12	73
6	95941157	16	66
6	96863772	14	85
6	96964944	7	91
6	97001751	10	83
6	98094397	18	69
6	98279178	12	88
6	98391966	12	107
6	99038469	28	65
6	99223469	20	69
6	9945334	17	73
6	99654296	14	94
6	9966611	17	104
6	99879694	10	90
7	100631424	11	80
7	100903860	34	69
7	101841231	27	82
7	102373424	12	85
7	102753372	9	91
7	10288328	8	102
7	10328239	37	77
7	103506310	13	98
7	103970228	13	91
7	104154426	21	95
7	104731350	7	96
7	105097497	14	107
7	105304938	12	86
7	105774647	14	117
7	106272656	14	118
7	106415225	29	84
7	106738416	6	79
7	10814048	26	98
7	108241069	40	96
7	108637590	20	100
7	108738907	29	102
7	109814570	15	76
7	109929272	12	114
7	109996740	35	93
7	110519403	13	121
7	110854417	6	88
7	110858517	14	118
7	11110083	18	107
7	111603282	11	104
7	111909264	11	110
7	113187606	24	68
7	113980441	17	99
7	114232534	31	93
7	114266881	19	96
7	114726483	10	114
7	115182867	29	108
7	115362608	37	79
7	115701874	12	103
7	115911715	17	109
7	116583564	11	108
7	11709879	12	123
7	118127450	37	96
7	118275956	4	116
7	118373213	15	112
7	118422536	10	111
7	118573975	9	114
7	119339140	18	109
7	119431229	13	96
7	120511026	19	72
7	12109344	8	94
7	121487814	16	76
7	121674370	16	73
7	122458316	27	61
7	12286096	9	111
7	12508352	12	100
7	125734412	11	90
7	125984035	9	83
7	126240762	13	86
7	126442034	32	61
7	126573953	3	101
7	126764715	47	49
7	128239836	44	57
7	129277114	9	73
7	130724243	36	67
7	131074607	11	79
7	131540759	12	73
7	13184047	9	123
7	13234110	11	111
7	132616182	30	54
7	13313395	12	101
7	133418746	44	62
7	135648063	24	50
7	136978452	37	61
7	141869714	8	79
7	14250136	9	94
7	144862593	43	52
7	147280637	8	87
7	149692247	11	65
7	151398967	11	102
7	15309657	29	87
7	153288812	14	83
7	153529972	47	58
7	154211553	8	90
7	155119557	17	88
7	15567312	26	69
7	156297500	29	61
7	156374356	12	79
7	156721400	33	64
7	15706867	6	128
7	157538335	15	97
7	159036991	55	74
7	1619868	5	93
7	16622778	19	82
7	17302810	30	85
7	17310437	25	94
7	17515716	21	109
7	18756287	39	87
7	19119712	30	82
7	19260456	9	107
7	19344011	14	111
7	19729446	18	111
7	19802793	11	99
7	22099661	8	104
7	22689115	5	97
7	22804287	9	102
7	2290918	6	110
7	23140370	10	95
7	23443416	19	81
7	23488691	8	72
7	25079162	17	99
7	25107347	28	80
7	25671545	24	95
7	26138542	22	94
7	2628598	20	97
7	26524483	39	81
7	27144842	12	144
7	2738147	18	82
7	27469063	3	124
7	27938910	8	150
7	29309427	25	129
7	29410547	12	95
7	2978226	7	93
7	30153133	5	122
7	30478421	32	94
7	31005190	8	113
7	31103317	19	129
7	31649259	26	109
7	31730357	16	119
7	31741397	38	85
7	32230093	31	123
7	32717404	14	118
7	32831550	48	73
7	35302964	13	120
7	35310206	37	83
7	36289783	22	96
7	36607070	18	130
7	36711727	20	112
7	36711981	35	88
7	37030007	31	94
7	37306771	36	87
7	3768018	30	93
7	37689857	15	92
7	38389449	5	121
7	40031330	13	104
7	41270940	21	121
7	41943215	8	129
7	42224566	10	109
7	42308045	20	115
7	42565257	9	51
7	43313557	9	112
7	45482122	10	116
7	45779384	16	93
7	46685374	38	82
7	47521369	8	129
7	48516175	20	92
7	48538897	25	107
7	48550741	9	72
7	48941225	8	107
7	48996647	22	94
7	49057835	22	82
7	49306501	9	114
7	49347085	18	102
7	49708845	23	97
7	50153840	46	102
7	51101090	30	96
7	51101289	21	97
7	52329441	32	81
7	52732690	29	77
7	53244778	14	106
7	53547833	50	94
7	53661933	25	81
7	54072570	26	104
7	54468135	8	111
7	54484400	19	102
7	54593528	15	113
7	54640077	13	111
7	5630989	15	96
7	56459257	30	81
7	56465763	14	98
7	56810985	38	65
7	56829550	34	67
7	56936219	18	52
7	57099404	43	67
7	57103866	26	118
7	57291687	14	123
7	57345546	17	123
7	57829292	35	152
7	57986322	15	71
7	58106200	6	101
7	5901008	23	72
7	61066836	12	105
7	61741947	7	158
7	61949147	14	120
7	62346738	13	85
7	62423705	15	91
7	62547765	17	91
7	62550542	25	75
7	62867653	10	76
7	62900725	27	57
7	63180544	17	66
7	63245165	12	65
7	63501570	22	81
7	63766791	6	82
7	63857311	9	89
7	63883291	28	67
7	63954713	11	87
7	64192359	9	93
7	64260303	30	79
7	64260311	28	75
7	64347322	30	72
7	64432401	9	108
7	64439958	17	87
7	64645266	14	58
7	64804919	14	124
7	648176	31	61
7	64913291	7	113
7	65337554	19	66
7	6572340	12	88
7	67703186	32	94
7	68367083	25	81
7	68373819	28	64
7	68489166	10	103
7	69767628	10	110
7	7051996	12	112
7	71822538	10	102
7	71882203	39	86
7	71932270	7	105
7	72027784	16	68
7	72247245	8	49
7	74116732	13	65
7	74314285	10	98
7	74387953	10	98
7	7489015	8	108
7	76190265	11	95
7	77117642	11	139
7	77508205	11	103
7	77753522	8	111
7	78813581	30	89
7	79003772	19	102
7	79116739	12	101
7	79301920	8	107
7	79740329	12	96
7	79882040	19	77
7	79953666	34	86
7	80484440	10	92
7	8113966	13	113
7	81293562	19	122
7	81881959	16	93
7	82630920	7	99
7	83253131	22	96
7	83717363	21	105
7	8374432	36	92
7	83745653	35	90
7	84155354	18	74
7	84403848	11	125
7	84486493	42	96
7	84654775	33	77
7	84838162	13	110
7	8527378	12	94
7	85850640	14	128
7	86283111	45	84
7	86435330	22	108
7	86579020	28	85
7	8801836	30	90
7	89147240	28	56
7	89544148	12	100
7	9026113	43	94
7	90956138	24	89
7	91205202	24	87
7	91334659	8	127
7	91418309	9	102
7	92252092	23	96
7	92351717	32	62
7	92901147	7	120
7	93257664	21	104
7	93484002	11	123
7	93536412	18	92
7	93575059	14	90
7	93716857	9	92
7	94226253	28	77
7	9434001	27	93
7	94421046	7	103
7	94675180	17	102
7	94746363	13	95
7	95971912	42	90
7	9626513	10	110
7	96545459	13	119
7	96563411	27	101
7	96660920	14	101
7	97315088	29	96
7	9739293	35	92
7	97508532	29	61
7	98717068	34	73
7	99120907	12	92
7	99223698	17	48
7	99717833	20	122
8	100264696	23	116
8	10028250	29	66
8	100711775	5	129
8	101516181	93	75
8	101845686	92	78
8	102534575	12	140
8	102552725	13	113
8	102957881	24	136
8	103285709	26	130
8	103315097	79	85
8	104282186	23	114
8	104650713	74	86
8	104722029	34	117
8	105069675	15	143
8	105704392	12	127
8	106012251	12	141
8	106376372	11	136
8	106739862	14	140
8	106971230	70	63
8	107173977	26	107
8	107863086	12	123
8	108305408	16	149
8	108313028	22	112
8	109145682	82	48
8	109148786	63	70
8	109664756	78	68
8	109793395	9	155
8	110052711	58	55
8	110052989	8	122
8	110191576	10	121
8	110906758	12	133
8	110931100	28	124
8	111043639	11	159
8	111077403	13	120
8	111154195	75	72
8	111508543	13	135
8	111545327	8	141
8	111669338	16	144
8	111709462	5	158
8	111910024	24	98
8	111945097	37	149
8	112178654	17	135
8	112297698	6	140
8	112452009	81	72
8	112495599	11	112
8	112667520	68	65
8	112722297	17	128
8	112832369	11	125
8	112907322	17	127
8	112998806	15	120
8	113231341	6	103
8	113580673	48	83
8	113691050	13	105
8	113857814	7	152
8	113884343	14	121
8	113997763	8	110
8	114132326	13	121
8	114281690	20	128
8	11464500	22	82
8	115566668	15	125
8	115737993	12	157
8	115855916	25	83
8	116193242	8	137
8	116253346	11	138
8	116414323	75	74
8	116900393	12	131
8	117490391	33	99
8	117518641	13	140
8	117700825	23	109
8	119159404	6	120
8	119497712	9	108
8	120862355	16	154
8	121024789	9	129
8	121105397	79	87
8	121744645	34	122
8	122133490	6	146
8	122266611	14	121
8	122273620	15	156
8	12228174	19	32
8	122420592	13	101
8	122627856	16	135
8	123133875	15	120
8	123627123	16	148
8	123916226	9	153
8	124290398	7	126
8	124421733	18	138
8	125184459	24	100
8	125228229	14	138
8	126064540	9	164
8	127987182	22	108
8	12914825	13	86
8	129611982	61	76
8	129617152	11	139
8	130271516	17	164
8	130369126	11	140
8	130573076	14	147
8	13072091	15	88
8	130853332	26	129
8	131133285	86	84
8	131212909	12	128
8	131312286	74	79
8	131436472	16	131
8	131517059	62	65
8	132447147	13	134
8	133114927	20	127
8	133500565	18	121
8	133599802	21	159
8	133724251	7	146
8	133862975	72	81
8	134164061	8	138
8	134330623	14	161
8	134950400	18	128
8	135874597	21	125
8	136353852	16	87
8	136600354	14	131
8	136977055	12	129
8	137180683	76	85
8	137379096	6	149
8	137564053	13	142
8	137578019	87	79
8	137743255	15	144
8	138440290	70	79
8	138579350	14	133
8	138853556	9	131
8	138927960	26	113
8	13909126	29	74
8	139919089	13	156
8	140051848	10	124
8	140136382	25	137
8	140535597	11	143
8	140786434	9	149
8	140866483	55	96
8	140922033	4	137
8	141022385	29	128
8	14121546	14	87
8	141496664	9	126
8	141648760	24	135
8	141669562	5	156
8	142315318	8	148
8	142950180	24	108
8	142957836	8	131
8	144258086	10	148
8	144261272	9	112
8	144851461	26	118
8	14533099	20	65
8	14835827	9	83
8	15038577	11	72
8	15372867	10	84
8	16925468	22	62
8	16976887	8	88
8	17006025	15	87
8	17492436	16	73
8	18970147	11	85
8	19242034	6	51
8	19573339	16	90
8	19877324	13	92
8	20523997	12	93
8	20587607	15	39
8	21166177	10	93
8	21860280	18	85
8	23192132	11	75
8	2348579	12	95
8	25786722	9	83
8	25954279	18	84
8	26128003	23	57
8	26970560	14	104
8	27211972	15	75
8	27937285	14	97
8	2877832	14	88
8	28984884	13	96
8	31239765	18	122
8	31708476	11	103
8	31861953	12	149
8	32307188	15	137
8	32549324	14	124
8	32683232	12	158
8	327392	21	57
8	32809852	15	128
8	32890247	13	134
8	32919523	13	136
8	33045105	47	88
8	3318359	12	83
8	33712368	9	113
8	33745088	23	132
8	33799791	16	157
8	33830715	23	108
8	33879016	46	70
8	33896440	71	61
8	34312261	7	149
8	34421426	18	143
8	34517219	76	61
8	34566979	10	121
8	34570877	72	95
8	34674721	67	67
8	34745020	8	142
8	34989546	31	110
8	35178847	78	44
8	35420301	65	72
8	35469897	23	118
8	35522742	23	105
8	35933123	11	114
8	36649724	11	161
8	37033231	13	129
8	38084239	28	90
8	38549023	69	63
8	40279093	19	99
8	40279101	20	97
8	40558863	14	140
8	4057582	11	95
8	4107954	10	75
8	41418223	12	102
8	41553302	18	124
8	42376810	29	123
8	4329715	20	92
8	43752850	14	150
8	43869195	14	131
8	4411792	25	71
8	44490000	9	193
8	44836361	12	104
8	44863613	11	96
8	46281020	8	129
8	46540444	16	129
8	46876017	17	148
8	46942978	16	167
8	4772034	15	89
8	48373076	16	161
8	49099821	17	147
8	49101411	29	136
8	49105604	30	137
8	49291307	33	140
8	49323731	15	146
8	49389988	9	136
8	49721969	16	149
8	49985508	11	137
8	50069943	10	147
8	50095336	10	124
8	50171505	13	127
8	50769618	57	68
8	50783400	15	159
8	5084753	9	61
8	50980847	17	132
8	51261652	12	103
8	51306455	31	114
8	51356498	21	103
8	5140864	7	94
8	51674830	22	165
8	52962213	8	141
8	53036616	10	147
8	53375584	12	124
8	53678310	11	124
8	53831080	88	58
8	54283886	28	121
8	54486695	12	139
8	54505922	6	116
8	54696426	7	148
8	54874668	56	69
8	55059087	10	141
8	55085717	17	127
8	55278188	11	140
8	55314536	17	150
8	55560282	7	149
8	55561073	20	113
8	55641380	81	78
8	55857380	23	89
8	55972633	19	132
8	56021264	69	73
8	56111965	65	74
8	5642409	25	67
8	56499430	12	159
8	56893048	13	141
8	57129472	18	122
8	57137408	12	108
8	57152036	14	115
8	57415576	9	134
8	5757981	15	102
8	57799761	23	134
8	57919439	25	101
8	58269330	26	119
8	59017000	10	128
8	59048547	6	151
8	59129062	12	143
8	59413291	14	135
8	59915041	21	118
8	60187721	12	127
8	60551262	62	43
8	60560948	7	133
8	61088358	12	135
8	6128903	26	74
8	61699922	6	149
8	61797153	20	119
8	6241068	5	88
8	62557858	11	127
8	62674884	15	133
8	62900307	22	136
8	63317510	27	130
8	63375895	10	116
8	63400974	69	83
8	63561721	18	136
8	63586789	10	158
8	63689607	16	140
8	63721017	11	140
8	63985795	13	139
8	64370331	10	118
8	64410594	20	111
8	64453864	15	130
8	64928632	15	107
8	65082768	5	141
8	65435865	39	108
8	66237759	22	101
8	66263640	23	99
8	6650767	9	71
8	66636601	12	104
8	67017555	9	133
8	6708588	12	58
8	67392399	6	115
8	67443863	13	113
8	67822491	56	92
8	68412827	18	90
8	69082278	18	96
8	69312704	45	69
8	69321509	15	121
8	69326342	9	115
8	69435736	23	98
8	70086971	16	125
8	70975311	10	127
8	71112751	13	124
8	71320109	14	132
8	71467168	4	123
8	71492893	10	127
8	72357715	61	70
8	72395013	13	120
8	72682875	15	134
8	7362626	13	133
8	73649758	45	39
8	75317660	28	99
8	75507321	8	114
8	75730843	10	111
8	76222410	10	122
8	76568604	11	100
8	76810833	13	137
8	76902175	18	157
8	76954823	20	58
8	77569726	21	114
8	78288328	17	126
8	78538351	14	140
8	78826545	9	131
8	80113555	32	108
8	80465644	24	93
8	81920145	66	82
8	82318229	68	67
8	82392759	8	80
8	82604019	71	64
8	82788601	27	94
8	83653148	23	109
8	85226626	18	109
8	85237906	12	136
8	85459490	65	77
8	86151924	16	115
8	86279739	15	110
8	86477609	5	112
8	86965997	67	54
8	87077439	42	59
8	87469857	5	143
8	87602759	58	70
8	87648294	18	112
8	88301318	17	100
8	88350963	12	135
8	88701034	13	123
8	89209185	12	110
8	89358920	50	70
8	90068672	14	109
8	90266951	74	64
8	90357312	17	133
8	90615429	62	72
8	91257565	48	95
8	91958639	16	94
8	92594485	23	102
8	93059631	71	66
8	93181980	22	129
8	93834179	10	101
8	95115604	18	134
8	95992644	22	105
8	96533980	7	116
8	97446781	19	135
8	97534403	10	107
8	98314590	82	77
8	98983534	11	103
8	99585825	83	65
8	99888506	15	153
9	100307903	22	66
9	100339806	8	63
9	100703203	12	71
9	101464485	11	104
9	101722354	29	80
9	101842853	16	96
9	102461310	30	71
9	102749805	14	76
9	103174317	6	60
9	103471431	23	90
9	10442771	31	58
9	104820533	23	69
9	10616379	12	80
9	108165649	11	90
9	108608885	20	78
9	109115257	14	77
9	109866908	10	88
9	11107503	26	72
9	112730438	13	75
9	115003107	9	87
9	115820781	27	70
9	116043738	9	87
9	11668821	12	65
9	116839881	12	54
9	11708580	13	79
9	1184490	17	85
9	119560915	10	69
9	119673378	12	74
9	120766174	26	54
9	122885551	8	75
9	122969519	17	69
9	12401974	24	64
9	124758973	13	89
9	125411173	8	75
9	126293015	6	78
9	127044454	14	93
9	127794903	32	73
9	129609522	15	68
9	130783856	5	75
9	132128660	11	81
9	133023972	14	78
9	133492070	30	56
9	135104636	34	67
9	135180580	10	80
9	135660997	29	80
9	135761913	9	61
9	136390443	9	68
9	136426321	21	58
9	136534500	12	88
9	137547416	9	78
9	137939853	19	56
9	138062557	27	72
9	14068845	12	84
9	15369191	7	57
9	15369739	9	67
9	15384543	11	84
9	1738294	22	58
9	17733757	35	80
9	18822930	26	65
9	19415729	17	67
9	20280040	18	91
9	21522588	7	84
9	22010371	24	70
9	22464044	13	49
9	22639734	18	78
9	23110416	17	94
9	23214148	30	69
9	24019801	9	71
9	24180877	30	73
9	25168395	10	100
9	25301972	8	78
9	25306347	21	62
9	25725932	12	85
9	26601739	14	74
9	27060702	7	81
9	27690683	13	98
9	28734539	20	72
9	28829868	15	118
9	28879770	16	69
9	29221994	19	65
9	29475926	9	92
9	29520906	19	52
9	29813630	21	61
9	29922253	9	74
9	30133754	12	99
9	30277745	7	89
9	30732038	8	77
9	31294507	16	120
9	31474713	26	65
9	31651639	11	88
9	32152884	14	97
9	33353905	16	64
9	34739471	32	84
9	35124009	26	54
9	36667472	16	91
9	37045498	8	80
9	38071351	36	24
9	38274803	18	84
9	38748816	27	68
9	38878577	13	31
9	41038258	9	174
9	41076314	34	176
9	41619336	14	211
9	41797956	12	208
9	42036146	9	150
9	42424416	9	145
9	42904624	11	82
9	4379084	21	68
9	44914710	2	15
9	45441254	13	17
9	5334621	10	53
9	63579122	10	138
9	63817293	16	489
9	68725074	32	74
9	68826152	8	101
9	69272675	12	58
9	69272677	11	58
9	69580219	16	106
9	70372108	21	78
9	71934925	29	70
9	72008692	11	74
9	72174765	17	63
9	72201778	29	72
9	72344303	25	65
9	72642414	20	70
9	73189551	8	81
9	73800395	13	101
9	73886534	12	57
9	74032798	26	56
9	74128549	14	84
9	74314000	10	92
9	74534172	20	97
9	75257000	11	84
9	75684627	12	73
9	76860868	27	81
9	77765161	26	73
9	78189696	10	79
9	78191040	7	99
9	78638979	13	74
9	78669565	7	91
9	79162172	7	84
9	8136975	11	49
9	81469608	19	78
9	81605419	25	67
9	81960754	31	81
9	82921177	20	98
9	83254676	11	82
9	85913046	18	64
9	8644211	6	62
9	86538510	13	79
9	87450067	26	66
9	87754923	13	69
9	87791278	8	86
9	88486550	4	78
9	8857204	16	79
9	88851050	16	94
9	90349618	15	100
9	90895968	23	93
9	9134363	30	59
9	91742732	10	81
9	91884196	9	80
9	94255792	9	58
9	94698281	13	79
9	95694731	19	86
9	96648197	12	80
9	96797713	9	74
9	97039495	5	74
9	97204558	14	76
9	97385024	13	83
9	9785257	17	74
9	98113007	11	46
9	98329355	12	80
9	98562381	10	77
9	98677054	27	66
9	99089513	17	102
9	99302508	18	102
9	99335983	9	95
9	99378127	15	95
9	99719966	30	65
9	99893993	8	78
10	100339643	30	81
10	101254764	11	76
10	103273168	25	50
10	104361405	8	90
10	104437975	10	68
10	104478980	25	77
10	104581771	9	77
10	104742367	13	82
10	104960074	36	57
10	105491848	20	86
10	105861865	8	79
10	106208178	14	90
10	106261497	4	77
10	106311335	27	69
10	106610918	13	79
10	10662525	17	63
10	106769937	11	73
10	106785576	9	66
10	106946174	16	87
10	107040316	4	83
10	10716697	16	78
10	107359778	10	108
10	107364646	22	59
10	107604231	24	68
10	108064374	10	85
10	108155517	22	91
10	108243293	7	87
10	108307675	21	69
10	108387397	12	91
10	10848322	20	110
10	108686380	10	93
10	108686382	10	94
10	108978656	22	67
10	109206103	14	79
10	10937297	22	78
10	109652460	27	71
10	109753225	23	65
10	110328252	14	77
10	110558998	11	76
10	110997295	11	82
10	111393306	14	82
10	111789632	26	75
10	11219816	12	118
10	112353771	12	34
10	113863689	8	90
10	115171092	8	82
10	115474395	12	90
10	115587833	23	77
10	115916861	21	86
10	115977636	13	105
10	11613662	18	114
10	116215373	12	75
10	116462718	27	72
10	116760408	27	81
10	116803310	15	89
10	116882193	15	75
10	117713429	24	62
10	121845888	20	75
10	122800945	12	89
10	123282135	14	84
10	123537900	18	84
10	12360698	21	94
10	127496503	18	95
10	127925953	18	100
10	128745374	10	97
10	129339488	14	86
10	129934390	13	82
10	130063117	21	77
10	130708680	13	82
10	130755967	10	83
10	130992628	13	83
10	131116065	8	109
10	131472195	13	66
10	131714036	17	71
10	132114846	10	64
10	13535617	8	122
10	136413	18	128
10	14026506	6	135
10	14194536	19	109
10	14296131	9	117
10	14492183	9	136
10	14521570	55	89
10	1457020	60	90
10	14858266	24	122
10	16001292	62	79
10	16132925	8	110
10	16414285	10	116
10	1665663	57	90
10	17482368	11	116
10	17543532	15	114
10	1869680	11	122
10	18808913	63	102
10	19289862	25	137
10	19501508	24	119
10	20530150	16	99
10	20688681	13	139
10	21185471	19	62
10	2123063	8	126
10	2137687	44	91
10	21972706	16	120
10	22022988	25	110
10	22361784	6	95
10	22583476	12	103
10	22929633	11	116
10	23419259	11	108
10	23566341	13	57
10	23822479	9	115
10	23838553	9	106
10	23847824	12	127
10	23867009	23	78
10	24438882	10	111
10	24872809	15	43
10	25232625	18	53
10	25256836	8	78
10	25515060	7	66
10	25705129	10	61
10	26094704	8	68
10	26191363	8	85
10	26438792	9	68
10	26513723	19	57
10	26943170	13	97
10	27775937	21	86
10	2816919	14	100
10	2852319	47	83
10	28836612	10	61
10	29089874	13	86
10	29648862	9	81
10	31278422	20	64
10	31296603	15	63
10	31995986	20	87
10	32269298	19	104
10	32933495	8	120
10	33146960	10	131
10	33167154	8	128
10	33176025	16	122
10	33401732	28	66
10	34701257	12	97
10	35577578	18	95
10	35614541	29	96
10	35814294	43	95
10	36004030	29	92
10	3606203	13	96
10	36443112	5	92
10	36670431	38	87
10	36820228	39	80
10	36999446	7	96
10	37201699	20	94
10	37261034	42	73
10	37553551	23	72
10	37818106	12	86
10	3806740	12	116
10	38740649	9	71
10	39333944	7	106
10	4100627	28	98
10	43728095	26	44
10	43762239	11	66
10	44244138	12	65
10	44395462	11	68
10	45763724	15	57
10	45816769	27	57
10	45980931	19	49
10	4800176	43	79
10	4918077	12	106
10	50353342	13	145
10	50843884	32	69
10	5115842	8	128
10	52340069	19	49
10	5240779	9	113
10	5242458	12	112
10	52572394	14	75
10	5271012	12	118
10	5301514	19	128
10	53461822	8	68
10	5414683	10	131
10	55437906	9	61
10	5590553	13	116
10	56004081	32	55
10	56167925	7	55
10	56214439	28	53
10	57173019	11	71
10	57483322	18	55
10	57992477	12	72
10	58113512	27	50
10	59629720	6	78
10	5981979	16	87
10	6025459	51	85
10	62169398	25	75
10	62383847	11	66
10	6474286	25	93
10	6647662	8	106
10	66618466	13	79
10	68515844	29	45
10	69033125	12	58
10	72784481	13	58
10	7550901	10	119
10	77331026	16	78
10	78859394	18	57
10	80603789	10	59
10	81363722	18	56
10	81862683	8	70
10	81920330	9	60
10	8211773	13	106
10	8224487	16	122
10	82739475	24	53
10	83202935	17	74
10	83650162	14	75
10	8385108	13	127
10	8422534	11	101
10	8473022	12	109
10	8513823	13	121
10	85285848	8	63
10	85904102	33	59
10	86300327	7	74
10	8869896	13	74
10	9091165	20	94
10	91060945	26	72
10	91093869	28	68
10	9185035	19	117
10	9315949	31	75
10	93714987	33	65
10	94673104	14	71
10	95049753	26	56
10	9546321	9	74
10	97412642	14	78
10	97911585	19	61
10	99290194	11	86
10	99577823	12	77
10	99645182	7	88
11	100096411	13	105
11	100720650	10	77
11	100720651	10	77
11	100933295	14	104
11	101085569	10	74
11	101239862	21	72
11	101266468	17	79
11	101448932	12	86
11	101518157	8	75
11	101529846	14	93
11	102078719	21	54
11	102597974	11	95
11	102895304	32	63
11	103344873	10	89
11	103902556	29	74
11	103948856	14	93
11	104162171	12	84
11	104535874	11	81
11	104619677	23	79
11	105771354	11	83
11	105827622	11	81
11	105908310	9	105
11	106228417	13	96
11	106452008	25	64
11	106592949	23	69
11	106657756	13	75
11	106657990	10	92
11	10713087	12	84
11	107258935	29	78
11	107610228	8	84
11	107670121	9	71
11	108479378	15	73
11	10862321	15	80
11	109450774	18	98
11	111222484	13	92
11	111303590	10	95
11	111390251	12	94
11	11204767	17	92
11	112214737	14	90
11	112314976	19	61
11	112565328	4	90
11	112760813	15	88
11	113499083	22	69
11	113697956	33	67
11	115158605	27	68
11	115404546	12	68
11	115421943	13	83
11	115671400	11	68
11	116016269	7	70
11	116358368	21	67
11	116479339	13	81
11	116699099	11	70
11	117460657	17	74
11	117621504	12	90
11	119201941	9	87
11	121745774	14	90
11	122313237	24	66
11	122634157	14	71
11	122727518	14	68
11	122870533	18	84
11	123656257	14	74
11	124157090	23	61
11	124166299	7	44
11	124388978	25	59
11	124630179	12	72
11	125057785	8	110
11	126285701	6	78
11	126683999	6	107
11	127663452	26	67
11	127670909	17	90
11	128227024	8	62
11	128366794	11	101
11	128812408	17	82
11	129153918	19	76
11	130098131	13	86
11	130954950	9	91
11	131000790	20	68
11	131328558	23	64
11	131758891	13	84
11	132638732	9	88
11	13304210	8	85
11	133510112	26	84
11	133880475	20	85
11	133970401	16	78
11	134482755	17	94
11	135017143	11	90
11	14505180	8	84
11	15151184	16	92
11	15214562	20	114
11	15218560	15	60
11	15289157	9	88
11	15725533	32	78
11	15911357	8	100
11	18892442	14	88
11	1894657	24	64
11	19481666	15	95
11	19772421	19	102
11	20159725	26	88
11	20346608	21	80
11	20944338	17	77
11	21075826	12	87
11	21510897	11	90
11	22205741	14	93
11	23938294	20	66
11	2394506	21	92
11	24846946	15	55
11	25325512	23	74
11	25534885	13	75
11	25644201	12	84
11	25802434	8	71
11	2727943	15	79
11	27726796	16	91
11	27809208	25	64
11	29112409	16	79
11	29269821	14	99
11	29704103	12	84
11	29724920	16	67
11	29951246	22	97
11	30142130	9	90
11	31058564	33	66
11	32558593	14	83
11	33954980	29	68
11	34843963	15	95
11	35317815	15	95
11	35710254	16	80
11	36957924	12	84
11	37481710	12	89
11	37558568	21	72
11	37613057	14	67
11	38066016	10	71
11	38110985	16	79
11	38195454	8	91
11	38398553	13	103
11	38581336	9	81
11	38700465	11	90
11	38742857	10	75
11	39084002	20	67
11	39159475	8	75
11	39661144	13	91
11	39681018	16	82
11	40968114	12	89
11	41231090	17	79
11	41421810	15	100
11	41795430	22	91
11	4185216	16	84
11	42978751	31	72
11	45398711	7	68
11	45640819	21	82
11	46612585	23	51
11	46868638	10	81
11	46910119	13	85
11	48405939	14	95
11	49026228	15	66
11	49780984	11	71
11	49864397	8	77
11	49943045	14	74
11	50217223	27	65
11	50269209	12	74
11	50313892	21	73
11	50330434	12	74
11	50477843	13	82
11	50495028	13	74
11	50555012	18	82
11	51142434	3	25
11	53732742	5	55
11	53938377	6	47
11	54207749	3	21
11	54417773	14	25
11	54885205	11	73
11	55075939	13	82
11	55077688	22	60
11	55764932	12	66
11	55940003	7	100
11	56151542	22	74
11	56385618	12	74
11	56471244	28	71
11	57011361	13	82
11	5760995	14	73
11	58234638	7	94
11	58249486	6	114
11	58371338	13	83
11	58445564	19	70
11	59747354	11	108
11	60350305	22	89
11	60568304	16	71
11	61674812	7	72
11	61692334	12	69
11	62246058	29	67
11	62883627	17	82
11	6386005	10	77
11	63886278	20	75
11	64493866	9	85
11	6480559	20	88
11	65464466	11	84
11	6552077	28	65
11	66389712	12	89
11	66424707	11	79
11	66427200	17	67
11	67569262	29	63
11	67854666	17	99
11	68148091	27	60
11	68499116	13	54
11	68784632	5	90
11	69422673	15	86
11	69748029	13	55
11	69773957	15	103
11	7118076	16	82
11	71339249	8	80
11	71665505	12	76
11	7191151	14	61
11	7191242	12	77
11	72239787	9	90
11	72682003	34	57
11	72836499	9	81
11	72908048	12	100
11	74143112	11	80
11	74526094	18	65
11	7478629	14	106
11	75120362	31	102
11	75355522	14	79
11	75693942	20	80
11	75990254	10	84
11	7650921	20	107
11	77056329	24	79
11	77124031	19	83
11	77612599	28	64
11	777391	9	63
11	78160253	4	58
11	79904094	12	97
11	80457992	13	99
11	80754391	18	85
11	80914740	25	79
11	81458766	16	56
11	81970508	15	87
11	83807823	28	64
11	85186681	9	91
11	85496392	16	93
11	85646865	40	80
11	86633494	14	105
11	87622315	12	73
11	88138786	13	66
11	88367322	9	69
11	89504258	19	86
11	89531915	20	82
11	90721835	10	81
11	90774285	5	86
11	91108992	9	71
11	91500769	8	76
11	92514566	16	85
11	94325908	17	78
11	94475186	10	87
11	95347076	37	70
11	96198154	7	86
11	96924927	10	63
11	96972926	12	85
11	96981692	13	83
11	97495307	8	88
11	97782067	21	89
11	97829728	13	80
11	98330631	19	92
11	98389816	13	77
11	98875568	13	65
11	98893740	4	98
11	98983368	15	85
11	99506579	7	79
12	100748064	31	77
12	102169288	14	79
12	102730875	10	77
12	103121160	11	95
12	103121161	11	98
12	104324412	16	72
12	104427746	26	61
12	104808285	29	71
12	104887574	14	83
12	105289233	8	88
12	105506196	11	63
12	105832342	11	82
12	107210031	41	67
12	109355207	15	86
12	111580802	7	55
12	112540882	17	40
12	113077841	12	51
12	114032751	21	65
12	11583880	16	84
12	115921384	25	61
12	117272975	16	79
12	117875243	11	81
12	118362110	30	60
12	118522352	16	78
12	118538358	17	77
12	118643579	11	105
12	120872574	9	76
12	121046948	6	44
12	12116367	15	81
12	121685484	14	73
12	12174491	10	74
12	122479414	5	94
12	122827672	27	82
12	123532581	11	59
12	123669309	26	79
12	124489467	5	99
12	12464600	16	79
12	125496702	31	62
12	125563404	14	66
12	126753211	9	88
12	126805966	24	72
12	126892123	17	101
12	126897783	28	84
12	126900966	16	78
12	127243960	15	81
12	127555808	14	81
12	127735940	12	73
12	128089870	12	82
12	128448773	14	87
12	128618898	8	74
12	12950334	13	79
12	129904158	11	58
12	130411645	16	81
12	130573842	15	58
12	13161420	12	86
12	131658914	18	154
12	131841563	24	67
12	131846380	11	75
12	132180306	15	92
12	132689874	11	77
12	133260676	22	87
12	13521243	15	84
12	13767208	12	65
12	14002374	12	42
12	14794058	22	60
12	15474201	16	76
12	16960464	24	70
12	17053966	14	100
12	17219563	15	87
12	17425986	8	71
12	17434272	18	81
12	17621202	16	96
12	17858759	7	78
12	17871273	17	93
12	18168211	14	77
12	18461489	26	59
12	18498006	13	83
12	18532486	27	87
12	19459530	13	66
12	20065070	22	63
12	20574091	8	86
12	2175644	15	98
12	23065785	9	87
12	23615788	13	108
12	23895233	14	77
12	24296719	11	80
12	24499235	12	74
12	2451013	17	92
12	24565120	27	70
12	24618933	12	88
12	25941502	14	80
12	27635548	16	85
12	27720581	27	61
12	28416040	14	86
12	29433247	16	87
12	30866717	10	81
12	31612629	9	64
12	31900935	6	70
12	31961886	11	68
12	31962221	20	57
12	3233555	26	60
12	32773313	10	94
12	33409404	27	81
12	33753761	11	76
12	34350971	17	59
12	34616238	11	61
12	34616239	11	63
12	37668266	10	78
12	38514462	15	88
12	3951644	26	49
12	39532623	13	76
12	40157736	13	91
12	40211457	14	92
12	40679075	14	92
12	40809547	30	69
12	4126515	31	62
12	41273863	18	82
12	41307002	9	105
12	41340193	15	87
12	41340202	15	85
12	41579687	16	73
12	43026037	30	60
12	43045966	12	96
12	43951740	18	48
12	44398661	14	92
12	44435868	12	74
12	46036847	15	80
12	47495274	20	69
12	47551122	33	67
12	49319758	12	96
12	50559890	10	78
12	50897953	16	85
12	52588417	15	93
12	53187592	17	71
12	53272966	22	50
12	53469703	13	78
12	54597902	25	89
12	55467628	13	92
12	55509499	13	82
12	57530949	16	77
12	59807644	9	91
12	60429461	28	64
12	60907002	30	66
12	61407954	32	66
12	61639926	14	77
12	61972088	15	93
12	62821530	14	88
12	6331465	38	107
12	64024423	26	66
12	64125904	15	99
12	64403835	14	71
12	64912717	4	110
12	6541354	10	76
12	65425667	24	71
12	65426109	14	77
12	65818409	8	87
12	66664821	10	70
12	67203643	11	74
12	67529430	22	104
12	67977189	31	97
12	68987695	13	93
12	69401023	30	62
12	69869668	10	93
12	70053271	13	100
12	72658517	28	76
12	73132973	11	76
12	73266662	29	69
12	75323248	13	81
12	75670093	15	78
12	76037711	22	64
12	76656079	8	80
12	76705036	8	78
12	77130224	10	86
12	77534965	28	74
12	77579228	28	93
12	78222720	14	100
12	78441850	21	81
12	78500799	12	83
12	79298099	9	89
12	80343517	10	65
12	81298075	42	64
12	81831352	3	38
12	82606296	35	77
12	83044954	13	112
12	83253173	15	88
12	83547411	9	89
12	83555576	8	72
12	83955677	12	65
12	84217609	20	86
12	85155231	6	82
12	85231027	15	94
12	85886885	11	79
12	85935623	18	89
12	85978818	15	89
12	86135502	33	74
12	86416395	23	79
12	86517628	9	88
12	86539279	13	101
12	86753592	9	87
12	86839804	8	74
12	86862934	12	82
12	87250906	11	79
12	88989681	27	68
12	89333795	15	77
12	8962141	19	73
12	89787828	18	90
12	9075578	13	99
12	90825933	21	89
12	91347938	11	97
12	91498385	13	100
12	91678363	14	90
12	91792115	9	81
12	92470788	16	72
12	9336854	18	96
12	93368817	20	77
12	93651023	18	83
12	94707536	27	76
12	96569070	21	73
12	97649683	12	77
12	98429398	30	59
12	9910826	14	77
12	99382270	22	76
12	99679553	13	76
13	100172608	14	69
13	100835603	11	70
13	101462415	11	89
13	101916833	17	68
13	102023697	11	77
13	102752206	10	76
13	103694795	11	85
13	103702614	18	74
13	104527342	16	70
13	106754993	10	80
13	108974499	8	84
13	109024668	13	53
13	109728958	13	71
13	109891079	7	32
13	109970831	11	79
13	111045574	14	74
13	112093353	9	82
13	112171818	11	90
13	113822246	12	81
13	16040187	3	22
13	16274762	22	776
13	18194250	14	130
13	18207187	16	91
13	18253292	14	83
13	18920776	18	100
13	18930748	12	75
13	19047377	15	87
13	19379058	23	76
13	19443633	13	83
13	19500005	12	55
13	20674870	32	51
13	21186061	4	89
13	21797032	12	83
13	21883050	20	84
13	21988953	11	82
13	22126198	30	80
13	22282710	13	86
13	22407831	35	92
13	22434454	26	68
13	23778385	15	86
13	23921494	26	75
13	26110559	23	56
13	27459581	26	76
13	28078425	12	81
13	28618869	5	103
13	29061009	13	89
13	29103486	15	107
13	30290754	4	74
13	30297432	20	82
13	33310911	25	60
13	34518292	25	69
13	34863332	21	77
13	35570035	29	68
13	36300442	16	75
13	36489179	27	67
13	36912441	25	66
13	37979539	12	47
13	38821913	12	75
13	38952246	19	53
13	38977846	12	46
13	39236897	16	58
13	39451771	9	60
13	43384455	11	65
13	45458104	17	54
13	47105334	12	68
13	48958760	15	57
13	49220963	13	43
13	49928267	9	53
13	49931415	9	43
13	50052372	17	48
13	55393288	10	57
13	55515602	17	63
13	56119821	14	62
13	56338447	14	59
13	57068070	12	52
13	57205715	6	45
13	57266771	14	65
13	57421513	13	59
13	57993645	11	63
13	58112465	18	51
13	58603714	9	45
13	60681721	18	34
13	64959500	10	69
13	66545450	10	66
13	67109360	6	63
13	68167767	15	79
13	68970402	16	54
13	69384003	12	62
13	71727441	20	71
13	72611202	10	69
13	73105963	15	59
13	74941885	11	68
13	78463068	16	59
13	80237237	6	46
13	80490549	13	59
13	80514810	12	55
13	80706414	12	43
13	80865471	14	49
13	81658892	18	72
13	81715548	12	62
13	82863641	12	76
13	82987245	17	68
13	83163589	4	56
13	84442132	9	64
13	85695845	10	63
13	85816117	19	44
13	86112591	17	85
13	86430115	5	53
13	87913548	21	71
13	88884890	13	61
13	92438004	9	61
13	94753774	10	57
13	96801512	11	91
13	97273010	17	77
13	99668577	18	70
14	100333444	3	104
14	101016396	17	96
14	101227403	23	97
14	101399737	9	83
14	101680947	12	92
14	102523852	14	97
14	102674476	18	71
14	103782150	13	78
14	103807652	8	67
14	104343874	12	91
14	104716197	10	137
14	105241829	4	75
14	18494042	11	63
14	20222646	9	71
14	20840740	14	82
14	22610933	13	82
14	24118750	11	84
14	24576368	25	59
14	24582003	9	77
14	27238692	24	48
14	27309215	18	79
14	28583150	19	86
14	28861240	14	61
14	29387182	6	84
14	29475342	4	90
14	30841520	12	69
14	31497445	25	74
14	32070940	14	67
14	32528615	19	73
14	32583763	8	80
14	36977942	7	53
14	37447449	26	51
14	38958734	16	60
14	40121764	21	61
14	40679989	12	81
14	40851869	24	54
14	41021562	23	59
14	41217325	10	75
14	41647189	21	63
14	41940982	8	63
14	42313635	13	74
14	42598493	23	65
14	43139653	22	69
14	43370522	23	67
14	43388509	19	59
14	43388510	19	59
14	43964496	5	92
14	44200954	10	78
14	44861551	20	65
14	45607302	20	50
14	45830548	32	55
14	46358189	3	88
14	46370554	12	75
14	46479019	7	69
14	47231227	10	69
14	47627981	19	61
14	48155570	35	49
14	49093176	13	69
14	49363559	37	65
14	49588413	40	51
14	51590235	31	49
14	52184862	24	64
14	53888371	24	76
14	54122158	10	84
14	55353951	11	79
14	55599532	13	74
14	55623848	18	58
14	55785184	11	71
14	57865180	15	67
14	59283065	27	79
14	62745161	7	82
14	65366302	36	66
14	65690869	17	80
14	66596656	21	61
14	67289932	4	88
14	68273132	33	51
14	69051609	22	65
14	69118492	15	79
14	69898697	9	78
14	70455946	14	76
14	71227630	24	66
14	71947605	21	57
14	73012801	15	53
14	76627214	25	54
14	78281826	33	82
14	79128247	15	142
14	79911161	12	81
14	82263217	12	71
14	82568861	12	48
14	83634822	4	63
14	84452010	10	59
14	84508363	12	65
14	85023957	13	97
14	85139819	15	50
14	85674983	19	66
14	86761408	21	80
14	87003968	16	53
14	87230260	23	65
14	87883781	5	112
14	89704497	29	59
14	90207405	31	49
14	90394921	12	70
14	92731345	12	94
14	94679792	12	106
14	95122948	16	49
14	95296047	38	102
14	95818398	31	95
14	95907340	11	96
14	96212448	13	105
14	96345031	25	89
14	96510490	18	51
14	96595128	26	85
14	96935859	28	97
14	97115294	29	88
14	97430492	31	91
14	97431220	9	93
14	97483278	20	93
14	97489888	37	85
14	98155147	17	46
14	98516970	26	91
14	98692984	18	104
14	98842065	11	128
14	99041207	12	96
15	100055090	11	63
15	101313372	11	63
15	19851223	11	51
15	20295670	18	183
15	21609247	11	63
15	24275753	29	50
15	25938669	16	60
15	26062110	9	65
15	26483396	28	59
15	26670213	27	48
15	26686225	34	56
15	31135640	8	38
15	33210904	26	55
15	35825310	18	57
15	35908128	11	74
15	37240177	14	77
15	37344710	26	65
15	37742002	27	66
15	39311402	21	59
15	41026423	4	61
15	41274249	30	45
15	41665850	13	57
15	44292203	9	55
15	44723109	9	50
15	45028543	15	75
15	45110107	11	71
15	45517661	17	50
15	46423878	11	82
15	47993494	21	76
15	48245414	19	58
15	48724122	9	89
15	49561237	8	97
15	49857144	22	71
15	49982449	29	83
15	50088332	31	71
15	50164114	16	98
15	51982107	27	43
15	52924841	31	64
15	53405570	33	58
15	54563177	24	56
15	54822719	21	54
15	55030679	8	80
15	55470344	27	48
15	56347464	28	69
15	58769858	11	48
15	59157848	12	80
15	59196714	26	58
15	59537814	9	59
15	61087750	34	74
15	63255966	15	63
15	66987753	16	82
15	69063806	14	88
15	70694739	27	62
15	71114222	25	43
15	75318003	16	74
15	78224520	12	68
15	79953927	28	58
15	81272432	5	70
15	84402189	26	65
15	86434944	37	63
15	87463933	6	89
15	89606587	10	68
15	89964762	9	62
15	90088475	17	58
15	92000405	23	60
15	92442614	14	65
15	93727126	4	82
15	93952361	11	46
15	94208291	14	49
15	95025250	14	68
15	95054774	12	54
15	96225127	10	63
15	97522938	9	78
15	98266951	15	51
15	98650360	9	54
16	1066382	20	65
16	10739498	12	85
16	1086631	19	97
16	1264393	6	94
16	12699419	9	86
16	12878448	15	66
16	13053662	16	118
16	13335982	9	114
16	13609253	37	62
16	13743209	23	71
16	17067849	13	107
16	17430758	20	108
16	182341	10	78
16	19022750	35	62
16	20157129	13	98
16	20289023	12	63
16	20537506	20	87
16	20999084	12	78
16	22551496	11	129
16	2954935	13	108
16	3059202	15	97
16	31221325	28	66
16	31574881	30	74
16	31658242	13	75
16	31789035	8	78
16	32387723	28	64
16	32620457	18	89
16	33623551	8	92
16	33897548	30	64
16	34575824	13	59
16	34575826	14	57
16	34629833	27	50
16	34938366	18	61
16	3742102	10	77
16	4552204	9	95
16	47953847	24	50
16	48297339	7	60
16	49055250	27	58
16	49186948	25	60
16	50989845	30	51
16	51892554	25	62
16	5241583	51	61
16	52498882	29	64
16	54294802	33	66
16	5463207	29	77
16	55161432	25	43
16	55420821	31	66
16	55764544	18	78
16	57585981	8	59
16	58080205	27	57
16	58834542	30	52
16	58876934	28	73
16	58916908	19	60
16	5948680	10	94
16	5953727	8	74
16	60649919	12	72
16	60834537	19	50
16	61392390	35	53
16	61457475	20	50
16	6153832	14	89
16	62033774	24	45
16	62232418	20	75
16	62385709	20	65
16	62745031	7	77
16	62891318	23	65
16	63938011	21	51
16	63966318	17	76
16	64065858	36	42
16	64463736	21	56
16	6485485	7	90
16	68497021	33	45
16	6918817	11	97
16	6939036	34	70
16	72005892	31	55
16	7359333	15	111
16	73966503	35	47
16	74240791	19	63
16	7447737	11	91
16	74495	16	109
16	74683512	24	45
16	75305916	26	47
16	77361837	29	69
16	7768976	14	79
16	78056621	10	52
16	7938823	41	61
16	79936593	23	68
16	80394924	23	45
16	8045424	27	79
16	82015865	33	59
16	82375826	24	55
16	82917533	22	59
16	83000576	11	51
16	83193671	23	50
16	8401120	23	61
16	8412692	22	53
16	84779647	12	62
16	86252317	27	58
16	86431673	32	43
16	86918995	34	59
16	87183772	29	44
16	89831110	3	15
16	9368217	20	103
16	9372784	20	48
17	10138261	7	60
17	11261810	14	71
17	11290460	33	63
17	12074181	12	90
17	13540420	12	83
17	13651732	8	83
17	14252953	11	89
17	15066660	33	75
17	15259169	11	74
17	15407404	11	72
17	15734845	11	84
17	16020465	9	83
17	16493944	16	73
17	16515905	13	96
17	17216051	28	57
17	20534979	18	33
17	21331596	31	70
17	22197210	16	64
17	22409236	7	51
17	22410346	17	78
17	22469496	9	73
17	22517736	10	68
17	22739007	6	73
17	22743730	10	75
17	26838308	9	63
17	26883855	6	18
17	28199538	17	66
17	28849300	21	58
17	29207868	16	79
17	29754071	10	105
17	30050789	13	63
17	30924878	19	61
17	31187740	30	68
17	31310401	24	66
17	31935447	11	70
17	33068433	11	97
17	33330592	24	96
17	34458698	4	82
17	34632784	7	99
17	34642387	12	96
17	35196401	22	64
17	3849279	11	49
17	40380138	26	64
17	41532979	16	74
17	41852468	14	61
17	42672113	14	88
17	43206186	9	65
17	44267885	18	91
17	45087112	18	80
17	47726642	7	89
17	48207522	8	70
17	51073709	17	65
17	51717256	11	78
17	53022625	29	72
17	53297116	19	56
17	53817088	17	83
17	53907565	10	82
17	54109576	15	90
17	55877648	10	88
17	55974741	5	72
17	56344828	23	97
17	56805565	24	84
17	58140127	6	58
17	61104340	16	80
17	61681288	11	83
17	61835424	27	72
17	62417868	18	78
17	63449346	33	68
17	63605600	20	80
17	6398729	9	61
17	64185175	6	93
17	64425291	25	64
17	65179306	25	76
17	65241244	28	82
17	6564261	13	76
17	65671601	11	60
17	6571342	14	69
17	66126862	11	80
17	66392933	13	73
17	68662845	12	86
17	68837817	11	81
17	69799410	10	71
17	69886328	9	77
17	70817191	15	90
17	70973551	9	71
17	72198856	14	65
17	73234113	23	86
17	74201423	28	78
17	74687077	27	78
17	74914842	13	83
17	76081692	6	76
17	76485198	10	66
17	76526982	10	36
17	76742648	13	74
17	78236155	29	78
17	79511157	27	70
17	80699167	14	112
17	82218120	22	83
17	9799403	14	80
18	10026891	24	97
18	10075011	10	102
18	10653859	9	97
18	10911433	17	104
18	11068078	25	84
18	11225902	44	75
18	11364193	26	75
18	11518310	39	85
18	12083991	42	80
18	12383773	17	84
18	12705572	12	48
18	12837785	10	73
18	13593731	37	72
18	15198797	35	61
18	1620152	31	75
18	1620154	32	72
18	1620156	36	74
18	1631319	14	76
18	21223533	14	72
18	2177513	5	97
18	2208139	37	77
18	22317893	16	101
18	23426542	11	87
18	23761117	12	99
18	23994905	10	92
18	2453935	14	101
18	25707157	18	77
18	26231542	13	111
18	2763226	32	91
18	27762766	10	86
18	27819828	35	81
18	27820098	46	72
18	27820132	43	73
18	27820211	40	71
18	27820519	42	88
18	28698924	15	58
18	28806023	19	74
18	29410607	13	51
18	29566840	10	65
18	29800293	8	62
18	31837378	18	52
18	3217605	17	90
18	33334861	16	57
18	36998291	16	46
18	37183508	11	36
18	37387041	12	48
18	37673683	18	64
18	38177452	13	53
18	38497045	14	53
18	39378064	15	49
18	39618551	16	63
18	39866346	20	65
18	401821	8	64
18	40308805	8	56
18	42274853	13	56
18	4240386	31	66
18	43364620	9	69
18	43500520	10	60
18	4735754	11	102
18	47600257	17	55
18	49159816	7	52
18	4953079	14	92
18	49886286	14	60
18	50695271	11	54
18	50893199	11	42
18	51295027	12	63
18	52140001	14	56
18	52630450	13	72
18	52683702	10	55
18	53111644	18	51
18	54115067	14	75
18	5416353	40	78
18	55804829	7	56
18	56367012	12	62
18	59641826	15	64
18	5979331	41	93
18	60018732	13	46
18	60782583	17	53
18	61102486	7	62
18	6134470	9	84
18	61660645	21	62
18	63629064	22	70
18	64433783	14	55
18	68862430	13	76
18	69317717	11	54
18	7009312	19	108
18	7039542	13	82
18	70794681	19	53
18	71431224	6	58
18	72007663	9	73
18	72223604	4	81
18	72277183	16	47
18	7266537	36	71
18	74010864	14	68
18	75915813	16	70
18	77010892	10	51
18	7713823	6	104
18	77289354	12	48
18	78047281	10	66
18	78792590	12	75
18	7960476	22	55
18	79989386	10	55
18	8465507	28	80
18	8965343	22	101
18	9195475	6	106
18	9413940	28	59
19	11248999	13	80
19	11986095	23	71
19	14775296	6	72
19	15011246	17	59
19	15174043	8	62
19	15668625	14	80
19	1608788	5	71
19	17144987	21	49
19	19213508	16	50
19	20296689	10	65
19	20545291	15	70
19	21549840	11	97
19	22083472	15	70
19	22114632	20	89
19	22304911	9	87
19	22393878	15	78
19	22491432	15	75
19	23116713	11	58
19	23190944	19	46
19	23741580	15	74
19	23896206	20	70
19	27247583	7	66
19	27339594	14	271
19	27353559	25	233
19	27889260	16	93
19	28369834	9	84
19	28622721	14	62
19	29099260	12	91
19	31039431	23	100
19	31554952	11	75
19	32412474	13	60
19	33221870	15	76
19	33315910	28	67
19	33338131	17	63
19	33393256	29	62
19	3463423	12	47
19	37005665	9	82
19	37261666	10	60
19	37391592	8	58
19	38470510	12	60
19	38673291	8	52
19	38914986	8	63
19	38951192	10	75
19	38951889	14	51
19	40488537	25	54
19	40585947	14	75
19	40934744	14	84
19	42408839	17	60
19	43268125	33	70
19	44514591	8	69
19	44548622	20	51
19	46303843	7	72
19	47067708	17	68
19	49036392	14	70
19	49637487	15	75
19	49697950	11	66
19	49698024	7	56
19	50642566	27	74
19	51481550	12	75
19	51516490	13	90
19	51981367	16	52
19	52163911	10	80
19	52736060	19	87
19	53729137	8	66
19	53983082	6	38
19	55237751	23	75
19	55805542	15	78
19	56763782	32	62
19	57038750	11	72
19	57664072	12	75
19	6768827	10	43
19	6809085	12	58
19	7845839	12	51
20	11156739	33	75
20	11495026	19	53
20	13526188	13	72
20	14338852	12	71
20	1445661	45	64
20	16784180	10	69
20	16865398	9	78
20	18353692	9	69
20	19533421	19	86
20	21405569	24	58
20	21725967	9	77
20	22082484	7	22
20	23265634	31	76
20	23832915	14	68
20	245472	6	34
20	26376663	11	52
20	28826668	22	35
20	30143237	20	37
20	30292205	25	53
20	30868627	21	57
20	30885507	22	48
20	30920060	13	46
20	32129958	26	58
20	32910078	17	88
20	33182928	34	67
20	33426438	10	48
20	36274891	15	89
20	37304124	17	75
20	37476750	38	45
20	38846774	50	55
20	40118674	9	83
20	40542115	45	75
20	41037549	29	60
20	41799093	34	60
20	41886913	21	84
20	42324709	16	95
20	42599908	24	61
20	43586104	42	46
20	43836991	10	75
20	46748237	21	82
20	47130267	14	86
20	47690359	9	80
20	4775940	30	36
20	48442359	6	98
20	48506896	22	53
20	48519124	10	73
20	50114604	31	67
20	50841829	16	52
20	50961735	32	56
20	520983	12	52
20	52238781	21	76
20	52558295	22	61
20	5412674	9	65
20	54256045	22	67
20	56143003	15	96
20	60370905	11	77
20	60665184	38	57
20	60714570	3	67
20	60777451	50	66
20	61403534	33	54
20	61431975	17	76
20	61507991	14	86
20	6158222	24	60
20	6294580	18	83
20	63109791	19	69
20	63479860	9	69
20	6369353	10	61
20	63803811	17	72
20	63858137	15	76
20	6484494	30	63
20	6593096	10	60
20	7056205	13	86
20	7195143	27	48
20	7548828	14	76
21	10343651	28	361
21	10358974	26	390
21	10449473	19	562
21	10726204	9	233
21	13398876	26	74
21	13499555	12	76
21	14156941	10	75
21	14280750	18	68
21	14347525	8	95
21	14580453	26	73
21	14580518	25	71
21	16054890	12	91
21	16507601	29	74
21	17458761	32	68
21	17875707	7	88
21	18687343	15	81
21	18815333	30	77
21	18921453	8	94
21	19056153	11	85
21	20026946	21	58
21	20153344	18	72
21	20671399	19	100
21	20672983	21	82
21	21635907	23	90
21	22524799	11	58
21	22682921	21	79
21	22908111	10	81
21	23428082	29	62
21	23677350	13	81
21	23776372	23	56
21	23816650	12	78
21	24345979	16	79
21	24539598	13	88
21	25032453	30	56
21	25159988	22	65
21	25244807	28	65
21	27117576	7	73
21	27372587	9	83
21	28039399	13	106
21	28128083	16	88
21	28432452	13	88
21	29421757	10	88
21	30201057	28	89
21	30770886	11	53
21	30938158	8	85
21	30989669	26	76
21	32610113	29	57
21	33665456	11	63
21	34996185	13	83
21	35931231	17	78
21	35931232	16	78
21	36281567	16	70
21	36645777	7	46
21	38399653	49	92
21	39074436	23	95
21	39165697	28	81
21	39551648	25	70
21	40212247	8	91
21	40531103	15	115
21	40973208	17	107
21	42443782	6	115
21	44501563	28	93
21	45797395	14	288
21	45897946	33	85
21	7311598	26	132
21	7934039	23	170
21	8600861	7	45
21	9743286	28	239
21	9773459	9	223
21	9972713	13	269
22	12420238	25	163
22	12566091	34	103
22	12797110	26	56
22	12797111	26	56
22	15419884	12	96
22	16170959	7	95
22	16221236	6	73
22	16418801	9	97
22	16450581	12	177
22	16455177	28	103
22	16617149	14	108
22	16660697	12	110
22	16805758	5	85
22	20191292	13	75
22	23566614	12	75
22	23600553	39	81
22	24705602	15	83
22	25955310	14	81
22	25992214	41	70
22	26208055	34	71
22	26670956	15	97
22	27970948	5	63
22	28325387	3	84
22	28372041	16	54
22	28913420	12	72
22	29729269	12	72
22	29890704	14	60
22	30257208	14	78
22	31618019	14	64
22	32201899	4	76
22	32217254	16	56
22	32718846	9	69
22	33072640	13	68
22	33243240	8	78
22	33409906	6	49
22	33689971	13	61
22	33969814	10	74
22	34166848	10	67
22	34944679	14	67
22	35550706	14	69
22	36367193	19	59
22	36938416	14	67
22	40151952	10	46
22	40304950	9	67
22	40345817	14	67
22	41854156	17	70
22	42692395	17	55
22	42926901	15	76
22	43181327	10	70
22	43619019	8	65
22	43619056	14	69
22	44269884	9	61
22	44471528	9	54
22	44646052	9	63
22	45939064	10	80
22	46309542	16	58
22	47815444	13	65
22	48054911	14	84
22	48094106	12	65
22	48478623	7	72
22	49289398	10	84
22	49402205	26	73
22	49434676	16	63
22	49616169	7	80
22	49845351	15	58
22	50301868	10	67
22	50484143	18	62
