chromosome_index	start_position	end_position	major_cn	minor_cn	total_cn
1	809641	17140804	2	2	4
1	17141471	18145243	2	0	2
1	18145556	110928432	2	2	4
1	110928899	112272559	2	0	2
1	112278562	121602702	2	1	3
1	124941043	248916508	3	2	5
2	12091	110095644	2	2	4
2	110097189	183010736	2	1	3
2	183021944	183121241	1	1	2
2	183123871	240537656	2	1	3
2	240552028	241917917	1	0	1
3	12690	41904377	2	2	4
3	41910553	43694838	2	0	2
3	43719949	48126200	2	2	4
3	48127732	49192663	2	0	2
3	49224161	49260772	3	1	4
3	49273698	90454043	2	0	2
3	91297899	116015687	2	2	4
3	116016796	116393963	2	1	3
3	116395010	162353983	2	2	4
3	162354835	164046628	3	2	5
3	164048465	164115200	3	1	4
3	164115870	175498652	2	2	4
3	175499065	178948881	2	0	2
3	178955827	198098659	2	2	4
4	72156	10002376	2	0	2
4	10002624	30066115	1	0	1
4	30066440	30567801	3	0	3
4	30572802	34508700	3	2	5
4	34508826	38828211	3	1	4
4	38828391	41149611	2	1	3
4	41149955	54251638	1	1	2
4	54256327	54398113	8	1	9
4	54399544	57684558	1	1	2
4	57685566	57697712	6	3	9
4	57698714	74505009	1	1	2
4	74506836	76602353	2	1	3
4	76604921	76642284	8	2	10
4	76643906	79361388	2	1	3
4	79368285	107344870	1	1	2
4	107351419	189666691	2	1	3
5	44922	464708	2	2	4
5	465395	496462	3	2	5
5	497715	9847641	2	2	4
5	9848495	45047553	2	1	3
5	45073687	45967499	3	1	4
5	45967846	52027091	5	2	7
5	52027823	52251605	3	2	5
5	52251957	53808081	5	2	7
5	53810474	53816794	2	1	3
5	53817261	69246222	2	0	2
5	69265652	69448438	0	0	0
5	69460086	106727587	2	0	2
5	106729612	119468180	2	2	4
5	119469552	127275058	2	1	3
5	127275250	137785328	2	0	2
5	137800295	165349409	2	2	4
5	165349958	167505515	3	2	5
5	167505565	181170660	2	2	4
6	149609	13255388	2	0	2
6	13256468	58429443	2	2	4
6	60244176	63961990	2	1	3
6	63962555	64054948	3	1	4
6	64057917	64134701	3	2	5
6	64136951	64136951	5	0	5
6	64137000	64237500	3	2	5
6	64238757	64290559	5	0	5
6	64292435	153069662	2	1	3
6	153070223	153795749	1	1	2
6	153795874	170606038	2	1	3
7	198401	1505541	2	2	4
7	1508073	2236750	2	0	2
7	2238548	6337889	2	2	4
7	6340285	7110676	2	0	2
7	7112611	12433518	2	2	4
7	12435009	46201280	2	0	2
7	46203613	48010973	2	2	4
7	48012082	55229247	2	0	2
7	55232180	55660725	2	2	4
7	55660783	63003286	3	2	5
7	63005061	80915215	2	2	4
7	80917429	81142266	3	2	5
7	81144039	141359738	2	2	4
7	141370418	142031540	2	0	2
7	142034048	142320645	1	0	1
7	142321795	142410533	0	0	0
7	142410545	142739789	1	0	1
7	142747017	155262821	2	0	2
7	155264673	155287024	0	0	0
7	155290446	159325753	2	0	2
8	211532	1659488	2	0	2
8	1660014	2025793	1	0	1
8	2028637	2029422	2	0	2
8	2029518	2043236	1	0	1
8	2049511	2089458	2	0	2
8	2089682	2106222	3	0	3
8	2106381	2162267	0	0	0
8	2163179	2172586	1	0	1
8	2172661	2172776	2	0	2
8	2173171	2177208	4	0	4
8	2177843	2519405	2	0	2
8	2525895	2539793	0	0	0
8	2569413	34238632	2	0	2
8	34238841	36277404	3	0	3
8	36301253	38374356	2	0	2
8	38403297	39901317	2	2	4
8	39901842	40021570	3	2	5
8	40021783	55237273	2	2	4
8	55237365	55485599	2	1	3
8	55485928	57432162	2	2	4
8	57437922	58551060	2	0	2
8	58552133	59606724	2	2	4
8	59607933	69181279	2	1	3
8	69186447	71082534	4	1	5
8	71086797	79288935	4	3	7
8	79297375	82739526	4	1	5
8	82739696	84456551	4	2	6
8	84460048	86871732	4	1	5
8	86872115	87139815	4	3	7
8	87140903	87562105	5	1	6
8	87567538	90244696	4	3	7
8	90245444	97515447	4	2	6
8	97519308	97862465	4	3	7
8	97862958	140107690	4	2	6
8	140111646	140456011	2	2	4
8	140467543	145074901	4	2	6
9	57539	37761691	2	0	2
9	37768745	38122803	12	2	14
9	38124984	38805581	15	2	17
9	39090376	39136629	11	2	13
9	39480189	80177717	2	2	4
9	80178453	82750590	3	2	5
9	82753035	82761656	2	1	3
9	82775811	103236914	2	2	4
9	103237243	104793430	5	2	7
9	104794068	108370102	6	2	8
9	108370675	112714453	2	2	4
9	112725451	138181722	2	0	2
10	48486	30824794	2	2	4
10	30826078	34296847	2	0	2
10	34297761	34384818	2	1	3
10	34388477	34517816	2	2	4
10	34522308	34587902	3	2	5
10	34594692	35447387	2	2	4
10	35456424	36605338	2	1	3
10	36606755	36764620	3	0	3
10	36765417	42839122	2	0	2
10	42840379	43325932	2	2	4
10	43330135	43701349	7	2	9
10	43704079	44345916	2	2	4
10	44346600	46797908	2	1	3
10	46879376	48162047	2	0	2
10	48182265	48938979	2	2	4
10	48940569	50641887	4	2	6
10	50645386	51023552	2	2	4
10	51032727	53214153	4	2	6
10	53214712	53638226	6	2	8
10	53638316	54704247	7	2	9
10	54707918	55991022	4	2	6
10	55991386	57773259	6	2	8
10	57775057	61036816	4	2	6
10	61037505	61445850	2	2	4
10	61454083	62241119	6	2	8
10	62241355	63016347	4	2	6
10	63016523	63342379	5	2	7
10	63344740	63519138	13	2	15
10	63520404	64670227	10	2	12
10	64675442	64870890	7	2	9
10	64874598	69812329	2	2	4
10	69813398	70160461	2	0	2
10	70161835	70563487	2	2	4
10	70564720	71677803	3	2	5
10	71680218	71809561	8	2	10
10	71813608	72661122	14	2	16
10	72665997	75842107	10	2	12
10	75852973	76820415	5	2	7
10	76823853	76888786	6	1	7
10	76889844	77414457	10	2	12
10	77415249	78474359	20	2	22
10	78474397	78862599	17	2	19
10	78866036	79152742	20	2	22
10	79154025	79238593	14	2	16
10	79241067	79945677	12	2	14
10	79946379	80279560	8	2	10
10	80282868	84210344	3	2	5
10	84211353	84456471	2	2	4
10	84461397	85028238	4	2	6
10	85032590	133621484	2	0	2
11	199813	49602428	2	1	3
11	49604838	54543460	4	2	6
11	54548115	97562640	2	2	4
11	97562748	98779514	3	2	5
11	98780994	117015398	2	2	4
11	117024796	117209663	2	0	2
11	117210784	117222844	3	0	3
11	117223048	117238554	3	1	4
11	117241914	118837855	2	0	2
11	118845854	135075414	2	2	4
12	175764	24092819	2	1	3
12	24094306	24170307	2	2	4
12	24174520	30236159	2	1	3
12	30236331	34714786	2	2	4
12	37269838	93849142	2	1	3
12	93851938	93894987	2	0	2
12	93895871	114637988	2	1	3
12	114641787	114697625	2	0	2
12	114703029	115349775	0	0	0
12	115350757	115678438	1	0	1
12	115678928	133248987	2	1	3
13	18455821	114343518	2	1	3
14	19784736	37115648	2	2	4
14	37115776	37746761	3	2	5
14	37748688	74074615	2	2	4
14	74075834	74080051	1	1	2
14	74081545	106882543	2	2	4
15	19790523	50402109	2	1	3
15	50402411	50495758	2	2	4
15	50503906	50845259	3	2	5
15	50846263	101888846	2	0	2
16	34170	13237169	2	0	2
16	13237291	13463304	2	2	4
16	13464565	13469528	2	0	2
16	13470086	51396693	2	1	3
16	51398105	51545615	2	0	2
16	51550682	51661141	2	1	3
16	51661640	56373111	2	0	2
16	56376919	56948927	2	1	3
16	56950031	58661235	2	0	2
16	58662802	60591777	2	2	4
16	60593103	71210995	2	1	3
16	71211923	90096867	1	0	1
17	151035	4230099	2	2	4
17	4230824	4273906	2	0	2
17	4276461	4406985	2	2	4
17	4409522	10336417	2	0	2
17	10336815	11650556	2	2	4
17	11652673	16513277	2	0	2
17	16513553	18239426	2	2	4
17	18249987	19699747	2	1	3
17	19700534	21229602	3	2	5
17	21232428	21563583	4	2	6
17	21575344	21777645	2	1	3
17	22054380	36878235	2	2	4
17	36881231	37687273	2	1	3
17	37691367	83204151	2	2	4
18	64775	6943265	2	2	4
18	6944285	7482028	3	2	5
18	7483014	47922501	2	2	4
18	47925950	50440877	2	0	2
18	50441534	50484134	0	0	0
18	50575460	79408753	2	0	2
18	79410006	80256731	2	1	3
19	274479	7567750	2	0	2
19	7569900	15647587	2	2	4
19	15648121	16005439	2	1	3
19	16006023	36337489	2	2	4
19	36338072	37406620	3	2	5
19	37407767	45365389	2	2	4
19	45365391	45891982	2	0	2
19	45898740	58533199	2	2	4
20	68303	125994	4	1	5
20	128317	6906097	4	2	6
20	6909345	7122948	3	2	5
20	7123062	16806058	5	2	7
20	16806669	17597901	7	2	9
20	17600478	64283878	2	2	4
21	13224688	46681423	2	1	3
22	15513541	18997335	2	2	4
22	19001507	25265758	2	0	2
22	25267853	25522742	4	0	4
22	25525619	32587242	2	0	2
22	32589095	41391946	2	2	4
22	41395041	50757736	2	0	2
