sample	chr	startpos	endpos	nMajor	nMinor
9-00-006796-2-progression	1	809641	152621073	1	1
9-00-006796-2-progression	1	152621368	153887765	1	0
9-00-006796-2-progression	1	153887829	248916508	1	1
9-00-006796-2-progression	2	12091	7484895	1	1
9-00-006796-2-progression	2	7486055	7504348	3	3
9-00-006796-2-progression	2	7505125	117104160	1	1
9-00-006796-2-progression	2	117104249	117951546	1	0
9-00-006796-2-progression	2	117952906	241917917	1	1
9-00-006796-2-progression	3	12690	48076703	2	1
9-00-006796-2-progression	3	48079582	49136573	2	0
9-00-006796-2-progression	3	49141413	73128077	2	1
9-00-006796-2-progression	3	73130610	81413785	1	1
9-00-006796-2-progression	3	81414604	96335992	2	1
9-00-006796-2-progression	3	96336319	102578467	1	1
9-00-006796-2-progression	3	102578696	143635474	2	1
9-00-006796-2-progression	3	143635511	146677611	3	1
9-00-006796-2-progression	3	146677776	187700180	2	2
9-00-006796-2-progression	3	187700359	198098659	3	1
9-00-006796-2-progression	4	72156	22467495	1	0
9-00-006796-2-progression	4	22467905	30196122	1	1
9-00-006796-2-progression	4	30197131	30535157	3	1
9-00-006796-2-progression	4	30535204	189666691	1	1
9-00-006796-2-progression	5	44922	4578781	2	2
9-00-006796-2-progression	5	4579978	13302251	2	1
9-00-006796-2-progression	5	13305404	40223081	2	2
9-00-006796-2-progression	5	40224904	42927998	2	1
9-00-006796-2-progression	5	42928034	45465710	2	2
9-00-006796-2-progression	5	45466514	51428940	3	0
9-00-006796-2-progression	5	51435546	123657962	1	0
9-00-006796-2-progression	5	123658561	181170660	1	1
9-00-006796-2-progression	6	149609	23471599	1	0
9-00-006796-2-progression	6	23473409	34570565	1	1
9-00-006796-2-progression	6	34574271	37334656	2	1
9-00-006796-2-progression	6	37336587	46001922	1	1
9-00-006796-2-progression	6	46002246	68024053	2	1
9-00-006796-2-progression	6	68024194	69727102	1	0
9-00-006796-2-progression	6	69727154	71787152	2	1
9-00-006796-2-progression	6	71787231	137858024	1	1
9-00-006796-2-progression	6	137861355	141604755	2	1
9-00-006796-2-progression	6	141607654	147414346	1	1
9-00-006796-2-progression	6	147414836	167013219	2	1
9-00-006796-2-progression	6	167018341	170606038	1	0
9-00-006796-2-progression	7	198401	56507923	1	1
9-00-006796-2-progression	7	56508328	81217058	2	1
9-00-006796-2-progression	7	81219785	85995188	1	1
9-00-006796-2-progression	7	85999505	86934322	4	1
9-00-006796-2-progression	7	86941919	87004397	6	1
9-00-006796-2-progression	7	87004796	92120702	5	1
9-00-006796-2-progression	7	92120793	92156656	9	0
9-00-006796-2-progression	7	92169602	94218392	10	1
9-00-006796-2-progression	7	94221362	95611673	4	2
9-00-006796-2-progression	7	95611698	110692690	1	1
9-00-006796-2-progression	7	110697208	111419211	1	0
9-00-006796-2-progression	7	111419830	121887426	1	1
9-00-006796-2-progression	7	121888439	124117829	4	2
9-00-006796-2-progression	7	124119028	125241854	4	1
9-00-006796-2-progression	7	125247164	131688454	2	1
9-00-006796-2-progression	7	131688896	159325753	1	1
9-00-006796-2-progression	8	211532	31212414	1	0
9-00-006796-2-progression	8	31214078	32137191	0	0
9-00-006796-2-progression	8	32140635	39904583	2	1
9-00-006796-2-progression	8	39904739	40964773	4	1
9-00-006796-2-progression	8	40965532	41808837	3	1
9-00-006796-2-progression	8	41809356	43332813	4	1
9-00-006796-2-progression	8	43336785	70602068	2	2
9-00-006796-2-progression	8	70605166	79539047	2	1
9-00-006796-2-progression	8	79539916	86527524	2	2
9-00-006796-2-progression	8	86527639	101530213	2	1
9-00-006796-2-progression	8	101531537	104403339	4	1
9-00-006796-2-progression	8	104404584	106070190	3	1
9-00-006796-2-progression	8	106070325	108081515	5	2
9-00-006796-2-progression	8	108081840	108681449	6	1
9-00-006796-2-progression	8	108682558	110452203	4	1
9-00-006796-2-progression	8	110464905	111453054	10	1
9-00-006796-2-progression	8	111457043	113651142	2	1
9-00-006796-2-progression	8	113652127	113792538	6	2
9-00-006796-2-progression	8	113792599	116252872	4	1
9-00-006796-2-progression	8	116255844	118547214	2	2
9-00-006796-2-progression	8	118555185	123810729	3	1
9-00-006796-2-progression	8	123814564	124959923	9	1
9-00-006796-2-progression	8	124961673	126072347	11	1
9-00-006796-2-progression	8	126075619	126526164	14	1
9-00-006796-2-progression	8	126527297	127067234	11	1
9-00-006796-2-progression	8	127067351	127133012	56	1
9-00-006796-2-progression	8	127133572	127641870	23	1
9-00-006796-2-progression	8	127642897	128041592	27	1
9-00-006796-2-progression	8	128046110	145074901	2	1
9-00-006796-2-progression	9	57539	876933	2	1
9-00-006796-2-progression	9	877071	43262484	1	1
9-00-006796-2-progression	9	61665482	68951931	2	1
9-00-006796-2-progression	9	68956085	71598037	1	1
9-00-006796-2-progression	9	71601661	72990129	2	1
9-00-006796-2-progression	9	72992968	76364107	1	1
9-00-006796-2-progression	9	76370469	78946172	2	1
9-00-006796-2-progression	9	78946185	93592338	3	1
9-00-006796-2-progression	9	93592591	94485884	4	1
9-00-006796-2-progression	9	94486948	138181722	1	1
9-00-006796-2-progression	10	48486	38996615	1	1
9-00-006796-2-progression	10	38997140	39505632	1	0
9-00-006796-2-progression	10	39507950	42333783	1	1
9-00-006796-2-progression	10	42334220	42840379	2	1
9-00-006796-2-progression	10	42840478	46100712	1	1
9-00-006796-2-progression	10	46104697	46991962	2	0
9-00-006796-2-progression	10	46994863	55849765	1	1
9-00-006796-2-progression	10	55850820	133621484	1	0
9-00-006796-2-progression	11	199813	5683589	1	0
9-00-006796-2-progression	11	5683901	5712567	2	1
9-00-006796-2-progression	11	5714187	48191901	1	1
9-00-006796-2-progression	11	48191963	48875618	1	0
9-00-006796-2-progression	11	48876244	135075414	1	1
9-00-006796-2-progression	12	175764	5975698	2	1
9-00-006796-2-progression	12	5976347	18872938	2	0
9-00-006796-2-progression	12	18873148	21006119	3	2
9-00-006796-2-progression	12	21006705	24188654	2	1
9-00-006796-2-progression	12	24188935	101476649	1	1
9-00-006796-2-progression	12	101477250	101932039	2	1
9-00-006796-2-progression	12	101932683	133248987	1	1
9-00-006796-2-progression	13	18455821	27527922	1	1
9-00-006796-2-progression	13	27530406	28952807	2	1
9-00-006796-2-progression	13	28953438	71072127	1	1
9-00-006796-2-progression	13	71073344	114343518	1	0
9-00-006796-2-progression	14	19784736	20174572	1	1
9-00-006796-2-progression	14	20175688	106882543	2	1
9-00-006796-2-progression	15	19790523	26115762	1	1
9-00-006796-2-progression	15	26116182	95112546	1	0
9-00-006796-2-progression	15	95112771	101888846	1	1
9-00-006796-2-progression	16	34170	996069	1	0
9-00-006796-2-progression	16	996630	7373949	2	1
9-00-006796-2-progression	16	7374535	24234299	1	1
9-00-006796-2-progression	16	24234391	24522416	1	0
9-00-006796-2-progression	16	24522466	36217385	1	1
9-00-006796-2-progression	16	46426366	53362444	2	0
9-00-006796-2-progression	16	53362895	58392278	2	1
9-00-006796-2-progression	16	58409421	59966106	2	0
9-00-006796-2-progression	16	59966834	61523570	1	1
9-00-006796-2-progression	16	61523690	77210015	2	1
9-00-006796-2-progression	16	77210898	90096867	2	0
9-00-006796-2-progression	17	153794	22178759	1	0
9-00-006796-2-progression	17	22178841	67466955	1	1
9-00-006796-2-progression	17	67467646	70681728	2	1
9-00-006796-2-progression	17	70682554	83204151	1	1
9-00-006796-2-progression	18	64775	15336266	2	1
9-00-006796-2-progression	18	20969476	27542362	1	1
9-00-006796-2-progression	18	27543838	30286513	2	1
9-00-006796-2-progression	18	30287281	80256731	1	1
9-00-006796-2-progression	19	274479	3938784	1	1
9-00-006796-2-progression	19	3948385	5156882	2	1
9-00-006796-2-progression	19	5158154	19293977	1	1
9-00-006796-2-progression	19	19294671	22484217	2	2
9-00-006796-2-progression	19	22484758	28811605	2	1
9-00-006796-2-progression	19	28813379	58533199	1	1
9-00-006796-2-progression	20	68303	64283878	1	1
9-00-006796-2-progression	21	13224688	15769265	2	1
9-00-006796-2-progression	21	15772692	43652740	1	1
9-00-006796-2-progression	21	43653894	46681423	1	0
9-00-006796-2-progression	22	15513541	23590791	1	0
9-00-006796-2-progression	22	23591265	47419441	1	1
9-00-006796-2-progression	22	47428011	50757736	1	0
9-00-006796-2-progression	X	602788	773189	3	0
9-00-006796-2-progression	X	776322	798041	1	0
9-00-006796-2-progression	X	799196	1236862	3	0
9-00-006796-2-progression	X	1236907	1258148	4	1
9-00-006796-2-progression	X	1258842	1345291	2	0
9-00-006796-2-progression	X	1345771	1425778	3	0
9-00-006796-2-progression	X	1425853	1428309	3	1
9-00-006796-2-progression	X	1429558	1515812	3	0
9-00-006796-2-progression	X	1515830	1647683	3	1
9-00-006796-2-progression	X	1647976	1732483	3	0
9-00-006796-2-progression	X	1732772	1807878	2	0
9-00-006796-2-progression	X	1807913	1940154	3	0
9-00-006796-2-progression	X	1940283	2320411	3	1
9-00-006796-2-progression	X	2320516	2320543	0	0
9-00-006796-2-progression	X	2320545	2776765	3	1
9-00-006796-2-progression	X	2777819	2781205	3	0
9-00-006796-2-progression	X	2781514	63822062	2	0
9-00-006796-2-progression	X	63889503	66408395	8	0
9-00-006796-2-progression	X	66410885	67131228	14	0
9-00-006796-2-progression	X	67154363	67415304	33	0
9-00-006796-2-progression	X	67418912	67953234	27	0
9-00-006796-2-progression	X	67953490	68353655	18	0
9-00-006796-2-progression	X	68362768	155808494	1	0
