chromosome_index	position	alt_count	ref_count
1	100074297	7	79
1	100330620	8	86
1	1019494	7	50
1	102148015	5	90
1	102198135	6	71
1	102208073	3	72
1	102367443	4	75
1	102451404	5	72
1	102605541	14	72
1	102660091	5	73
1	103011535	6	69
1	103257908	10	60
1	103314133	11	77
1	103958860	4	74
1	103959992	6	92
1	104239279	9	89
1	105163910	6	58
1	105341794	8	67
1	107040587	8	88
1	107464505	8	82
1	111431036	5	88
1	11336741	8	97
1	113530265	5	79
1	113768950	8	71
1	113773291	12	70
1	114261725	7	66
1	115265515	5	90
1	116162760	7	51
1	116317840	6	84
1	116622999	8	110
1	116689217	8	68
1	117683687	10	106
1	118356083	12	76
1	118500600	17	86
1	118647930	4	85
1	125135436	4	79
1	143207484	3	29
1	146237362	9	44
1	146995714	10	64
1	147510279	5	94
1	148316561	12	96
1	150378246	4	66
1	152126508	6	88
1	152867494	7	79
1	153680946	5	73
1	155119151	8	61
1	157901023	7	80
1	157982631	12	78
1	158149851	4	73
1	158280134	7	77
1	158597179	5	85
1	158688772	4	86
1	159521924	5	59
1	160235324	3	82
1	161893104	7	86
1	162722888	10	86
1	163326004	6	87
1	166268237	11	81
1	166418991	9	76
1	168171711	7	78
1	170742653	6	82
1	170790239	13	65
1	17163492	15	79
1	172129089	8	59
1	173445351	7	93
1	173606381	12	79
1	174473321	7	96
1	174688461	8	72
1	175064582	7	79
1	175284231	5	71
1	176042487	3	51
1	176327865	9	78
1	177756918	5	90
1	179933993	5	73
1	18007900	5	84
1	180146885	4	86
1	180925570	4	64
1	181047960	4	71
1	181292169	13	80
1	181800134	11	64
1	182650202	5	70
1	183967011	7	80
1	185890180	15	77
1	186262483	11	69
1	18628387	7	83
1	187149330	5	82
1	187417342	5	84
1	187501236	10	87
1	187501252	10	82
1	18756479	7	76
1	188513789	5	73
1	189225739	10	72
1	189281571	5	73
1	189908293	5	63
1	190019542	12	82
1	190026113	8	65
1	190050737	5	67
1	190835146	5	73
1	191188040	8	64
1	191319533	6	78
1	191404320	8	81
1	19401517	11	107
1	194578332	6	78
1	194824831	6	61
1	195052015	10	81
1	195564703	5	80
1	195796844	7	76
1	195883685	4	93
1	196211612	10	76
1	196301507	5	89
1	196382350	5	87
1	196633953	7	87
1	196634423	6	78
1	199198352	4	80
1	199330933	7	91
1	199797063	8	68
1	201066762	9	77
1	201259134	5	74
1	202074869	4	67
1	202470861	9	76
1	205069574	7	107
1	205479843	7	60
1	20733284	16	81
1	207345183	12	79
1	207432795	5	72
1	207815180	6	101
1	208263710	12	81
1	208351633	8	91
1	208932840	3	70
1	209401298	8	85
1	209432854	12	78
1	210765587	9	84
1	210771257	5	75
1	211117250	6	85
1	212410366	5	89
1	213813971	6	92
1	215273786	10	85
1	215724531	6	76
1	216044395	7	77
1	216733599	9	94
1	217993177	4	66
1	218433342	5	108
1	218868779	3	91
1	22108024	6	89
1	221942805	5	69
1	222772499	4	76
1	224087894	7	98
1	224591370	9	80
1	225622613	7	81
1	226541817	5	92
1	227510375	3	78
1	227652172	3	77
1	231810422	3	86
1	232453235	6	86
1	233045996	12	76
1	234123624	5	91
1	234889660	5	78
1	236785059	11	80
1	237101196	8	61
1	237458858	5	78
1	237492888	9	48
1	238227225	9	84
1	238624894	3	74
1	238953912	9	89
1	239167439	8	67
1	239888861	9	72
1	24027137	4	76
1	241380436	6	81
1	241391215	4	81
1	241400916	4	76
1	241885080	9	76
1	242354336	13	67
1	242819251	9	74
1	24614253	5	49
1	246722085	7	50
1	247460069	7	75
1	247528043	7	61
1	248073081	5	92
1	25016182	4	85
1	25501331	6	70
1	26186467	8	69
1	26360647	4	76
1	27670223	6	77
1	27706580	7	61
1	28948413	4	68
1	2897317	6	101
1	29873261	6	71
1	30492269	15	85
1	30826475	7	69
1	31544519	12	90
1	33804035	10	84
1	34069061	7	75
1	34616495	7	78
1	36237823	13	62
1	36742528	8	77
1	36916544	5	102
1	36941439	6	89
1	37048423	6	88
1	40513389	10	69
1	42533768	6	94
1	44497709	7	67
1	45168501	7	61
1	4561144	13	73
1	46144584	14	86
1	49280739	5	76
1	49382701	9	61
1	49991324	5	79
1	50554388	6	42
1	50702937	7	75
1	51235591	7	73
1	51535567	5	75
1	55319231	5	86
1	56425055	6	105
1	56790229	9	83
1	57747547	10	73
1	62897913	6	81
1	62987355	5	88
1	64801749	4	76
1	6634525	11	68
1	68756830	11	77
1	69374553	8	72
1	71041197	4	81
1	7131606	11	84
1	71615344	5	81
1	73524658	4	90
1	73930392	6	92
1	73973420	6	73
1	74188742	8	81
1	75138805	5	59
1	75309274	14	77
1	75845639	11	58
1	77044327	4	83
1	79361917	7	72
1	79654923	7	69
1	81002095	5	75
1	81024415	5	94
1	81024680	11	57
1	81990916	7	90
1	82197420	9	84
1	83253424	5	69
1	84071518	4	63
1	84976635	4	78
1	85383064	11	90
1	85944824	10	62
1	86160538	5	77
1	86593057	8	90
1	87350208	4	83
1	87572709	6	76
1	87867072	4	70
1	88207233	9	78
1	89869667	9	75
1	89903945	7	92
1	9048827	4	68
1	92080699	6	66
1	92537807	6	70
1	93961953	5	105
1	96584708	3	84
1	97086264	13	96
1	97164999	7	81
1	97485518	7	89
1	97601768	4	83
1	97805532	5	78
1	98887243	12	78
1	99469539	4	64
2	101245764	6	67
2	101459894	4	83
2	102258065	5	90
2	102395417	4	87
2	102895199	5	97
2	103001256	4	86
2	103550094	5	68
2	103632850	13	77
2	103644877	6	77
2	103873408	4	90
2	104144182	8	69
2	104153362	7	72
2	104153445	6	76
2	10437879	3	82
2	104705861	7	66
2	106087491	13	66
2	10646940	8	67
2	106581114	16	105
2	106950030	7	92
2	107978463	7	84
2	109330937	6	81
2	112773230	4	83
2	112956278	18	94
2	113175719	7	69
2	114306299	4	72
2	114388770	7	80
2	114663151	5	63
2	115241130	5	74
2	115397346	5	87
2	115622317	6	59
2	115713253	7	79
2	116233230	5	78
2	116257837	7	81
2	116995951	6	86
2	117073137	10	58
2	117079664	4	72
2	118940965	9	73
2	11941035	7	102
2	119620455	8	95
2	120243262	4	88
2	120779048	5	76
2	121572809	6	80
2	121653954	7	55
2	122384136	9	82
2	122790827	4	80
2	123137899	7	73
2	124981510	9	76
2	125247748	6	73
2	125592193	5	72
2	125948976	7	87
2	126265030	7	88
2	126437833	11	54
2	126440409	6	66
2	126693108	7	75
2	126711364	4	88
2	127041576	4	82
2	127524847	7	61
2	127578318	10	76
2	128045543	15	59
2	130875244	11	92
2	13095955	6	75
2	131089974	12	65
2	131171277	8	64
2	131329789	9	97
2	131652248	11	78
2	132101513	6	67
2	132913698	7	83
2	135077343	8	73
2	136509925	8	78
2	136610540	7	67
2	137101715	10	76
2	137626245	7	75
2	137857499	11	85
2	139025592	6	66
2	139444360	8	71
2	140689956	6	65
2	140731235	5	68
2	141006551	7	76
2	142705476	5	73
2	142782217	11	67
2	143140421	5	96
2	143534182	6	82
2	144671812	5	82
2	145960929	5	88
2	146458102	9	70
2	146550394	9	70
2	146650091	5	80
2	147168438	8	73
2	147458156	7	106
2	14784836	6	84
2	148474517	4	93
2	148510227	8	84
2	148560331	7	77
2	148592929	4	57
2	149290616	5	75
2	149439284	5	80
2	14967934	9	94
2	150311570	7	82
2	151308036	4	69
2	152571744	4	68
2	152969930	12	82
2	153596376	11	69
2	154754340	6	82
2	154846802	3	79
2	158460709	5	83
2	158513581	12	87
2	158870352	8	80
2	158962894	16	55
2	159690985	7	75
2	160792935	3	70
2	161051354	5	91
2	16114040	11	69
2	161542404	7	79
2	161553025	10	61
2	161878842	5	70
2	162198207	7	90
2	162978248	9	80
2	163224445	5	85
2	163970650	4	72
2	166949357	4	80
2	167201518	4	89
2	167296310	4	75
2	167779256	6	82
2	170351744	5	72
2	171225511	6	67
2	172104510	8	96
2	172339534	17	82
2	173164788	5	82
2	173266661	4	89
2	17496608	10	76
2	178651745	5	82
2	181186284	12	79
2	181384339	6	70
2	181702406	5	76
2	182089855	6	74
2	184648009	3	89
2	184867462	7	83
2	184901070	4	75
2	185043881	5	88
2	185190334	8	73
2	187207853	10	78
2	187258085	10	76
2	187571541	6	77
2	188209115	5	90
2	188434092	7	77
2	188748520	6	73
2	188774775	6	82
2	189533940	10	69
2	191024595	7	94
2	191492037	10	72
2	192347360	4	94
2	193263320	7	67
2	19595234	6	86
2	19759249	9	103
2	198419649	8	86
2	198648011	8	84
2	198688579	4	86
2	198758078	6	52
2	198945233	6	92
2	199300730	4	73
2	199501617	4	90
2	200220004	4	80
2	20228456	14	76
2	202555816	6	80
2	202767229	10	55
2	203081874	7	73
2	205548604	3	78
2	20783622	7	85
2	207949784	8	64
2	208079588	5	70
2	209052575	5	83
2	209229620	5	106
2	210898702	7	76
2	211151741	11	73
2	211548942	4	85
2	212739659	12	84
2	213437873	6	74
2	213488797	7	83
2	213540813	10	87
2	21362035	5	107
2	213747774	5	65
2	214208772	15	78
2	214489447	9	89
2	215165784	9	54
2	215196067	9	79
2	217295524	5	75
2	218951284	9	68
2	21945394	8	79
2	225122544	10	87
2	225334887	6	72
2	227673044	12	73
2	227730890	12	68
2	227891688	8	77
2	22795233	8	96
2	228007486	6	69
2	22846893	10	73
2	228754673	10	87
2	229282010	11	87
2	230210827	6	70
2	23043399	11	75
2	23066028	15	79
2	230876771	6	78
2	230968321	5	70
2	232022018	8	87
2	232443864	8	59
2	232917669	7	86
2	232933024	12	66
2	233238835	6	72
2	234037763	7	54
2	234757429	11	58
2	236211785	5	85
2	236539692	10	71
2	237891371	8	72
2	238797376	4	89
2	239435391	12	85
2	240729651	12	89
2	241337286	5	73
2	24608665	6	68
2	25304313	4	78
2	2548478	10	69
2	25679358	6	80
2	26128209	14	91
2	2730476	11	82
2	2805463	15	85
2	2842708	12	77
2	28995693	10	69
2	29697923	6	78
2	32487640	6	81
2	32609908	8	69
2	33403653	8	76
2	33693990	4	90
2	34221367	8	97
2	34299174	5	30
2	34821738	11	75
2	34883352	8	89
2	35036801	10	77
2	35104513	8	89
2	35344503	9	74
2	3554343	3	91
2	36495486	5	69
2	37329306	7	93
2	37819144	9	92
2	39746098	5	96
2	40339340	6	97
2	40517936	9	83
2	40794306	5	84
2	4096464	12	84
2	41334919	13	77
2	4242480	4	99
2	42436717	12	80
2	43836636	7	96
2	43851736	11	79
2	4416961	8	86
2	44570740	6	75
2	4479283	6	92
2	46285505	5	91
2	46736572	13	79
2	47690895	7	56
2	48151283	9	86
2	48230464	5	85
2	48984241	13	85
2	49044332	17	70
2	50470997	10	83
2	51659465	6	74
2	52045718	9	87
2	52444657	16	82
2	52631835	6	67
2	52650262	5	101
2	52733000	5	73
2	53221158	4	77
2	53222207	10	92
2	53222208	10	93
2	5360351	10	80
2	5433154	8	67
2	55373124	6	69
2	55825246	4	73
2	56308014	11	74
2	56463042	5	85
2	56671862	5	81
2	57194872	9	92
2	57643217	10	81
2	57787308	15	93
2	58113751	11	70
2	58234315	12	53
2	58983437	4	84
2	60953103	7	65
2	61538395	7	73
2	62654251	4	68
2	63021137	12	69
2	65006325	7	80
2	65042342	8	49
2	65116	11	88
2	65234	13	85
2	65507	8	96
2	65553	7	103
2	65693	6	102
2	65800	7	104
2	66105224	10	76
2	66138488	14	77
2	66219251	5	93
2	66571996	7	88
2	67536288	15	72
2	67796325	5	75
2	70432690	6	83
2	71966907	4	81
2	72230615	6	95
2	73651891	7	80
2	7539032	7	86
2	7598248	9	66
2	77299370	4	77
2	77363614	8	77
2	77429976	15	79
2	77457755	7	69
2	77701478	8	81
2	77783410	9	60
2	78123396	8	87
2	78605175	7	78
2	7886413	4	86
2	79247130	10	99
2	79432515	17	63
2	79772310	15	79
2	79842512	17	78
2	80006466	8	81
2	80064053	13	92
2	80679525	7	86
2	82231792	9	75
2	82514779	5	83
2	82802349	5	81
2	83070777	8	57
2	83277801	7	84
2	83875720	6	90
2	84824276	7	85
2	85363497	11	71
2	8597521	10	82
2	88367770	11	64
2	88899055	6	75
2	89777488	4	212
2	91589151	7	179
2	95801951	8	74
2	96098632	4	85
2	99340511	11	77
2	99861349	13	77
3	101067143	5	90
3	101642210	11	79
3	101788044	10	92
3	102602931	10	83
3	102603228	8	89
3	102603358	10	91
3	102603741	14	112
3	102606470	9	84
3	102944942	6	94
3	103339447	5	95
3	103381170	6	77
3	103589290	8	68
3	103704240	8	81
3	103707610	5	92
3	104530811	6	102
3	105049634	6	105
3	105632859	14	88
3	106444875	11	84
3	107084284	13	83
3	108091589	19	81
3	109531213	20	62
3	110147888	14	75
3	11022404	10	88
3	110804736	4	86
3	111015244	6	97
3	111049166	4	85
3	111542787	16	64
3	111637692	4	80
3	112634688	4	90
3	113010658	6	95
3	113659541	6	83
3	113659543	7	82
3	113967791	3	76
3	114727181	17	67
3	114774305	6	95
3	115252504	8	92
3	115930559	5	97
3	116092225	5	84
3	116285809	14	79
3	116293414	28	84
3	116621817	4	77
3	116679228	4	79
3	118240416	11	88
3	118296127	7	74
3	118383329	10	90
3	118681975	15	84
3	119221316	26	76
3	122444938	9	107
3	122497310	5	89
3	122528455	10	83
3	122849675	12	64
3	124189703	23	94
3	12473836	6	108
3	124825614	8	98
3	124870930	18	96
3	125259530	7	82
3	126995098	4	91
3	127027239	9	84
3	128694132	21	62
3	12989839	8	108
3	130281535	5	94
3	13177145	7	84
3	132472490	22	84
3	132616687	9	101
3	132852381	9	80
3	133021686	5	104
3	133719444	6	83
3	134883648	10	101
3	135147863	8	101
3	135438090	4	101
3	135691893	6	85
3	137448423	5	97
3	137463321	5	80
3	137779697	24	78
3	138229034	4	42
3	141003779	16	88
3	141122772	8	90
3	142717996	14	67
3	142855955	11	87
3	142909530	7	98
3	143387577	12	96
3	1435512	17	92
3	145039530	5	81
3	145046126	8	84
3	145108786	12	76
3	145537967	18	90
3	146731897	15	83
3	146989101	5	91
3	147124030	17	66
3	14785580	12	94
3	147995047	5	78
3	148273849	6	83
3	148839632	16	74
3	150621262	4	94
3	151977155	15	64
3	152515929	10	73
3	153414618	4	82
3	154037453	18	83
3	154361218	7	90
3	156207471	9	104
3	156207604	9	95
3	156211174	3	81
3	156388636	8	106
3	1572945	6	73
3	157665104	5	94
3	157847679	22	91
3	158066468	17	75
3	158510379	4	115
3	158775878	5	106
3	158978897	12	120
3	15922242	14	73
3	16103822	7	88
3	161203948	21	86
3	161431635	7	98
3	161459178	8	103
3	161467740	12	80
3	162392376	9	91
3	162497342	6	92
3	162578483	5	106
3	162930930	18	68
3	163144001	8	93
3	163390057	4	62
3	163530788	6	62
3	163679574	17	78
3	164670246	8	105
3	164841190	6	105
3	1653972	11	73
3	165432625	19	76
3	165653598	8	91
3	166200696	6	94
3	1662750	8	79
3	167012234	26	71
3	167881347	9	95
3	168434586	3	104
3	168568339	22	90
3	168641258	8	78
3	16956555	11	86
3	17253914	9	108
3	173359364	22	82
3	174132933	5	85
3	174623038	14	67
3	175307979	9	95
3	175468188	5	103
3	176720759	10	92
3	177093442	7	75
3	177923367	8	94
3	180375649	5	90
3	180389100	18	60
3	180414696	5	81
3	180534827	5	87
3	180731921	13	90
3	180903766	4	73
3	181026586	9	81
3	181547211	8	84
3	181704574	6	94
3	181878011	6	86
3	181978439	17	63
3	183092643	7	85
3	183647410	9	66
3	185436892	6	71
3	185556066	6	100
3	185880372	20	59
3	186230041	7	94
3	186268365	15	87
3	18790774	4	109
3	191376555	17	85
3	191750558	10	83
3	192071199	12	70
3	19233844	11	98
3	192779829	4	88
3	192921454	7	65
3	193100615	8	85
3	193968662	20	84
3	194108337	19	70
3	194955995	3	82
3	195276316	7	75
3	197180411	5	79
3	197568417	6	92
3	19811024	10	78
3	20066283	8	80
3	20696260	10	74
3	20738236	5	76
3	21112695	6	84
3	21133631	13	85
3	21524546	8	85
3	21773592	5	70
3	22087949	7	90
3	22360748	4	87
3	22742474	9	81
3	23012139	5	82
3	23020135	9	95
3	23486634	5	107
3	2387614	5	69
3	2411170	8	82
3	25336389	13	84
3	25405684	7	92
3	26585298	4	73
3	26882081	11	70
3	26899016	5	97
3	2693109	12	85
3	26985891	5	87
3	27419485	5	48
3	27840736	7	79
3	28596154	9	68
3	28970721	12	90
3	29578900	14	85
3	29794125	9	91
3	30057827	14	61
3	30445352	12	87
3	30783774	6	81
3	31308547	10	102
3	31407338	9	80
3	32822939	10	75
3	33960281	10	69
3	33963729	11	80
3	35103605	6	77
3	35356451	9	87
3	35782328	8	70
3	36192182	11	107
3	36631109	9	108
3	38927377	7	50
3	39713382	9	94
3	4130965	8	80
3	42212274	4	107
3	43490075	8	86
3	45156099	7	82
3	45202314	11	85
3	47523347	4	95
3	48731990	4	67
3	48825035	10	54
3	48836050	7	53
3	4890769	9	77
3	49163418	9	71
3	49882924	10	97
3	51032330	7	84
3	51894296	7	75
3	53023643	12	81
3	53063396	7	45
3	54671045	6	92
3	54692270	13	79
3	56540775	5	80
3	57113758	6	87
3	58415109	9	73
3	5853836	7	78
3	58822379	6	81
3	59791486	4	78
3	6009001	5	35
3	60844956	10	79
3	61619930	11	86
3	61678657	4	93
3	62075451	7	70
3	62873323	10	101
3	64879818	7	88
3	65543212	8	89
3	65629560	14	59
3	66253515	13	84
3	66610180	5	82
3	67470793	9	76
3	67612987	7	100
3	67751047	11	96
3	67766589	8	75
3	67948149	8	92
3	68172314	18	75
3	69298498	17	69
3	69366183	5	87
3	69388329	11	94
3	69702747	12	108
3	71129975	9	93
3	717675	10	86
3	72901075	18	75
3	73009256	5	67
3	73208209	6	88
3	74647647	12	84
3	76168705	10	66
3	76491832	9	66
3	78092170	5	85
3	78563023	8	84
3	78596470	6	75
3	79119183	5	70
3	79263649	4	76
3	79577382	3	71
3	80847579	11	61
3	81767364	16	88
3	8232500	10	66
3	82547156	14	89
3	82638365	6	93
3	82938042	7	57
3	83042380	7	91
3	83226518	17	70
3	83230654	7	99
3	83328473	4	93
3	83687572	16	80
3	83692925	11	60
3	84267700	6	70
3	84361185	6	75
3	84361186	6	75
3	84450709	8	75
3	84600620	4	67
3	84614661	10	82
3	84646067	10	77
3	846643	20	76
3	84729989	10	72
3	85370511	5	96
3	85482656	14	57
3	85482734	12	61
3	85846239	9	92
3	85890987	9	98
3	85927873	5	92
3	86555978	6	92
3	86892682	12	84
3	87053417	5	76
3	87194290	6	71
3	87352575	5	89
3	877336	10	90
3	88674467	15	68
3	88786270	9	73
3	89168307	10	83
3	89746490	4	85
3	90254225	9	73
3	90628658	11	51
3	90641921	4	54
3	90665924	5	68
3	90813614	5	91
3	91392139	6	81
3	91444162	7	65
3	9352626	13	92
3	94228292	4	73
3	95017310	6	93
3	95290447	6	95
3	95566509	12	81
3	95772403	9	67
3	96054345	5	80
3	96553616	4	66
3	96844771	10	70
3	96916107	14	74
3	98123703	7	83
3	98383632	9	80
3	99052316	9	83
3	99282266	7	101
3	99545542	4	89
4	10023802	5	63
4	100803783	5	79
4	101398712	5	86
4	101891623	6	82
4	103127194	4	89
4	103986062	12	83
4	104737745	5	74
4	107309680	8	66
4	107333222	4	89
4	108198990	6	82
4	108811014	7	88
4	109128586	5	65
4	109685350	5	99
4	110454121	5	70
4	111853390	13	80
4	114675462	7	80
4	114912403	8	84
4	114914215	7	75
4	116319784	4	87
4	116709362	7	78
4	116847724	9	88
4	117376076	8	84
4	117567042	5	77
4	117712779	5	66
4	117840856	7	91
4	118043172	6	73
4	119766784	7	65
4	119906339	12	64
4	120608724	4	69
4	121929453	6	62
4	122195795	6	68
4	122618081	9	92
4	125649029	4	61
4	125942283	5	79
4	126052174	12	73
4	126865241	11	77
4	12725045	6	68
4	129299440	12	72
4	12982942	6	68
4	12986319	6	75
4	130536242	10	88
4	130957819	9	68
4	131122893	6	64
4	131379786	9	72
4	131549089	8	75
4	131666370	9	70
4	131691088	6	99
4	132339804	11	72
4	132339806	12	76
4	132469344	5	67
4	132987638	5	86
4	133271903	6	69
4	133523241	6	63
4	134107695	5	72
4	134882555	4	83
4	134955271	4	81
4	135101503	8	75
4	135351353	7	68
4	135418272	5	86
4	135896968	8	77
4	135935052	5	78
4	136729362	6	76
4	137196175	4	58
4	137219025	9	78
4	137675997	5	79
4	13832425	6	67
4	138661748	5	77
4	138710726	5	77
4	13903615	6	75
4	141358765	9	60
4	142097845	8	70
4	143067397	9	75
4	143582484	4	73
4	144536961	7	88
4	144911495	7	83
4	147925546	6	81
4	148854258	4	85
4	149134399	8	78
4	149267126	6	78
4	150120681	11	87
4	150556989	16	79
4	150560230	6	58
4	151377698	4	65
4	153115926	8	75
4	154767122	3	88
4	155204549	5	65
4	156406021	4	72
4	157811788	8	87
4	157899721	8	73
4	158214319	6	83
4	158302241	5	83
4	159907157	5	81
4	160364852	5	99
4	160605747	3	90
4	160693663	12	84
4	160911395	13	81
4	161069704	4	70
4	162379458	4	79
4	163056873	10	111
4	164160177	5	76
4	164750143	9	78
4	164840401	5	72
4	165328361	7	84
4	165408226	10	90
4	16677557	3	82
4	166936188	5	72
4	166949636	10	93
4	167794018	10	78
4	167860489	10	74
4	167913724	7	93
4	168064489	5	86
4	168112874	11	96
4	169059151	4	90
4	16925693	5	68
4	169762414	6	65
4	169805954	7	76
4	170732250	5	76
4	170747171	5	68
4	170845539	9	87
4	170898496	5	67
4	171565002	7	75
4	171686615	9	88
4	172017917	9	99
4	172178665	3	74
4	173000481	6	64
4	173202797	6	80
4	173824369	8	90
4	173855897	9	72
4	173866192	14	50
4	174154230	6	77
4	174821413	5	87
4	175365370	6	62
4	176557866	8	71
4	177032326	17	78
4	177081634	7	77
4	17741115	5	63
4	177635958	4	70
4	178205111	8	77
4	178637161	5	86
4	178785348	5	87
4	178870077	10	80
4	179184662	9	65
4	179298185	5	45
4	179689533	12	76
4	179710660	14	68
4	179815427	8	73
4	179892490	10	84
4	179920181	6	59
4	180343191	6	66
4	180401151	6	59
4	180878326	7	68
4	180975708	8	63
4	181202871	4	95
4	181384499	6	65
4	181647807	5	90
4	181737223	4	56
4	181996309	9	87
4	182396917	8	83
4	182415080	13	70
4	1826340	3	53
4	182698052	8	79
4	187101256	6	72
4	187256374	6	80
4	187704813	6	79
4	188763401	7	82
4	1942863	5	76
4	19681587	4	93
4	21852375	5	66
4	22836198	6	67
4	23220403	4	62
4	23745413	5	84
4	27382486	4	87
4	27840179	7	66
4	28296274	7	75
4	29256393	4	92
4	2957382	6	75
4	30363687	4	94
4	30924113	5	83
4	31021412	5	69
4	31321517	7	74
4	3141687	5	68
4	31467648	6	70
4	32626869	7	63
4	32627049	8	54
4	33145018	5	78
4	33260772	7	70
4	33461016	7	74
4	34403923	5	80
4	34403939	6	73
4	35903767	6	83
4	36382851	4	77
4	36687332	6	73
4	36993088	8	82
4	37751381	7	66
4	39245553	8	66
4	40040985	10	63
4	40415760	5	80
4	40486192	5	74
4	43089571	8	61
4	43270194	8	82
4	43510499	4	84
4	43836911	4	72
4	43922067	5	70
4	43976206	5	67
4	44201034	5	79
4	45160199	5	88
4	45594647	9	65
4	46419532	6	73
4	47111238	4	84
4	47405758	8	74
4	52631881	5	64
4	54318353	13	78
4	54495667	15	64
4	56337216	6	76
4	56431951	10	85
4	56908845	7	51
4	56977533	9	79
4	57268514	5	68
4	57268583	5	71
4	57268817	7	89
4	57268919	5	82
4	57571487	8	82
4	57853684	4	91
4	58482320	15	68
4	59313032	10	85
4	59313125	10	80
4	59313280	7	62
4	59327324	5	102
4	59354490	16	93
4	59396985	5	69
4	59880671	17	85
4	59880687	18	89
4	59880778	15	83
4	59969403	19	73
4	60707789	12	61
4	60707884	10	67
4	60708249	15	63
4	60708318	15	55
4	60708350	14	66
4	60713344	4	76
4	60713640	11	78
4	613478	5	61
4	61672413	5	74
4	62317086	10	99
4	62480512	6	67
4	62791427	11	71
4	62846425	9	62
4	63556210	7	60
4	64115981	6	62
4	64829722	7	75
4	65386997	3	60
4	66229312	5	78
4	66962345	10	70
4	68106906	3	87
4	68109786	6	70
4	71223301	5	84
4	71787898	4	74
4	71978357	5	76
4	72317069	7	66
4	74698534	5	82
4	74760251	7	64
4	74831037	6	80
4	75337741	8	76
4	77616052	17	75
4	79169561	4	80
4	79356503	4	53
4	80635396	5	73
4	81133311	10	58
4	81416313	10	79
4	83096705	8	81
4	84450419	6	85
4	8486033	7	87
4	85557701	5	80
4	86421426	6	65
4	8657571	6	83
4	87048165	5	79
4	87924352	5	82
4	88569801	6	72
4	89291285	8	77
4	89856747	16	77
4	91180038	6	75
4	91431012	6	86
4	92372584	10	82
4	93242750	3	68
4	93591695	8	92
4	94165850	6	77
4	9487580	8	72
4	96553636	10	68
4	97060221	8	77
4	97236456	11	73
4	97402145	7	65
4	97700650	5	66
4	97955505	4	100
4	98289970	8	79
4	99423418	7	78
4	99574587	5	77
4	9980393	6	74
5	103816223	8	61
5	104085066	7	82
5	104784598	9	81
5	105694949	5	75
5	106107636	8	69
5	106155450	10	70
5	106794005	4	74
5	108440085	7	73
5	108596972	10	64
5	108635471	10	83
5	110220252	7	79
5	110273088	7	69
5	110879133	6	61
5	110886757	4	73
5	11316439	4	88
5	11425659	6	98
5	115864704	9	84
5	115945764	15	90
5	117072703	9	72
5	117288219	8	94
5	117545875	12	63
5	118429621	6	83
5	119859738	6	75
5	12046642	4	73
5	120815519	6	58
5	121451289	6	68
5	122282294	9	76
5	122480866	10	61
5	123063997	10	86
5	124249672	10	83
5	124299341	8	71
5	12662814	6	87
5	127225155	13	74
5	128337608	9	86
5	128792613	8	70
5	129080340	5	85
5	12929376	22	71
5	129446118	5	74
5	129462616	6	80
5	130222390	7	71
5	13659686	4	91
5	140155130	5	108
5	140876061	12	75
5	140976687	11	80
5	141046368	8	83
5	141146467	8	67
5	141809518	8	61
5	141842502	7	104
5	142150037	5	66
5	144493453	7	57
5	146650005	6	79
5	148234318	6	81
5	148534660	5	78
5	148575259	7	103
5	149022000	8	37
5	149518857	11	61
5	150199550	9	80
5	150387876	5	80
5	152536373	9	49
5	1527593	6	121
5	152806961	5	80
5	152807600	4	80
5	152896245	4	67
5	153183853	4	65
5	153255659	4	78
5	153820140	5	82
5	153993922	10	104
5	154433897	6	81
5	155790814	10	82
5	155888508	3	70
5	156218724	6	73
5	156218725	6	74
5	157435145	8	70
5	158439604	10	60
5	158887405	8	80
5	158957147	9	80
5	159040881	9	77
5	159277315	9	81
5	161742731	5	83
5	161836603	6	84
5	162226797	4	76
5	162605903	4	74
5	162750627	4	64
5	162834803	6	95
5	164314427	6	72
5	164493169	9	88
5	16459084	13	118
5	165024993	7	56
5	165700133	6	67
5	165840186	12	70
5	165843951	5	82
5	165902145	10	73
5	166307151	10	70
5	166538518	12	70
5	166813729	4	62
5	166829440	5	71
5	169115473	11	89
5	170626440	7	85
5	171237020	13	80
5	175144651	10	71
5	176887334	4	67
5	178157663	8	58
5	178990060	13	78
5	17938487	8	87
5	18665150	4	81
5	19112813	10	77
5	19742934	6	85
5	21152053	8	75
5	21238466	5	100
5	21338489	4	26
5	21413217	21	82
5	21863295	24	74
5	22334478	5	82
5	22412599	4	84
5	23035621	6	99
5	23423751	17	87
5	23533433	4	83
5	23551026	5	80
5	23598832	10	88
5	23807235	25	87
5	23905892	10	83
5	23943243	7	87
5	24127406	5	76
5	24223688	13	73
5	24341194	7	110
5	24672441	12	62
5	24697247	22	71
5	25134751	21	82
5	2513792	5	75
5	25258089	13	60
5	25470631	20	74
5	25630034	17	87
5	25823655	5	102
5	26051401	6	99
5	26191034	5	80
5	27207092	8	82
5	27254214	26	83
5	27857068	6	72
5	28060181	6	93
5	28188530	6	48
5	28331485	5	77
5	29100020	4	53
5	29931140	18	72
5	30831641	9	99
5	31004345	27	72
5	3203972	7	86
5	32313253	7	82
5	3288523	6	82
5	32887553	6	70
5	34346448	5	101
5	35684228	18	70
5	3639394	18	71
5	37644949	19	78
5	3844480	11	82
5	3911097	25	76
5	3925098	6	106
5	39611691	6	73
5	39683086	19	83
5	40358999	8	101
5	40438673	16	76
5	41188645	6	91
5	41242564	13	106
5	41663735	6	105
5	4211915	20	65
5	4325472	16	89
5	4406378	7	106
5	44255222	4	74
5	44388633	9	105
5	44393801	17	104
5	44877665	7	99
5	45240719	6	99
5	45377411	16	76
5	45575755	9	83
5	4564234	13	66
5	45807599	12	70
5	46161726	4	75
5	46188040	6	70
5	46247963	4	77
5	46386453	24	77
5	4830465	7	85
5	4877254	12	100
5	4896782	5	81
5	50209077	7	69
5	50613335	9	73
5	50874113	33	71
5	50895538	8	117
5	51334500	11	100
5	52565377	5	87
5	53022045	8	78
5	5303625	14	79
5	58282878	4	70
5	59372767	5	79
5	67539508	6	90
5	67540070	4	92
5	67540102	4	91
5	67542061	4	86
5	74015255	5	75
5	76050502	6	71
5	80597722	5	73
5	81550923	8	72
5	81767522	9	71
5	82480803	9	63
5	82884827	8	70
5	83406231	7	59
5	86613325	9	44
5	87466639	3	81
5	87991954	7	68
5	88561316	3	67
5	8866334	7	89
5	92775280	11	64
5	94458754	13	72
5	94686896	5	84
5	9723366	7	104
5	9925693	5	91
5	99521552	5	58
5	99891782	5	78
6	10146364	5	69
6	101510098	4	75
6	101792614	6	77
6	102073861	8	80
6	102888510	7	77
6	103871422	4	86
6	104353897	11	77
6	104756296	5	69
6	105149813	6	90
6	105938470	8	72
6	107069705	6	85
6	107948276	8	67
6	108433842	8	91
6	112305111	9	84
6	112747932	5	69
6	113058235	10	68
6	114289538	9	75
6	114302261	11	88
6	114863712	15	70
6	118926558	5	84
6	119069606	6	83
6	120020561	9	73
6	120026354	7	62
6	122071028	13	70
6	124345284	5	74
6	124460273	4	95
6	126005481	7	90
6	126573925	5	71
6	128848035	11	92
6	130075727	6	94
6	130092842	10	78
6	13027173	4	59
6	13082640	7	82
6	130928213	9	80
6	131239632	13	77
6	131527084	14	79
6	131533440	3	88
6	131563293	6	78
6	132565713	8	84
6	133127536	6	56
6	133179676	4	77
6	133258567	5	66
6	133540384	11	101
6	136014294	4	80
6	138201833	4	86
6	138243411	5	85
6	139089070	5	72
6	140152244	5	88
6	141665643	11	66
6	145051539	8	87
6	145225938	10	89
6	145267200	9	101
6	145561646	6	78
6	145689334	7	81
6	146119759	7	87
6	149055328	5	87
6	149220897	6	94
6	149733013	9	71
6	150285225	11	76
6	151342465	9	65
6	151602732	5	75
6	154096986	9	98
6	154820369	4	68
6	155225176	9	81
6	156685439	8	72
6	15758836	9	70
6	160749073	3	85
6	160857002	8	79
6	163007818	7	75
6	163112160	12	95
6	164293220	6	77
6	164657130	13	77
6	165200022	7	80
6	166068140	14	92
6	166921306	8	90
6	167385939	9	64
6	170255504	10	73
6	17625362	4	67
6	23978896	9	76
6	24726244	5	83
6	25521062	7	104
6	27147588	5	87
6	27690165	11	74
6	27948371	6	84
6	33533923	8	73
6	33925735	7	69
6	34596773	7	97
6	35085926	12	81
6	36706716	6	91
6	37316131	17	60
6	37368440	10	84
6	37561830	5	96
6	38729152	8	88
6	39184830	8	63
6	40289016	4	74
6	43931164	6	89
6	44354530	5	87
6	44354557	6	92
6	45160103	6	77
6	45926815	12	80
6	47034817	14	75
6	47210259	6	67
6	47456560	9	73
6	47988152	4	73
6	48506788	5	96
6	48883736	5	88
6	49889863	6	78
6	5041494	6	64
6	50422838	8	85
6	50698236	10	80
6	51603935	5	99
6	53037848	9	84
6	53095116	10	84
6	54045433	6	88
6	54184266	18	89
6	54283855	11	94
6	54488239	4	82
6	54598729	9	64
6	54898406	8	109
6	55176900	5	62
6	60595389	11	74
6	60674198	10	77
6	60756076	10	74
6	60883968	11	70
6	61625627	11	62
6	61740010	11	69
6	61813061	8	80
6	61869095	4	81
6	61985499	8	84
6	620698	5	76
6	62555277	4	93
6	62683771	13	68
6	62727958	4	91
6	62954798	6	68
6	63066149	4	77
6	63164001	4	38
6	64204329	6	66
6	64658312	5	75
6	64679199	7	76
6	64834490	5	72
6	64988306	5	94
6	65199176	13	84
6	6537536	3	22
6	65440418	6	73
6	65706730	5	69
6	65970208	10	71
6	66536018	10	79
6	66754283	15	84
6	66882717	10	78
6	67339981	4	88
6	67772817	7	86
6	67901509	14	82
6	68470710	6	81
6	68696091	5	88
6	68724278	11	78
6	69081624	6	73
6	69108999	4	70
6	70025262	6	84
6	70129132	4	102
6	71101282	13	97
6	71394856	7	77
6	71470722	4	92
6	71525749	6	81
6	72280572	5	82
6	72571129	2	26
6	73806355	6	90
6	74122721	6	73
6	74174054	14	79
6	74384859	4	80
6	74466869	6	87
6	74474468	16	77
6	77668232	4	68
6	77767021	5	66
6	78981813	9	92
6	79785600	6	93
6	80458833	5	76
6	81065221	12	75
6	81240676	7	73
6	81277027	11	75
6	81280006	6	62
6	81414475	6	70
6	82603851	11	69
6	83230135	5	91
6	83304808	6	69
6	84004939	10	73
6	84987880	5	73
6	86276230	6	84
6	88019983	8	72
6	88274966	6	73
6	88363685	5	84
6	89439214	6	70
6	90344844	12	70
6	90366751	7	35
6	91232262	5	67
6	91437301	6	71
6	91554397	4	46
6	92194217	6	69
6	92508978	12	71
6	93796234	4	80
6	93986581	6	70
6	94058702	5	89
6	94108075	8	88
6	94479003	6	99
6	95136360	9	72
6	96187586	15	77
6	96194363	9	66
6	97686340	10	63
6	97869257	4	82
6	97914413	5	88
6	97941053	4	71
6	98356156	6	63
6	98657704	4	80
6	99843697	4	66
7	101167896	8	70
7	102397907	10	54
7	103757965	5	58
7	104245793	6	88
7	104371424	10	66
7	104560550	11	102
7	104724056	7	78
7	10537281	8	73
7	107214423	14	82
7	107415415	6	72
7	108848252	10	79
7	108858930	6	67
7	10970558	10	81
7	110285875	6	66
7	110538999	12	65
7	110995455	6	69
7	111153321	13	72
7	111528106	3	90
7	112833680	9	97
7	112982112	14	70
7	113685457	9	59
7	113713784	18	63
7	113885114	13	82
7	114202250	7	83
7	114211005	14	76
7	114544457	10	85
7	114618291	5	103
7	114744938	14	74
7	116143130	17	60
7	11632303	12	72
7	116344757	7	61
7	116361767	13	87
7	117781382	8	78
7	119345497	4	95
7	119549490	9	83
7	119595868	3	72
7	12292982	8	104
7	123092112	33	90
7	123299191	46	88
7	124148106	2	106
7	124553631	37	93
7	125242472	16	107
7	125242639	15	97
7	125242701	13	95
7	125773725	13	98
7	126126376	8	77
7	126149085	18	94
7	126183717	15	86
7	126210079	5	75
7	126577834	10	58
7	126611450	4	74
7	126674983	16	95
7	126679945	11	70
7	126779760	7	103
7	126824358	14	82
7	126826270	4	91
7	127072973	6	92
7	127334518	12	96
7	127381865	8	81
7	127382047	7	92
7	128231876	5	63
7	128909264	16	70
7	128984698	13	65
7	129388125	13	56
7	13000323	8	64
7	130997050	4	75
7	131744107	12	63
7	132694196	19	75
7	13392193	5	81
7	13416511	17	87
7	134749568	10	75
7	135122251	9	93
7	135977338	11	95
7	136418980	12	96
7	136873236	4	91
7	137094324	7	78
7	13743953	4	88
7	138931307	5	76
7	139662297	6	76
7	139931887	10	77
7	14342972	7	77
7	144761778	11	94
7	145052968	6	90
7	145493051	5	73
7	145522218	17	63
7	146247624	5	79
7	147780877	9	85
7	149413967	18	84
7	152281934	5	93
7	153335536	6	85
7	15408732	8	76
7	154130997	5	72
7	154684704	5	71
7	155204150	7	76
7	156027913	12	83
7	157357685	6	65
7	1576661	6	84
7	157864307	6	83
7	158509701	5	78
7	17095192	9	81
7	18001134	14	73
7	18560310	6	86
7	19092161	5	81
7	19315524	8	89
7	21952312	10	87
7	22897369	10	66
7	23080881	12	99
7	24236965	3	95
7	2479062	9	93
7	24829675	5	74
7	25660526	17	94
7	25809220	6	80
7	25812401	11	93
7	27314369	9	73
7	27703921	5	67
7	28171947	6	94
7	30118023	4	74
7	30994604	4	80
7	31056218	9	88
7	31095684	7	87
7	32392821	6	83
7	33832582	9	95
7	33876046	14	101
7	34004994	5	75
7	34460716	10	77
7	34878998	11	88
7	35105722	8	92
7	35292461	7	70
7	35486471	5	68
7	36948804	13	93
7	37145336	3	91
7	38459157	5	93
7	39498264	12	73
7	39685981	6	69
7	40241780	8	75
7	40837034	9	79
7	42132926	6	82
7	42336090	7	88
7	45174801	5	86
7	45330942	6	90
7	46885841	11	92
7	46963214	9	74
7	47418738	4	98
7	47733805	6	77
7	48394377	10	61
7	49197804	13	70
7	49252644	6	91
7	50195787	12	91
7	51186451	10	90
7	51222310	11	69
7	52101017	5	82
7	52558613	7	80
7	54180331	8	86
7	54294843	4	89
7	54642187	8	58
7	55030570	4	83
7	55030572	4	83
7	56135804	9	68
7	56406168	6	58
7	56442998	6	79
7	56683351	8	78
7	56712159	7	72
7	56715140	10	90
7	56727336	7	52
7	5681116	13	74
7	56888315	8	56
7	56956861	7	93
7	57250721	7	81
7	57754596	8	85
7	58062293	4	82
7	589300	12	74
7	62229799	8	74
7	62529420	11	91
7	63233907	10	83
7	63564021	9	30
7	63702523	8	61
7	63810215	5	85
7	64584125	10	73
7	6652606	8	65
7	6727074	11	62
7	67423226	5	84
7	69438100	7	68
7	70547500	12	73
7	73596713	5	91
7	74300008	10	65
7	74391120	9	68
7	74489103	9	78
7	74642238	5	64
7	74796184	6	82
7	78741957	21	63
7	79246993	9	64
7	79341255	19	76
7	79483685	14	72
7	79527526	10	63
7	79937040	8	80
7	80894017	4	79
7	80894257	5	79
7	80896029	6	73
7	80896091	5	85
7	80896236	7	79
7	80896542	5	78
7	81774674	9	79
7	82831028	3	86
7	8307716	11	88
7	8307717	10	89
7	8307718	10	88
7	83094286	7	78
7	83722945	13	65
7	8396760	2	83
7	84087093	7	85
7	84384809	7	80
7	84629691	4	88
7	84938750	5	79
7	85996808	20	83
7	86228538	5	102
7	86232957	9	97
7	86500652	9	111
7	86698868	39	71
7	86836796	8	126
7	86837157	7	112
7	86837317	8	123
7	86837477	11	141
7	86837568	12	132
7	86837715	14	112
7	86838236	9	126
7	86838743	6	118
7	86839466	12	107
7	86839587	10	137
7	86839752	7	140
7	86839924	10	146
7	86840014	12	128
7	87114444	3	108
7	87696238	9	90
7	88265496	41	78
7	88320642	40	80
7	88981180	7	103
7	89068816	6	119
7	89250249	9	119
7	9066573	7	87
7	90884048	5	123
7	91188891	45	76
7	91418991	38	94
7	91572268	11	105
7	92156232	49	138
7	92156510	50	129
7	92156737	50	104
7	92156770	50	99
7	92730394	7	180
7	92730453	9	185
7	92730594	11	178
7	92730632	11	197
7	92730888	8	185
7	92730995	8	188
7	92731157	6	202
7	92731953	15	216
7	92731983	18	214
7	93169268	9	156
7	93477902	7	145
7	93588998	7	169
7	93890631	5	167
7	9443104	3	84
7	94928655	11	97
7	9510032	10	69
7	96355297	10	80
7	9684485	4	78
7	96989734	14	73
7	99091192	4	83
7	9917818	5	93
7	9951106	8	75
7	99671153	11	77
8	101973412	8	117
8	102629421	10	134
8	102885040	6	109
8	103009929	4	130
8	103132665	16	135
8	104830155	8	96
8	105448721	4	86
8	105586462	34	78
8	105720732	7	101
8	105959026	4	120
8	106380364	5	111
8	106588898	5	131
8	107256867	7	123
8	107313501	4	80
8	107403349	6	123
8	107813938	11	111
8	107905586	8	131
8	108323413	52	72
8	108338459	18	120
8	108458436	6	125
8	108568904	9	114
8	108607270	15	132
8	108884486	7	119
8	108899604	7	116
8	109146177	6	99
8	109544766	8	96
8	109659026	4	111
8	109793644	5	122
8	109843206	11	85
8	109990089	5	103
8	110689212	85	74
8	110974469	6	135
8	111062875	57	82
8	111211856	62	78
8	111222712	64	77
8	111257119	76	69
8	111261619	66	83
8	111261951	53	87
8	111277287	4	114
8	111329539	6	132
8	111367727	84	84
8	111454692	60	90
8	111454766	61	79
8	111455008	69	94
8	111455225	49	98
8	111480686	4	77
8	111626811	11	79
8	111769678	15	94
8	112102683	5	95
8	112464966	20	90
8	112889730	11	88
8	113350967	5	90
8	113383691	5	93
8	113691299	11	106
8	113691326	15	111
8	113691366	13	108
8	113691571	14	104
8	113691585	18	100
8	113691693	9	99
8	113743819	37	116
8	113774392	6	130
8	113785486	9	109
8	113788958	9	104
8	113788970	8	113
8	113789137	6	117
8	113789392	6	110
8	113934505	21	59
8	114247932	10	116
8	114247953	10	117
8	114248170	18	84
8	114249552	8	107
8	114250088	15	82
8	114325879	4	107
8	114357004	14	111
8	114357671	9	79
8	114360026	18	111
8	114486509	10	111
8	114534778	6	89
8	114948810	5	86
8	115059324	28	81
8	115239544	8	109
8	115259348	6	102
8	115476220	8	56
8	116707666	5	80
8	117936331	5	77
8	118072898	9	109
8	118073271	13	93
8	118073381	10	100
8	118073421	9	101
8	118158225	4	90
8	118281566	22	92
8	118663990	6	119
8	119544117	6	105
8	119844219	6	103
8	120575782	6	80
8	121353453	5	105
8	121361328	5	90
8	121722766	21	71
8	122205996	16	82
8	122772410	5	88
8	122905387	33	84
8	123042284	6	107
8	123065504	6	87
8	123192238	29	80
8	123790120	6	110
8	123790198	8	99
8	123790250	9	107
8	123790418	5	82
8	123811696	31	96
8	123811699	31	97
8	123811795	43	109
8	123812093	65	101
8	123812383	49	104
8	123812486	67	101
8	123812509	65	98
8	123812855	75	116
8	123813127	59	107
8	123813299	56	108
8	123813357	51	115
8	123813389	58	111
8	123813429	54	120
8	124143591	5	208
8	124149603	7	181
8	124989035	6	174
8	124990521	11	185
8	124990809	8	184
8	124991006	9	179
8	125040038	7	191
8	125305509	5	171
8	125307747	7	191
8	125343571	5	168
8	125818708	7	192
8	125888633	15	168
8	125923153	9	180
8	126016686	85	61
8	126086778	115	73
8	126119996	22	182
8	126271909	4	167
8	126391785	12	213
8	126596486	19	146
8	126753657	81	75
8	126798165	110	78
8	126870506	10	123
8	127083100	221	561
8	127089280	48	464
8	127092336	19	565
8	127092471	22	557
8	127093316	28	545
8	127093454	26	534
8	127093456	27	542
8	127093513	26	560
8	127093974	16	531
8	127094042	18	504
8	127094086	19	509
8	127094867	20	513
8	127095562	24	551
8	127095695	22	611
8	127095932	18	539
8	127110865	449	69
8	127122886	14	584
8	127123348	14	521
8	127126103	10	570
8	127126663	25	545
8	127128651	16	550
8	127128758	18	574
8	127129744	9	500
8	127130191	10	397
8	127130857	9	410
8	127130929	14	445
8	127133934	14	377
8	127134610	29	383
8	127196346	16	262
8	127225737	23	281
8	127786032	57	296
8	127786141	60	276
8	127864963	72	283
8	127864999	58	304
8	127875787	32	300
8	127875918	29	290
8	127876062	16	307
8	127876144	23	288
8	127876396	25	273
8	127876464	14	281
8	127876585	15	272
8	127876882	32	259
8	127876946	26	257
8	127877016	25	259
8	127877190	36	294
8	127877207	33	292
8	127877326	29	304
8	127877355	34	298
8	127877541	31	254
8	127877605	28	260
8	127877745	27	296
8	127877976	30	282
8	127920387	26	350
8	127929116	12	261
8	127954857	7	325
8	127954870	6	325
8	127961617	11	340
8	127970913	7	333
8	127993770	6	352
8	127993808	8	347
8	127995069	7	305
8	127995105	7	303
8	128748216	5	47
8	129286676	13	77
8	130098120	11	83
8	130781121	3	90
8	131021535	8	92
8	131139847	17	91
8	131191025	5	69
8	131516486	12	82
8	131559532	5	77
8	131640849	11	67
8	132158808	10	80
8	132718264	9	64
8	132923390	6	84
8	133227469	13	109
8	134215019	7	85
8	134530961	4	108
8	134905009	14	78
8	135086424	4	71
8	135163093	9	86
8	135887965	13	81
8	136698366	5	34
8	137051851	4	97
8	137114991	9	83
8	137523584	7	86
8	137567041	5	43
8	137747738	12	70
8	137755631	9	80
8	137815753	6	92
8	137949695	6	88
8	138288087	7	66
8	138438385	4	82
8	138438859	8	100
8	138895512	5	74
8	139097491	8	87
8	139443825	14	65
8	141740183	7	95
8	142247310	18	81
8	143242952	14	67
8	14374995	8	58
8	143999177	9	63
8	144295319	15	92
8	14448056	6	78
8	14836859	5	71
8	15319971	4	66
8	17758734	7	67
8	19182421	4	72
8	19337679	9	61
8	23096545	3	72
8	2368432	6	28
8	25978786	5	77
8	31352610	4	72
8	31641194	5	74
8	32297448	16	64
8	32656035	6	83
8	33431793	12	71
8	33443082	15	58
8	33654608	22	66
8	33749550	3	88
8	33940105	24	69
8	33952559	14	80
8	34425497	12	64
8	34551643	21	69
8	35021654	20	61
8	35492109	18	76
8	35768895	20	84
8	36316342	7	89
8	37089332	23	89
8	37228792	18	83
8	38745002	8	85
8	38745425	9	95
8	3981516	6	56
8	41059305	25	54
8	42235960	29	64
8	42634426	14	80
8	43741734	7	76
8	45980534	5	78
8	46061447	9	89
8	46184021	31	78
8	46318447	9	99
8	46358973	17	73
8	46538204	8	87
8	46709561	7	72
8	47273024	9	81
8	47692966	5	93
8	4852191	6	66
8	49421111	5	82
8	49867727	24	92
8	50137827	9	85
8	50176247	16	93
8	51413707	4	69
8	51544702	6	91
8	52788534	15	28
8	53078629	14	88
8	53817450	13	85
8	54091544	9	68
8	54333135	24	96
8	54573346	21	76
8	54844977	15	99
8	55616207	19	92
8	56478212	20	94
8	57721244	8	88
8	57915490	9	88
8	58554930	3	109
8	58746018	4	109
8	59118226	10	106
8	59396837	4	92
8	59588210	5	85
8	603589	9	73
8	61297812	4	81
8	61484125	8	84
8	62165057	7	89
8	62335555	5	81
8	62497050	6	90
8	62560571	11	55
8	63449738	4	89
8	63584605	19	96
8	64127400	10	58
8	64272784	10	96
8	64305084	21	82
8	64305085	21	82
8	66548747	10	91
8	67550649	20	89
8	67715949	21	95
8	67717122	25	84
8	68118210	6	83
8	68253210	6	97
8	68408474	5	86
8	68729891	6	104
8	68731968	16	71
8	68739122	11	99
8	70045993	6	55
8	70613149	16	92
8	71015851	10	76
8	72286714	5	96
8	72357308	16	71
8	72359644	25	81
8	72747212	5	88
8	72766429	17	80
8	73662451	11	96
8	75045172	21	99
8	75112471	7	98
8	75894561	5	70
8	75935885	9	81
8	76075556	24	79
8	76452663	4	109
8	76533877	14	72
8	76750038	5	80
8	76784478	8	78
8	76784489	6	78
8	76784759	8	97
8	77074749	7	86
8	77280593	8	75
8	77351275	8	102
8	77889562	5	88
8	78221445	16	76
8	78307224	24	67
8	78933439	5	89
8	79434287	9	108
8	80286700	7	78
8	82247026	5	97
8	82247036	5	93
8	82247038	5	94
8	82582196	7	85
8	82596521	7	83
8	82806393	13	83
8	82976301	8	99
8	83280617	15	81
8	83511455	20	74
8	84005557	17	86
8	84007317	5	110
8	84240702	22	88
8	84306354	4	113
8	84368813	17	70
8	84476021	6	95
8	84955842	12	79
8	85281687	12	84
8	85507415	22	77
8	85880453	7	87
8	85904333	7	113
8	86018427	8	90
8	86187977	10	96
8	87103600	11	87
8	87427256	25	79
8	88005461	6	93
8	88110601	18	87
8	88537838	14	85
8	88651672	7	93
8	88900160	18	61
8	88930767	8	102
8	91053200	23	98
8	91408426	26	89
8	91726081	19	63
8	92029732	25	85
8	92827290	8	97
8	93954993	7	111
8	94203535	9	93
8	94693597	17	69
8	96134413	16	91
8	96597044	6	101
8	97176959	5	93
8	97309124	8	89
8	97375965	13	88
8	97456349	7	90
8	97565591	19	67
8	99654037	14	62
9	10012627	10	77
9	100366668	8	69
9	100854192	6	78
9	10169515	7	72
9	10285642	7	52
9	103201448	7	75
9	103252011	6	84
9	103355194	4	62
9	103987089	13	60
9	105106618	6	73
9	106166711	4	68
9	10723151	5	73
9	107834347	3	77
9	108571306	5	78
9	111068752	8	80
9	111578001	7	78
9	112214746	5	77
9	112361858	11	66
9	11244163	9	77
9	112671920	8	69
9	11433032	6	89
9	115086325	6	89
9	116826706	7	77
9	116982561	6	69
9	117374407	5	69
9	117763172	4	80
9	119338863	4	62
9	119842983	7	89
9	12002013	5	71
9	120432722	8	63
9	121441655	5	95
9	122002363	13	77
9	12315302	14	85
9	124534032	7	77
9	126741857	4	69
9	129139325	13	73
9	129990403	5	63
9	131054671	4	58
9	132486893	4	81
9	134193745	7	68
9	134666641	9	96
9	136103884	11	76
9	136806171	9	79
9	136969097	6	64
9	14477861	5	79
9	14732479	7	85
9	16256359	6	91
9	16504009	12	68
9	18454371	4	84
9	18529573	4	69
9	2009389	11	68
9	20884362	12	80
9	23448716	7	74
9	2379567	7	95
9	24995952	5	87
9	25080992	5	74
9	25354862	7	82
9	2548688	9	69
9	25533178	9	71
9	25748962	6	74
9	26115415	7	79
9	27739102	13	62
9	28043200	15	66
9	29080694	5	66
9	29862495	10	59
9	31027490	6	69
9	31688904	4	73
9	31908784	6	71
9	32023653	7	91
9	32276459	7	70
9	33431341	10	84
9	33545320	5	88
9	3559838	4	66
9	35668617	5	67
9	37391614	4	79
9	37476150	10	71
9	3765480	4	81
9	39046042	13	242
9	4218560	5	79
9	4218566	6	80
9	43134073	9	89
9	43208855	8	76
9	61230535	15	72
9	63707236	6	59
9	63739843	8	82
9	65501562	11	74
9	67397978	5	101
9	68554986	4	84
9	68557593	5	86
9	70692362	13	69
9	70869128	5	100
9	71767128	7	76
9	71973933	5	79
9	71988310	8	84
9	73319343	8	72
9	73491797	7	85
9	73832595	9	71
9	75438144	8	81
9	75792028	5	66
9	76367155	12	82
9	76692112	10	86
9	77051107	13	66
9	77394140	6	76
9	77863602	7	122
9	78034537	7	100
9	78765380	6	97
9	78895443	17	71
9	79478593	25	95
9	80067996	7	97
9	80180357	28	91
9	81314635	4	97
9	82817467	26	68
9	83035467	7	94
9	83035500	8	92
9	83036056	8	83
9	83037121	12	87
9	83037677	7	74
9	8352589	5	90
9	8384551	8	73
9	85076071	9	104
9	85566157	20	85
9	86054904	7	96
9	86731054	23	86
9	87456898	6	86
9	8752554	5	83
9	87956782	5	85
9	88015252	6	64
9	89265068	6	97
9	89323071	7	79
9	9088607	6	64
9	91919590	7	73
9	91948563	16	92
9	9274080	7	53
9	93584241	43	85
9	94420149	6	105
9	94473853	7	89
9	9476460	7	71
9	94994248	8	72
9	9579848	8	80
9	97059959	7	81
9	98221165	8	80
9	98489572	7	81
9	9952619	11	82
9	99658005	6	67
10	10334932	12	82
10	105083297	5	86
10	106025514	5	41
10	106370170	8	70
10	106434270	4	71
10	106752319	7	68
10	107219966	8	63
10	107928335	5	77
10	108319986	4	73
10	109509205	13	87
10	110001204	7	70
10	110527457	8	66
10	11112881	8	68
10	111132500	4	77
10	112338421	4	99
10	113933026	7	68
10	115362530	9	63
10	115482848	3	64
10	117481616	11	78
10	117824382	13	56
10	118053720	7	87
10	121296142	8	82
10	122944565	6	80
10	123395447	7	82
10	123549870	16	71
10	123864797	13	63
10	125323197	8	70
10	127541274	6	58
10	128536669	4	57
10	129759113	5	68
10	130600864	4	67
10	14226106	7	88
10	14239010	4	75
10	14366179	13	65
10	16231869	3	81
10	17336256	7	60
10	18442350	3	71
10	19038984	7	63
10	19274102	4	83
10	1935965	4	66
10	19487555	10	67
10	20098104	6	80
10	20351826	5	47
10	20557692	9	74
10	20975126	5	84
10	21130453	12	68
10	22341148	10	78
10	22427936	10	76
10	23527316	4	97
10	23632016	10	64
10	24104339	5	90
10	25723506	7	88
10	25786779	6	80
10	2780349	11	89
10	29745980	4	64
10	29775183	5	75
10	31095765	12	79
10	32362550	6	80
10	32782430	4	86
10	3285002	4	62
10	33967963	4	67
10	34765756	5	79
10	35557882	9	86
10	36476172	11	84
10	36985587	3	87
10	37350327	10	57
10	37735095	6	93
10	37822658	13	78
10	37963848	14	82
10	38105397	6	90
10	38621362	6	65
10	39207528	12	60
10	39453814	10	58
10	41749590	10	75
10	42432589	14	78
10	44572137	5	82
10	44987093	5	75
10	45835064	8	67
10	45928601	4	76
10	4595829	5	79
10	47336110	7	100
10	48474663	7	72
10	49121493	5	84
10	50256362	5	76
10	51871658	5	87
10	52501983	7	77
10	52657573	3	79
10	52802178	9	77
10	53725011	6	83
10	54005035	9	79
10	54846368	6	83
10	55226628	8	69
10	55715944	5	82
10	56368892	7	79
10	56531342	11	85
10	57258821	7	87
10	57664281	10	67
10	57812895	4	62
10	60751297	12	60
10	61993128	11	68
10	63077622	8	70
10	67081243	12	66
10	68745664	6	65
10	69542588	13	92
10	69956401	8	83
10	71223071	10	92
10	71274518	15	81
10	71510808	8	69
10	72675234	8	60
10	75154852	10	68
10	75190844	8	56
10	75655783	19	74
10	7644248	5	59
10	78233303	5	67
10	78666521	7	72
10	80459061	8	68
10	81614714	6	73
10	81912497	5	73
10	83445326	5	71
10	85132448	7	75
10	86574579	5	72
10	86863854	8	69
10	88407115	11	71
10	88431235	11	61
10	903729	8	66
10	91032489	13	75
10	92163290	8	57
10	9495509	7	79
10	95005721	5	68
10	9529137	4	78
10	96098569	6	74
10	9644290	11	73
10	9747487	9	68
11	100022535	5	85
11	100992627	4	67
11	101375151	9	79
11	101805854	8	71
11	104215401	6	78
11	104422075	8	71
11	104917120	9	89
11	104935843	10	88
11	10504582	4	78
11	105184863	6	78
11	10615309	8	87
11	108997939	10	75
11	109439640	8	79
11	109614105	7	90
11	109963584	4	75
11	110737594	5	90
11	111110439	5	85
11	111110440	5	86
11	111110441	5	88
11	11227823	4	94
11	113022534	6	77
11	11439986	5	80
11	115541178	4	105
11	116344895	4	90
11	11670478	6	67
11	116729847	5	77
11	118050926	10	84
11	118390281	8	51
11	118644661	13	66
11	119903677	7	64
11	120554348	4	62
11	120992557	5	86
11	122143244	5	104
11	123233058	9	73
11	123582235	9	77
11	124145351	15	77
11	124163902	3	80
11	125445533	5	89
11	126124256	10	78
11	127300172	6	71
11	127506394	13	63
11	127529347	7	62
11	127573551	7	68
11	127696806	8	57
11	128172579	8	77
11	128380845	9	67
11	130255189	11	70
11	130884010	6	97
11	131113610	4	82
11	131771578	7	62
11	131778065	12	73
11	132231392	12	89
11	132377558	4	85
11	132404768	10	82
11	132416445	6	104
11	133454063	4	92
11	133519586	6	92
11	133519587	6	90
11	133595001	4	81
11	133601952	12	73
11	14580905	6	89
11	15230245	5	54
11	16823072	6	81
11	18545400	4	56
11	19040356	5	91
11	20597771	5	75
11	20947423	4	77
11	20979054	5	79
11	21881719	5	62
11	22576027	6	79
11	23042961	9	67
11	23822246	6	79
11	24455582	6	71
11	24743045	8	94
11	25773698	10	75
11	25991409	13	87
11	26060478	5	84
11	26149106	6	76
11	26501768	4	76
11	27729364	4	80
11	28091495	5	67
11	29568064	7	86
11	29871116	10	67
11	30935788	6	83
11	31110980	7	77
11	31926804	6	66
11	32249040	14	70
11	33397124	4	79
11	36730177	5	76
11	37747735	7	73
11	38058331	13	94
11	38434124	5	66
11	38724300	8	72
11	38730927	7	72
11	39155034	5	56
11	39694479	11	64
11	40196487	9	75
11	40401204	7	65
11	40483410	3	75
11	40747871	9	65
11	41095763	6	83
11	41099214	9	74
11	42008890	6	81
11	42261945	7	71
11	42274106	6	78
11	42283554	8	71
11	42424753	9	81
11	42935750	6	87
11	43037216	12	81
11	45524355	5	90
11	4720142	6	67
11	47339187	7	69
11	49203894	5	94
11	49586108	11	69
11	49761451	15	73
11	49826409	3	83
11	50258039	9	56
11	50650070	8	53
11	50766060	6	56
11	5237921	5	65
11	52633337	6	46
11	52633367	8	39
11	5358514	9	85
11	54579328	5	86
11	54840847	7	85
11	55178817	10	72
11	55222565	6	56
11	56109086	6	71
11	57006681	5	90
11	57688533	12	76
11	58436022	6	72
11	58887430	5	77
11	59287828	7	81
11	59889838	7	67
11	59900997	7	96
11	60073497	5	71
11	60719143	4	82
11	61346512	8	91
11	64141524	5	91
11	64284683	8	78
11	64440897	4	83
11	6454215	3	53
11	70229171	7	68
11	70399605	5	68
11	72261825	5	73
11	73775517	6	66
11	74553388	6	89
11	74809231	6	78
11	75031672	4	93
11	75284454	4	85
11	75512783	10	75
11	76123345	5	56
11	76892123	7	77
11	77509607	6	95
11	77765381	7	64
11	79134830	10	77
11	79553565	11	83
11	80210591	10	76
11	80344931	13	73
11	81375467	7	50
11	81418700	14	91
11	81550450	9	69
11	82306687	10	87
11	83142934	5	82
11	83885466	8	69
11	84756086	10	77
11	85427421	5	63
11	85614331	9	95
11	86010604	7	92
11	87216428	5	69
11	87505784	11	82
11	87664928	6	80
11	87738482	5	70
11	88021312	5	62
11	88174933	4	90
11	88337335	11	79
11	88549152	10	72
11	89793800	7	82
11	90598064	5	69
11	90939985	5	75
11	91279282	5	72
11	91322783	5	62
11	91374387	5	81
11	91376413	7	95
11	91598071	11	75
11	91731065	5	73
11	93173015	4	91
11	93224584	4	77
11	94022736	6	87
11	94412517	7	72
11	94896113	10	74
11	95571207	8	92
11	96643675	5	69
11	96870798	7	82
11	97224926	9	90
11	97776598	8	71
11	98138270	9	76
11	98505511	10	58
11	98550871	8	68
11	99253037	4	75
12	100403586	13	85
12	100430551	6	91
12	100647757	8	71
12	100677596	12	78
12	101023008	6	72
12	101617353	16	70
12	102084526	5	89
12	102321236	5	98
12	102788534	6	90
12	103981352	5	76
12	10652259	9	54
12	106936816	7	55
12	107794916	10	83
12	108981196	4	63
12	109230668	6	81
12	109800044	9	81
12	110436530	4	57
12	111782894	4	59
12	112388493	6	58
12	114116260	6	84
12	114413275	10	82
12	114615271	3	71
12	11560830	12	64
12	11592382	7	81
12	118663301	4	87
12	118914040	7	67
12	121390600	4	76
12	121400893	6	81
12	123416404	3	54
12	125317531	14	76
12	125422992	6	77
12	125442791	6	80
12	125465229	9	64
12	125626834	11	69
12	126468165	5	71
12	126593815	9	95
12	12678792	11	77
12	127295757	4	69
12	127659917	5	79
12	127767369	4	87
12	127857723	12	81
12	128104087	9	79
12	128250720	3	87
12	128387711	5	92
12	128611909	9	89
12	130293669	8	76
12	130781040	6	85
12	131367454	14	47
12	132027621	9	72
12	132210037	5	63
12	132274039	4	74
12	132344457	6	71
12	132344459	6	66
12	133138781	6	70
12	14365192	8	72
12	1449147	10	79
12	14651472	11	76
12	1484862	5	73
12	17151916	8	64
12	18882443	35	88
12	20435236	4	102
12	21056343	6	87
12	21317488	7	92
12	21319721	5	98
12	21319789	4	101
12	21319985	6	103
12	21686725	9	90
12	21687073	5	86
12	22693062	8	89
12	22699257	7	78
12	22739377	5	84
12	22808344	12	86
12	23292372	7	97
12	23549312	5	72
12	23830986	12	88
12	23950852	8	85
12	24983151	7	83
12	25026876	7	82
12	26441870	4	82
12	26442484	5	94
12	26843208	8	99
12	28184208	17	97
12	28288123	16	78
12	28341657	13	85
12	28781842	18	93
12	28898133	5	82
12	30310439	8	76
12	3046787	6	92
12	30569592	9	76
12	32502916	8	94
12	32920728	4	94
12	33405113	4	76
12	33769547	19	74
12	34209381	8	79
12	34349850	14	54
12	34508644	11	53
12	36966084	2	17
12	38089389	9	94
12	38272061	4	74
12	38599822	13	79
12	39001511	12	83
12	39538748	4	80
12	39949908	7	81
12	40573729	15	80
12	40740734	14	74
12	40909214	8	73
12	41401558	5	78
12	41668786	6	79
12	42046384	6	74
12	42449224	5	82
12	46881827	4	79
12	47209301	7	86
12	47256478	4	71
12	5105240	12	84
12	52322606	6	104
12	53322939	6	71
12	53819970	9	98
12	54780088	3	70
12	56065768	8	31
12	5606858	8	69
12	56509132	6	60
12	56548316	10	64
12	57390011	9	50
12	57491900	4	78
12	5889348	12	90
12	58920553	13	72
12	59958423	4	91
12	60292267	10	83
12	61205549	10	79
12	61879656	16	67
12	62260141	7	84
12	62531015	10	72
12	66225453	10	41
12	66846545	8	87
12	67585524	10	98
12	70766836	12	89
12	71333979	7	74
12	71598729	6	85
12	72046282	18	63
12	72381648	13	79
12	72709579	7	94
12	73606060	9	80
12	73896121	19	86
12	744425	8	96
12	75078915	5	81
12	7576270	9	71
12	77286119	17	67
12	77869438	15	81
12	78380528	6	82
12	79386399	17	82
12	80138951	5	73
12	80897570	3	86
12	81704132	14	83
12	82115707	8	62
12	82189610	9	68
12	82533577	15	68
12	83242665	8	74
12	83400308	18	65
12	8354844	5	69
12	84078178	8	89
12	84104340	5	85
12	84916273	5	80
12	8495376	11	78
12	85303433	13	58
12	85954387	12	79
12	86075803	10	103
12	86468481	3	79
12	86647864	7	88
12	86821808	5	63
12	87143224	9	72
12	87386570	11	81
12	87509404	10	79
12	8765651	9	74
12	88018249	6	82
12	88443973	11	75
12	88885851	9	69
12	89507361	14	52
12	90567496	10	68
12	91233654	12	76
12	94027549	6	88
12	94120245	4	84
12	94425224	4	88
12	95584495	6	77
12	96782632	14	89
12	96976794	26	62
12	97097980	7	74
12	98305692	10	59
12	99170143	3	84
12	99260205	9	93
12	99739342	14	58
13	101315283	8	66
13	101612448	4	87
13	102059654	5	71
13	102261536	8	91
13	102530671	7	73
13	103638285	10	85
13	103885735	7	81
13	103885765	7	79
13	104254131	6	58
13	105303863	5	87
13	105788118	10	68
13	105876308	10	78
13	106038286	4	78
13	106815952	11	78
13	107132736	4	75
13	107184020	6	72
13	107859625	9	55
13	108286606	6	62
13	108383544	6	68
13	108531568	5	77
13	108545401	9	62
13	108809193	6	75
13	109441603	9	91
13	111087231	13	53
13	16450189	2	56
13	16917672	2	20
13	17363981	12	20
13	18189422	4	35
13	18283244	7	32
13	18949657	7	71
13	19238856	7	62
13	21688448	5	79
13	22217545	4	78
13	22783113	7	73
13	23227995	10	97
13	23502567	13	79
13	23917018	6	90
13	24857895	8	85
13	25859910	8	78
13	26423428	4	68
13	26480363	9	79
13	28145288	8	57
13	31517575	12	59
13	34143109	7	105
13	35409085	7	96
13	35906329	6	56
13	36008244	2	59
13	37390842	4	74
13	37465899	8	69
13	37547710	9	84
13	39475580	13	78
13	41018319	8	81
13	41686871	20	76
13	41786716	14	85
13	43668822	6	99
13	44431072	11	79
13	45946478	8	100
13	46809824	6	84
13	47003145	4	93
13	47498590	7	69
13	48192479	5	54
13	48816907	5	88
13	50134426	5	74
13	52214250	10	64
13	52550361	8	76
13	53264818	6	73
13	54343462	5	66
13	54556408	7	89
13	54609972	5	73
13	55231703	7	70
13	55250094	9	77
13	55382817	6	67
13	55435967	6	84
13	55716669	13	81
13	55770456	9	79
13	55802078	9	64
13	56126523	3	77
13	56227895	9	72
13	56482879	4	71
13	56903060	5	82
13	56993972	10	69
13	57617337	11	65
13	58221171	4	81
13	58823918	8	69
13	58930006	13	66
13	59770113	6	78
13	60398643	8	75
13	60905742	7	73
13	63311515	4	76
13	64977665	4	78
13	65442847	9	65
13	65673589	6	73
13	66421102	5	67
13	66665146	4	79
13	67106589	4	93
13	67381820	5	74
13	67590099	3	65
13	67620953	9	66
13	67770841	4	90
13	68005579	6	77
13	68433369	4	64
13	69133887	9	85
13	69310216	6	72
13	70125387	4	61
13	70125388	4	60
13	70726226	5	78
13	78995794	7	76
13	81851785	4	66
13	83000930	7	79
13	83872522	5	52
13	86703246	4	70
13	87424053	5	90
13	87624819	5	23
13	87778420	6	59
13	88831115	6	79
13	88971123	5	83
13	96348709	11	58
13	99406211	6	69
13	99639337	6	59
14	100896847	19	98
14	103885141	8	85
14	104396640	15	71
14	105049359	4	85
14	20605022	9	101
14	20732694	14	69
14	22138881	6	69
14	22273594	14	67
14	22310905	25	84
14	22398507	5	87
14	23653020	18	83
14	24104507	5	69
14	24868123	14	89
14	25077207	6	84
14	27134667	5	93
14	27313891	6	85
14	27616371	5	95
14	28151842	12	70
14	28683094	12	77
14	28877376	11	75
14	31043663	5	81
14	31193886	8	89
14	31205392	8	64
14	32357652	13	68
14	32432819	18	83
14	32944141	6	97
14	33175519	4	82
14	34232429	8	98
14	34460008	11	85
14	35894300	15	71
14	36139555	4	56
14	36235798	5	89
14	37042234	6	111
14	37507983	6	86
14	37590029	6	93
14	39696361	11	62
14	39807065	6	91
14	40396025	9	76
14	40712495	4	72
14	40862822	5	87
14	40933320	5	72
14	41064087	9	81
14	41182044	3	39
14	42341352	6	77
14	42401195	4	73
14	42758254	6	67
14	42904637	11	83
14	42970647	4	93
14	43154911	3	85
14	43580083	4	89
14	43992836	4	70
14	44075504	17	78
14	44242077	7	90
14	44399472	5	85
14	45290558	4	79
14	46694848	12	86
14	46956921	5	88
14	47318069	13	69
14	47458872	4	76
14	48258597	6	74
14	48293287	4	72
14	48743079	13	68
14	48918112	7	82
14	49070863	10	76
14	50504315	6	92
14	51180057	3	78
14	52389452	8	82
14	52495887	15	73
14	52797054	9	79
14	53217272	5	94
14	53606229	12	90
14	53888247	10	76
14	54029371	5	87
14	55580234	13	67
14	57337080	10	74
14	58026337	6	93
14	59375374	13	91
14	62503905	7	81
14	62754839	6	74
14	63493903	17	72
14	63560027	8	63
14	67415795	11	94
14	67897200	13	82
14	72137974	7	79
14	72208627	11	94
14	72328680	16	73
14	72562990	4	83
14	75396873	6	69
14	75488609	5	74
14	76624141	9	67
14	76789349	11	92
14	76984854	9	85
14	78723013	10	81
14	79020679	7	67
14	79482449	5	83
14	80413093	12	84
14	80837923	21	70
14	81615591	8	80
14	82441517	5	74
14	82776689	6	93
14	82907512	9	69
14	83082061	6	81
14	83526945	4	90
14	83680222	6	80
14	84349381	4	75
14	84442755	4	82
14	84621161	3	74
14	85401152	12	87
14	85704130	12	73
14	85709208	14	80
14	86632449	4	93
14	87245727	8	76
14	87316753	6	97
14	87379884	6	82
14	87901117	12	60
14	88111973	15	73
14	88631215	6	93
14	89181411	14	81
14	95715293	4	75
14	99427772	7	82
15	17024141	4	58
15	26056201	14	84
15	27104675	5	81
15	35878914	9	87
15	37527007	5	73
15	39632661	5	77
15	42613906	10	81
15	46424440	12	71
15	47082494	5	81
15	51792965	5	79
15	53200374	6	68
15	53702072	7	66
15	54462575	8	72
15	56566656	4	87
15	58726478	6	58
15	59760935	11	64
15	61030041	12	82
15	61253001	7	83
15	64882144	8	78
15	65468594	13	76
15	65498761	5	72
15	65498762	5	72
15	67030652	7	76
15	68314873	4	93
15	69671454	9	64
15	70182170	10	86
15	70191062	15	86
15	70549191	7	75
15	70810646	16	68
15	71605439	9	70
15	72544028	3	69
15	74440661	8	81
15	77419516	6	55
15	78841789	5	59
15	82244242	5	72
15	82711909	9	65
15	84164005	5	78
15	87802562	6	62
15	88181704	7	93
15	88358599	11	70
15	88423192	8	87
15	88762568	10	67
15	91834231	16	69
15	93065939	12	76
15	94577362	5	104
15	95117718	14	76
15	97245197	7	85
15	97335271	14	71
15	97485424	6	87
15	97833103	6	75
15	97833113	7	75
15	99742584	13	85
16	1003582	11	77
16	10387328	9	85
16	10393775	8	73
16	13160661	9	83
16	13565393	7	70
16	13996227	4	85
16	17041318	6	76
16	17547991	11	74
16	18566109	9	63
16	18974182	7	59
16	19361217	5	72
16	20273605	6	82
16	20537684	11	69
16	2280573	15	73
16	23537955	7	64
16	23813527	8	61
16	24528915	7	78
16	25435621	5	74
16	26628362	4	64
16	26889622	8	70
16	26991678	12	68
16	2781176	16	85
16	28544389	7	72
16	30414628	6	67
16	30437352	7	79
16	30894542	9	76
16	33701273	12	76
16	33871580	8	42
16	34589247	12	38
16	34659377	7	61
16	34716379	11	38
16	35318936	13	71
16	35366048	15	68
16	35688402	5	76
16	36134266	9	66
16	36191299	13	49
16	4581202	6	18
16	4995038	7	67
16	51615097	14	71
16	51666361	9	75
16	54442867	14	76
16	55377903	8	110
16	5779366	6	87
16	58952443	5	64
16	59273353	13	65
16	59779177	10	69
16	60066408	16	62
16	60898968	8	62
16	60968252	4	62
16	6100162	5	92
16	6193079	11	65
16	62478140	8	94
16	63735013	5	89
16	63832247	4	89
16	63891852	5	74
16	64200171	5	87
16	64625007	12	61
16	64778080	7	88
16	64813649	6	95
16	6539411	14	91
16	65859509	11	84
16	6669271	10	102
16	66773879	12	60
16	6908710	4	115
16	6915130	18	64
16	7009546	18	54
16	70644415	8	59
16	712294	4	74
16	7128110	10	84
16	71389787	12	83
16	71948166	11	82
16	72005574	7	87
16	72663987	6	94
16	72682572	11	68
16	7334303	6	109
16	73500031	5	85
16	73760768	13	83
16	74120944	6	89
16	75019828	4	71
16	75966008	11	80
16	76080988	17	63
16	76520230	12	80
16	7682012	6	84
16	78227061	6	65
16	78344249	7	40
16	7858678	9	90
16	8025802	11	71
16	80633345	17	80
16	80804541	8	28
16	8082384	4	78
16	8174635	12	77
16	82658658	17	67
16	82759520	7	71
16	83006472	6	81
16	8548705	7	30
16	86396626	5	76
16	86584981	12	64
16	8692643	10	63
16	8975589	7	66
16	9165638	16	77
16	917195	4	78
16	9462943	6	76
16	9821225	15	84
16	9916585	8	81
17	10034131	6	76
17	10235273	19	38
17	10651587	5	70
17	13156442	10	79
17	13699949	5	76
17	15688325	6	67
17	15799947	10	45
17	16156508	5	49
17	19411420	6	70
17	19952489	6	65
17	20019707	6	73
17	20842818	11	81
17	2165937	3	68
17	22060628	14	65
17	22180616	11	54
17	22364634	5	56
17	22364656	5	60
17	22664343	13	64
17	2394706	9	81
17	2447386	23	106
17	27530074	7	70
17	29171227	6	78
17	29485521	12	71
17	2967239	12	72
17	29685858	4	81
17	30989833	5	71
17	31293706	7	67
17	3163024	14	75
17	31670626	9	82
17	3226919	8	60
17	3369674	12	61
17	3510799	12	61
17	35529966	7	63
17	38858754	12	58
17	39310169	8	51
17	40488249	4	72
17	40553934	7	89
17	40671351	4	73
17	40775250	4	62
17	41694951	8	78
17	42126057	6	73
17	42453888	6	76
17	4505803	13	61
17	45289791	8	70
17	48244803	8	84
17	51982592	10	75
17	5244243	5	77
17	53390092	7	80
17	53509288	9	84
17	5361809	9	66
17	53694965	4	58
17	54030647	5	82
17	54616632	6	84
17	54763570	11	69
17	55275158	7	83
17	55458576	6	35
17	55737578	11	86
17	55904697	7	92
17	56120528	10	83
17	56394400	6	86
17	57512564	6	78
17	57801517	6	86
17	59562673	7	91
17	60307246	12	81
17	63271865	4	93
17	6416457	9	68
17	65451590	3	64
17	66073618	6	84
17	66666463	11	76
17	66916878	5	81
17	6859673	5	79
17	68902839	6	71
17	69086563	6	43
17	71280238	8	76
17	71296498	14	68
17	71430577	7	75
17	72024087	8	87
17	72516228	3	108
17	73746314	7	72
17	74107575	9	93
17	74430721	7	66
17	76931158	6	76
17	77052261	5	101
17	78319153	4	76
17	78591789	4	42
17	79078498	6	93
17	79861197	5	72
17	79996737	14	70
17	81892317	10	69
17	9974764	9	80
18	10054787	14	104
18	1110454	6	93
18	11995908	5	94
18	13175436	13	92
18	13291106	8	82
18	13887901	9	91
18	13900368	13	86
18	1417323	10	84
18	1435546	4	86
18	14655443	7	68
18	15643044	9	125
18	17012803	7	169
18	1891313	12	89
18	2117440	10	73
18	21359292	9	57
18	24899276	3	77
18	25617149	8	66
18	26118541	5	88
18	27780551	9	88
18	28204613	11	83
18	28584196	11	78
18	28827105	7	68
18	29246699	19	78
18	29265241	10	88
18	29265777	18	69
18	29266775	9	69
18	29269601	10	80
18	29271942	12	84
18	29334829	3	76
18	29664965	17	72
18	29826761	15	93
18	29882632	12	82
18	31258038	13	64
18	31702042	7	77
18	3216117	12	83
18	33202570	10	73
18	33964164	10	74
18	3749251	10	76
18	37498515	10	38
18	38884943	8	76
18	40489647	13	71
18	40497113	7	81
18	40711377	9	53
18	4088814	7	100
18	41709693	4	97
18	42071887	8	66
18	43953335	4	73
18	44250324	4	87
18	4532495	7	88
18	46357984	10	82
18	4681750	13	86
18	47297196	4	63
18	48130492	18	95
18	5017686	10	77
18	51638237	16	77
18	52011278	6	66
18	52333866	18	86
18	5240118	14	80
18	52829793	4	93
18	56159353	5	82
18	5630583	10	82
18	5649603	10	100
18	57728879	11	67
18	58291124	5	52
18	58667205	12	63
18	59095955	17	71
18	59858824	13	62
18	60038291	15	70
18	60110255	5	65
18	60179798	13	73
18	65122744	9	70
18	66891255	5	72
18	68150746	12	59
18	68215914	9	72
18	69197459	4	85
18	7083845	9	67
18	71016563	9	71
18	71221760	4	98
18	71335996	9	70
18	71724940	4	82
18	71907649	4	65
18	72381206	8	75
18	73803152	5	69
18	74138515	7	87
18	77006819	18	79
18	77332072	14	68
18	77618334	12	64
18	77776254	6	83
18	7850788	13	70
18	80082455	7	81
18	8073276	9	80
18	9069495	9	83
18	9370086	10	90
19	11337043	4	57
19	11406997	5	58
19	12555666	10	72
19	13648645	11	43
19	13778947	8	85
19	14309708	4	63
19	14981008	12	71
19	15086249	3	66
19	15404566	6	95
19	16523062	6	77
19	17183170	9	54
19	21279769	10	58
19	22478763	5	98
19	22535576	17	83
19	22831685	7	104
19	22885766	6	77
19	24149659	7	77
19	251761	7	59
19	27479746	10	68
19	27567681	9	64
19	28386149	10	85
19	28403255	7	92
19	28513149	12	71
19	28636310	8	71
19	28840788	7	66
19	28919858	10	73
19	29639244	13	73
19	29741323	5	87
19	29761742	6	83
19	30767826	5	76
19	30918662	6	82
19	31829744	6	44
19	33466381	8	92
19	3393915	5	66
19	34443731	11	64
19	34624013	7	85
19	36837708	6	82
19	3714138	5	55
19	37230474	6	68
19	40455090	10	81
19	41098962	6	91
19	42724409	10	75
19	43007454	7	95
19	44135548	10	71
19	44459162	9	87
19	46849232	11	79
19	49084724	13	69
19	49634426	7	50
19	50794839	7	73
19	51216026	7	72
19	52374353	3	68
19	53896316	5	75
19	53921964	6	39
19	53983172	8	56
19	55647969	6	79
19	56712679	5	81
19	57062924	6	75
19	57344469	11	79
19	57704515	16	66
19	57716517	6	67
19	58022401	7	85
19	58038641	4	63
19	7896189	5	54
19	8558347	8	56
19	9236084	4	72
19	9325991	8	63
19	9586245	7	71
19	9945780	7	86
20	10259716	15	80
20	10318183	7	97
20	10682883	5	84
20	10966724	8	90
20	11135594	4	86
20	11226671	6	97
20	12380816	5	84
20	12693303	5	80
20	13377939	11	68
20	13646312	9	71
20	15513181	3	97
20	15885121	8	85
20	16922855	12	64
20	17058969	8	87
20	17166795	4	80
20	17723177	7	74
20	18848727	8	56
20	19712296	4	77
20	19883093	3	69
20	20087168	8	84
20	20110580	7	76
20	23944876	11	81
20	24455846	5	85
20	26128359	6	70
20	29103490	7	75
20	2915276	7	70
20	29298983	5	26
20	29721412	2	91
20	29725056	6	81
20	29765174	8	56
20	299751	6	85
20	31240957	4	63
20	32479692	10	78
20	34332296	13	63
20	34545876	5	95
20	34545990	6	71
20	34546734	6	104
20	34547187	4	81
20	35101266	8	58
20	35530431	7	59
20	3680146	4	87
20	36882338	9	64
20	37517623	5	90
20	38343581	4	78
20	38344471	5	79
20	38422269	3	96
20	38422343	5	101
20	38624361	8	91
20	39733723	13	71
20	40206581	5	82
20	40683707	7	85
20	41366257	5	71
20	41829500	13	95
20	41962552	8	81
20	42014992	12	70
20	42134710	4	95
20	42933500	7	87
20	43515160	10	89
20	43791664	7	78
20	44054976	11	81
20	44173524	6	81
20	4452035	9	111
20	44525080	10	68
20	4540495	7	86
20	45606721	5	83
20	47150889	4	78
20	47586266	14	84
20	48127307	5	55
20	48542043	4	78
20	48542589	6	85
20	48713376	5	73
20	49144523	4	70
20	49147330	11	81
20	49601637	8	70
20	50049472	15	63
20	51567735	5	84
20	52243899	5	82
20	52766201	9	92
20	54288329	5	78
20	56504168	5	77
20	56870461	12	82
20	57328823	4	78
20	57889820	11	83
20	5852419	5	75
20	59461824	6	81
20	60908882	4	76
20	61325974	10	69
20	6164577	5	78
20	6180553	8	94
20	6273010	9	67
20	6280302	4	72
20	63100069	5	86
20	63150411	6	86
20	63150437	9	81
20	63169851	6	80
20	63802037	15	77
20	6524880	4	65
20	6689022	5	39
20	7017803	10	74
20	7316963	9	88
20	7525982	5	71
20	7703293	8	56
20	7771695	8	82
20	7851851	18	83
20	8085306	12	99
20	9754236	6	76
21	13198233	12	87
21	13270558	5	76
21	13293007	8	88
21	13522947	5	95
21	13897058	9	82
21	14021135	7	91
21	14042265	5	97
21	16569281	10	85
21	17598722	11	68
21	18023873	6	78
21	18345242	5	74
21	18458765	11	88
21	18475896	7	72
21	18757770	8	79
21	18791972	6	64
21	19289769	5	86
21	19900054	11	77
21	19961609	9	70
21	20416839	10	76
21	21187854	8	73
21	21659814	14	83
21	23128226	12	60
21	23370131	6	63
21	23677770	5	66
21	24235463	5	40
21	25185750	5	91
21	26005924	6	90
21	26256176	8	53
21	29517012	5	76
21	29810507	8	95
21	30626159	5	100
21	31638053	12	66
21	34344768	9	74
21	34585853	11	66
21	36050216	5	70
21	36785056	6	75
21	36995271	12	60
21	37642379	7	81
21	38196097	11	91
21	38206483	4	79
21	38206484	4	79
21	38269321	5	104
21	38524122	10	76
21	38524286	8	74
21	38524528	7	83
21	38524678	15	89
21	38526239	13	95
21	38526348	11	87
21	38526628	5	64
21	38527039	6	72
21	38808849	7	90
21	38920524	15	93
21	39146673	12	83
21	39147529	12	89
21	39361384	5	77
21	39756606	5	103
21	40414172	16	69
21	40441692	13	72
21	40648450	6	95
21	41046122	9	81
21	42124421	6	75
22	12709672	12	91
22	19501013	15	82
22	23675357	7	92
22	24201185	4	71
22	24455504	4	71
22	29469352	12	71
22	29501829	9	73
22	29788453	8	76
22	30024033	6	79
22	33328607	9	63
22	33779251	5	64
22	33802938	5	62
22	34744524	9	82
22	35379702	9	65
22	35637804	8	85
22	36576883	5	75
22	39181556	5	70
22	41005336	6	60
22	41450412	5	90
22	44158154	5	94
22	44508030	6	85
22	47656736	6	80
22	48198747	12	79
22	48209472	7	60
22	48232046	11	73
22	48279116	8	84
22	49243874	6	82
22	49369481	5	91
22	49787376	11	70
22	50162246	5	69
