chromosome_index	position	alt_count	ref_count
1	100074297	14	66
1	101356368	7	65
1	1019494	14	37
1	102098208	14	66
1	102148015	7	61
1	102198135	12	38
1	102367443	9	61
1	102451404	16	44
1	102605541	11	47
1	102660091	10	48
1	102979120	14	65
1	103011535	14	47
1	103257908	20	50
1	1032974	12	68
1	103314133	12	48
1	103383120	14	46
1	103959992	12	67
1	104239279	11	63
1	104433271	7	43
1	104821305	7	49
1	105163910	10	40
1	105341794	5	41
1	105907907	7	49
1	106237969	4	46
1	107040587	22	51
1	107433365	11	69
1	107464505	15	50
1	107808186	5	56
1	111431036	8	54
1	113285311	4	72
1	11336741	9	63
1	113768950	11	66
1	113773291	13	51
1	114261725	9	63
1	115265515	8	59
1	115317577	9	79
1	116162760	15	34
1	116212696	13	53
1	116317840	13	75
1	116622999	10	54
1	116652222	10	59
1	116689217	19	54
1	117683687	7	84
1	118356083	10	37
1	118500600	22	60
1	118647930	12	65
1	1194062	9	80
1	119517275	9	62
1	122594221	3	15
1	122727232	3	19
1	122986496	11	204
1	123236834	3	178
1	123363991	2	16
1	123873446	3	45
1	123950767	4	33
1	124171934	12	313
1	124477871	4	64
1	124862111	12	178
1	125135436	18	69
1	143702262	9	54
1	14556345	8	61
1	146237362	13	22
1	146995714	16	45
1	147327371	14	55
1	147510279	16	62
1	148018185	11	40
1	148316561	26	51
1	150101648	12	65
1	150378246	8	54
1	152126508	12	61
1	152307073	15	72
1	152642786	11	73
1	152867494	14	50
1	152909762	8	74
1	153420584	12	65
1	153680946	8	72
1	154428479	7	65
1	155119151	24	39
1	155345845	11	55
1	157184913	7	62
1	157901023	14	38
1	157982631	19	61
1	158149851	9	65
1	158280134	7	50
1	158597179	9	71
1	158688772	9	61
1	159149729	8	63
1	159521924	8	47
1	160071477	13	60
1	161054879	18	64
1	161893104	15	57
1	162722888	24	56
1	163326004	6	72
1	163608697	9	71
1	164577752	14	54
1	165772677	8	62
1	166268237	18	42
1	166418991	22	55
1	166549210	7	54
1	168171711	8	62
1	169440144	14	71
1	170742653	13	62
1	170790239	15	50
1	17163492	19	68
1	172129089	10	61
1	173416605	10	50
1	173445351	17	62
1	173606381	20	63
1	174473321	10	57
1	174688461	9	46
1	174846487	4	53
1	174861632	6	45
1	175005902	10	48
1	175064582	15	59
1	175284231	6	71
1	176327865	5	62
1	177756918	6	64
1	178162920	14	68
1	178703711	13	50
1	17926766	17	59
1	18007900	14	69
1	180925570	7	71
1	181292169	13	65
1	181800134	27	63
1	182650202	5	77
1	183239424	6	64
1	183967011	10	65
1	185862398	10	52
1	185890180	16	51
1	186262483	25	65
1	18628387	11	77
1	18690888	11	70
1	187100573	11	52
1	187149330	13	50
1	187417342	11	63
1	187501236	15	61
1	187501252	12	54
1	18756479	9	58
1	188513789	9	55
1	188798902	11	70
1	189225739	22	55
1	189281571	5	49
1	189908293	12	55
1	190019542	15	51
1	190026113	18	43
1	190050737	8	51
1	190082525	4	55
1	190224982	9	63
1	190502338	4	49
1	190527195	12	59
1	190835146	5	56
1	190938443	11	54
1	191188040	18	44
1	191319533	6	50
1	191404320	17	40
1	192264741	7	40
1	19248994	8	68
1	19401517	23	56
1	194578332	18	43
1	194621001	6	58
1	194824831	7	66
1	195052015	21	50
1	195152963	7	54
1	195564703	6	34
1	195565187	5	53
1	195565228	8	59
1	195796844	11	56
1	195883685	13	54
1	196211612	20	50
1	196263476	9	49
1	196301507	16	61
1	196382350	17	48
1	196634423	15	54
1	196884044	8	65
1	197897351	6	54
1	198280817	4	41
1	198890719	7	63
1	199198352	7	64
1	199330933	7	57
1	200613297	10	63
1	201066762	20	54
1	201259134	11	65
1	202074869	11	58
1	202470861	9	57
1	204299194	9	55
1	205069574	10	77
1	205392393	7	57
1	205479843	9	63
1	20733284	12	47
1	207345183	13	44
1	207432795	9	55
1	207815180	17	83
1	208263710	20	55
1	208351633	13	58
1	208932840	12	38
1	209401298	21	71
1	209401950	10	52
1	209432854	34	48
1	210425376	9	78
1	210765587	7	60
1	210771257	17	63
1	211117250	4	59
1	212410366	8	62
1	212592742	13	54
1	213813971	26	52
1	214600163	11	56
1	215273786	9	53
1	215724531	22	34
1	215885785	8	53
1	216044395	12	39
1	216733599	18	43
1	21742996	8	54
1	217671177	12	43
1	217993177	4	35
1	218433342	23	56
1	219205218	9	53
1	219208532	9	62
1	22108024	18	73
1	221942805	13	64
1	222762552	7	55
1	222772499	7	69
1	224087894	10	57
1	224591370	4	69
1	225622613	13	56
1	2260478	12	60
1	226541817	9	64
1	227652172	11	53
1	22946450	6	73
1	22950785	16	45
1	231495886	8	54
1	231810422	13	67
1	232453235	5	65
1	233045996	23	53
1	233119393	3	23
1	234123624	8	62
1	234889660	7	71
1	235806835	9	50
1	236042113	9	70
1	236785059	19	53
1	236967639	6	38
1	237101196	21	41
1	237458858	7	54
1	237492888	10	34
1	237535105	7	49
1	237886355	8	64
1	238008831	10	49
1	238227225	12	35
1	238624894	6	54
1	238645382	8	39
1	238953912	9	76
1	239167439	5	33
1	239296061	8	59
1	239888861	22	35
1	240133085	15	57
1	24027137	10	68
1	240307372	5	69
1	241334113	21	37
1	241380436	5	56
1	241400916	9	65
1	241885080	19	63
1	242343056	7	55
1	242354336	13	50
1	242819251	27	52
1	244238749	16	61
1	244714540	14	55
1	246722085	22	42
1	247460069	19	66
1	247528043	8	59
1	247922812	8	53
1	248073081	11	54
1	24923777	8	75
1	25016182	7	86
1	25090661	10	61
1	25501331	6	69
1	26186467	9	52
1	26360647	10	67
1	27209218	9	55
1	27670223	22	58
1	27706580	15	33
1	28709797	9	49
1	28948413	6	54
1	2897317	10	74
1	29873261	9	49
1	30492269	21	49
1	30826475	9	49
1	31544519	25	57
1	33486993	9	57
1	33804035	11	76
1	34069061	11	86
1	34616495	23	55
1	36237823	29	52
1	36742528	12	47
1	36759906	18	66
1	36916544	10	50
1	36941439	18	46
1	37048423	12	62
1	37274883	9	59
1	37718721	9	55
1	37906886	10	55
1	40088573	8	61
1	40513389	18	57
1	42533768	8	73
1	4339713	11	65
1	44497709	26	60
1	45168501	10	49
1	4561144	18	54
1	46144584	21	57
1	49280739	5	38
1	49382701	15	33
1	49991324	8	45
1	50664218	11	57
1	50702937	7	46
1	51235591	14	48
1	51535567	10	65
1	5184013	13	45
1	53516444	10	66
1	55319231	15	53
1	56425055	10	71
1	56689472	2	61
1	56790229	31	61
1	5767564	10	49
1	57747547	27	40
1	58473545	10	66
1	62168277	9	72
1	62897913	8	72
1	62987355	10	49
1	64801749	14	61
1	6634525	23	56
1	66642505	12	66
1	67043389	24	50
1	68377004	6	80
1	68538610	9	51
1	68756830	22	65
1	69374553	10	66
1	69809643	12	53
1	71041197	11	56
1	7131606	9	47
1	71615344	9	56
1	72534936	10	35
1	72854192	7	56
1	73171192	8	59
1	73524658	9	55
1	73760788	8	48
1	73930392	8	64
1	7406476	10	56
1	7415053	9	76
1	74188742	17	41
1	74836839	14	62
1	74949912	13	63
1	75138805	6	61
1	75223092	6	60
1	75309274	20	51
1	75356081	7	45
1	75560382	17	56
1	75845639	21	48
1	77044327	12	61
1	77224217	10	61
1	79289126	14	33
1	79654923	11	65
1	80408855	12	70
1	81002095	7	55
1	81024415	4	60
1	81024680	12	45
1	81106781	7	55
1	81990916	17	62
1	82197420	18	44
1	83253424	4	56
1	83380633	15	45
1	84976635	9	64
1	85383064	15	37
1	8541905	11	59
1	85944824	11	57
1	86593057	10	61
1	87350208	11	75
1	87572709	15	68
1	87867072	7	53
1	88207233	22	41
1	89532872	8	60
1	89869667	24	48
1	89903945	15	63
1	9048827	15	52
1	90685650	5	46
1	92080699	8	68
1	92537807	14	51
1	93961953	19	67
1	96062864	9	66
1	96367880	5	75
1	97086264	30	38
1	97164999	11	61
1	97363052	10	65
1	97485518	10	66
1	97601768	6	66
1	97655199	6	64
1	97805532	11	64
1	98409283	14	60
1	98416757	14	61
1	98876823	10	60
1	98887243	13	31
1	99469539	10	57
2	101245764	25	52
2	102258065	13	63
2	102395417	4	57
2	102453087	8	72
2	102895199	7	69
2	103001256	5	56
2	103550094	28	42
2	103632850	17	66
2	103644877	24	39
2	103873408	11	60
2	104144182	16	51
2	104153362	18	62
2	104153445	20	63
2	10437879	6	83
2	10445654	14	104
2	104649709	21	45
2	104705861	8	66
2	105020911	17	40
2	105179952	17	64
2	106087491	26	66
2	10646940	29	59
2	106581114	21	45
2	106950030	7	69
2	107978463	13	61
2	108405196	12	57
2	109150682	12	57
2	109330937	11	66
2	112773230	6	59
2	112956278	27	55
2	113175719	20	47
2	114306299	11	53
2	114388770	26	41
2	114663151	6	56
2	114915048	7	64
2	115026032	8	41
2	115241130	13	61
2	115397346	8	50
2	115533031	6	53
2	115622317	9	47
2	115713253	6	62
2	116233230	12	52
2	116257837	11	56
2	116300871	7	55
2	116843275	12	55
2	116995951	13	60
2	117013181	9	54
2	117073137	21	48
2	118843274	10	28
2	118940965	25	45
2	11941035	11	79
2	119523645	10	60
2	119532228	5	61
2	119620455	19	62
2	120222205	8	69
2	120243262	13	95
2	120779048	13	76
2	120849092	6	75
2	121653954	16	43
2	122384136	25	65
2	122790827	13	51
2	123137899	19	49
2	123399847	12	58
2	123445985	7	66
2	12396862	9	78
2	12456434	7	40
2	124981510	14	53
2	125247748	4	62
2	125592193	19	39
2	125948976	5	42
2	126265030	22	44
2	126437833	21	37
2	126440409	13	76
2	126693108	10	54
2	126711364	10	66
2	127041576	10	77
2	127524847	8	56
2	127578318	29	59
2	128045543	15	57
2	130670528	5	52
2	130875244	11	79
2	13095955	22	58
2	131089974	21	45
2	131171277	17	47
2	131329789	8	81
2	131652248	23	62
2	132383646	9	66
2	132913698	15	67
2	13367355	9	70
2	133797464	6	69
2	133949231	10	57
2	135077343	8	70
2	136509925	19	43
2	136610540	8	65
2	136672940	12	73
2	137101715	18	50
2	137626245	22	43
2	137857499	17	53
2	138716242	7	63
2	139025592	11	60
2	139170601	10	53
2	139359628	5	74
2	139444360	9	58
2	139763843	8	56
2	139793369	7	57
2	140689956	7	49
2	140731235	22	47
2	141006551	13	49
2	141602204	11	57
2	141927212	6	65
2	142522723	6	59
2	142705476	19	44
2	142768804	8	64
2	142782217	18	45
2	143140421	10	52
2	143534182	21	68
2	14439118	10	74
2	144524458	8	50
2	144671812	15	60
2	145190445	12	68
2	145616506	6	57
2	145667658	10	63
2	145960929	14	53
2	14608042	1	83
2	146458102	13	43
2	146550394	25	54
2	146650091	9	50
2	147041616	12	68
2	147168438	5	55
2	147458156	16	72
2	14784836	11	60
2	148474517	10	64
2	148510227	11	50
2	148560331	9	68
2	148592929	16	63
2	149439284	8	55
2	14967934	12	71
2	150311570	33	47
2	151308036	11	54
2	15245329	12	71
2	152571744	11	62
2	152969930	14	49
2	153172642	11	63
2	153596376	17	47
2	154754340	14	61
2	154846802	5	61
2	157576299	6	41
2	157659372	9	74
2	158403874	9	61
2	158460709	13	54
2	158513581	26	52
2	158848746	10	62
2	158870352	20	60
2	158962894	17	48
2	159835785	16	57
2	160579429	6	66
2	160792935	31	51
2	160980360	6	53
2	161051354	28	51
2	16112392	8	78
2	16114040	20	77
2	161542404	9	78
2	161553025	23	46
2	161878842	9	39
2	162198207	27	54
2	162445955	12	67
2	162978248	13	49
2	163090838	11	41
2	163224445	10	52
2	163970650	8	51
2	166285562	10	48
2	166949357	10	55
2	167167720	5	45
2	167296310	9	77
2	16760848	10	72
2	167779256	10	55
2	169126396	10	69
2	171225511	24	62
2	172104510	10	71
2	172339534	21	58
2	173164788	13	70
2	173254458	8	64
2	173266661	7	58
2	1733527	9	96
2	17496608	20	62
2	176286790	12	72
2	178651745	9	67
2	180027530	12	54
2	180159390	9	66
2	180678057	7	75
2	181071161	5	72
2	181139411	10	69
2	181186284	19	38
2	181384339	28	52
2	181722579	6	68
2	182089855	16	56
2	182279649	11	67
2	182557723	10	76
2	182906086	5	55
2	182906093	6	54
2	184867462	5	61
2	184901070	10	70
2	185043881	9	45
2	185190334	5	50
2	185586878	8	54
2	186917027	9	56
2	187207853	17	58
2	187258085	8	49
2	187571541	7	58
2	188209115	17	69
2	188434092	10	61
2	188748520	13	68
2	188774775	16	48
2	189512948	3	73
2	189533940	20	50
2	19064164	9	78
2	191024595	15	54
2	191492037	13	35
2	192347360	7	57
2	192823961	14	40
2	192872809	6	58
2	193263320	8	57
2	19369568	5	72
2	194133035	9	74
2	194142112	10	51
2	19535413	9	63
2	196828240	11	46
2	19759249	21	73
2	197685961	5	36
2	198419649	8	54
2	198648011	12	54
2	198688579	13	68
2	198758078	22	31
2	198945233	8	52
2	199501617	6	42
2	200220004	8	64
2	200496979	20	55
2	201495056	9	49
2	20228456	16	65
2	202393827	7	44
2	202555816	14	60
2	202767229	18	48
2	203081874	10	57
2	205548604	8	57
2	20783622	18	55
2	207949784	20	47
2	208592753	11	69
2	209010475	12	50
2	209052575	14	51
2	209229620	6	58
2	210506223	15	71
2	210679648	14	47
2	210898702	9	61
2	210957016	6	50
2	21105242	11	71
2	211151741	15	57
2	211548942	16	58
2	211965046	7	50
2	212575000	9	61
2	212739659	20	49
2	213437873	7	50
2	213488797	15	50
2	213540813	13	57
2	213747774	15	66
2	214208772	19	50
2	214489447	11	63
2	215165784	23	34
2	215196067	5	58
2	216968056	12	62
2	217050484	13	77
2	217295524	9	75
2	217703936	13	71
2	218951284	19	49
2	21945394	17	66
2	225122544	22	52
2	225334887	13	65
2	226122472	10	71
2	226526736	7	60
2	22652707	14	59
2	227005568	5	78
2	227673044	24	49
2	227730890	17	51
2	227891688	18	59
2	227950301	12	62
2	22795233	6	67
2	228007486	4	72
2	228299741	6	67
2	22846893	15	54
2	228754673	9	48
2	229282010	18	45
2	230210827	10	48
2	23043399	24	59
2	23066028	22	78
2	230876771	17	65
2	230968321	6	64
2	232022018	8	69
2	232443864	17	48
2	232523160	10	66
2	232917669	8	53
2	232933024	17	48
2	233238835	13	60
2	233985120	10	55
2	234037763	18	45
2	234304155	8	62
2	234757429	15	32
2	234989209	10	70
2	236211785	12	56
2	236539692	19	62
2	237891371	4	70
2	238797376	13	61
2	239299225	6	58
2	239435391	17	63
2	240729651	16	56
2	240769410	11	67
2	241337286	5	64
2	24608665	24	50
2	25304313	32	58
2	25399158	8	82
2	2548478	25	76
2	25679358	7	71
2	26128209	32	60
2	2730476	32	72
2	2745814	7	79
2	2805463	30	50
2	2842708	24	59
2	28995693	23	53
2	29697923	10	65
2	30386475	6	73
2	30732658	17	87
2	30736173	11	56
2	32487640	10	80
2	32609908	6	64
2	33204345	8	95
2	33403653	18	65
2	34009023	6	37
2	34221367	13	62
2	34299174	7	21
2	34821738	19	55
2	34883352	24	59
2	35036801	16	45
2	35104513	23	55
2	35136746	8	77
2	35215017	5	47
2	35344503	17	53
2	35541488	8	71
2	3554339	9	85
2	3554343	9	85
2	36793822	9	71
2	37209059	8	60
2	37329306	17	91
2	37819144	25	65
2	3890259	11	73
2	39746098	9	76
2	40339340	13	83
2	40472625	4	74
2	40517936	8	57
2	40794306	9	65
2	4096464	16	72
2	41334919	22	42
2	42105924	12	103
2	42209959	9	84
2	42436717	15	65
2	42446900	20	70
2	43836636	12	78
2	43851736	13	64
2	4416961	14	88
2	44570740	9	63
2	4479283	14	83
2	45307802	11	70
2	46285505	13	74
2	46736572	17	59
2	47690895	23	48
2	48151283	24	56
2	48230464	9	69
2	48413769	7	85
2	48984241	24	58
2	49044332	16	56
2	50470997	13	68
2	51468375	5	77
2	51659465	16	53
2	51686149	8	68
2	51693846	7	71
2	51772145	15	79
2	52045718	5	63
2	52444657	14	54
2	52631835	12	59
2	52650262	10	76
2	52733000	9	64
2	53221158	5	58
2	53222207	16	56
2	53222208	18	57
2	5360351	21	70
2	5433154	17	58
2	55373124	12	52
2	55716421	15	59
2	55825246	7	70
2	56308014	19	56
2	56463042	7	76
2	56671862	14	60
2	56801846	7	52
2	57194872	14	48
2	57474058	8	82
2	57643217	14	59
2	57787308	25	54
2	58113751	30	61
2	58234315	17	63
2	58983437	11	80
2	59410245	6	71
2	60953103	12	67
2	61105140	4	64
2	61538395	4	74
2	61574961	4	82
2	62654251	15	70
2	63021137	12	58
2	65006325	17	80
2	65042342	23	63
2	65116	16	78
2	65234	18	85
2	65507	17	80
2	65553	21	78
2	65693	16	88
2	65800	16	76
2	66105224	18	63
2	66138488	18	61
2	66219251	14	73
2	66571996	29	66
2	67536288	20	48
2	70432690	14	63
2	72230615	10	52
2	73651891	8	64
2	7539032	18	58
2	75503123	6	89
2	75859157	13	68
2	7598248	14	62
2	76937518	10	85
2	77299370	12	44
2	7734638	11	74
2	77363614	6	60
2	77429976	19	60
2	77443920	8	76
2	77457755	25	75
2	77701478	19	59
2	77783410	17	55
2	78123396	16	64
2	78605175	10	67
2	7886413	7	75
2	79247130	24	68
2	79432515	16	58
2	79772310	13	58
2	79842512	21	38
2	80006466	13	64
2	80064053	19	67
2	80082076	6	77
2	80117438	8	56
2	80679525	20	50
2	80689742	12	63
2	80973373	6	82
2	81130960	7	74
2	82231792	14	47
2	82514773	6	35
2	82514779	6	45
2	82802349	8	69
2	83070777	16	49
2	83073259	10	74
2	83277801	14	46
2	83631810	8	60
2	83631811	7	60
2	83633396	10	68
2	83768926	6	69
2	83875720	10	77
2	84824276	8	64
2	85363497	24	73
2	8597521	21	54
2	86344309	12	53
2	87425049	14	133
2	87840954	9	60
2	87947414	8	106
2	88367770	17	47
2	88899055	18	58
2	89976098	9	84
2	91589151	15	127
2	91870153	25	202
2	92132458	2	62
2	93575751	7	230
2	95801951	23	59
2	96098632	15	73
2	99340511	20	56
2	99861349	29	70
3	101067143	8	73
3	101277387	6	74
3	101642210	23	66
3	101747121	18	50
3	101788044	26	52
3	101909240	8	58
3	102602211	13	99
3	102602931	13	95
3	102603228	8	84
3	102603358	5	77
3	102603741	12	91
3	102606470	13	90
3	102944942	7	76
3	103187399	20	79
3	103280077	6	79
3	103339447	6	64
3	103381170	5	67
3	103589290	22	63
3	103704240	7	66
3	103760461	6	45
3	104238762	6	80
3	104530811	25	80
3	105049634	12	58
3	105632859	38	50
3	106444875	15	55
3	107084284	24	82
3	108091589	54	58
3	109531213	36	52
3	109715994	6	88
3	110147888	47	41
3	11022404	17	68
3	110804736	16	75
3	111015244	15	67
3	111049166	11	105
3	111306941	10	92
3	111542787	44	61
3	111637692	13	72
3	112634688	9	85
3	113010658	11	104
3	113659541	12	95
3	113659543	11	94
3	113967791	6	66
3	114727181	37	51
3	114774305	7	77
3	115252504	12	76
3	116092225	6	63
3	116183421	10	58
3	116285809	44	54
3	116293414	19	42
3	116679228	10	75
3	116910293	7	65
3	118240416	17	74
3	118296127	4	51
3	118383329	21	70
3	118616335	17	76
3	118681975	40	56
3	119170000	8	101
3	119221316	56	53
3	122444938	29	71
3	122497310	7	74
3	122528455	15	90
3	122849675	15	51
3	123394001	22	72
3	123711273	3	106
3	124189703	42	58
3	12473836	13	102
3	124825614	10	81
3	124870930	37	50
3	125259530	9	77
3	126430815	8	67
3	126995098	15	95
3	127027239	24	78
3	128694132	49	46
3	129591486	14	89
3	129706064	4	92
3	12989839	28	90
3	130281535	13	62
3	131394581	6	87
3	13177145	13	105
3	132472490	37	38
3	132616687	26	71
3	132852381	16	56
3	133021686	13	71
3	133719444	7	76
3	134883648	16	95
3	135147863	14	99
3	135395898	11	58
3	135438090	7	71
3	135483570	7	91
3	135691893	9	81
3	137448423	10	79
3	137463321	19	68
3	137471262	13	93
3	137779697	44	57
3	138229034	5	38
3	138256600	2	84
3	139195135	7	84
3	141003779	48	57
3	141122772	8	97
3	142717996	32	34
3	142837100	8	83
3	142855955	15	94
3	142909530	9	97
3	143387577	16	87
3	1435512	15	65
3	145039530	5	58
3	145046126	6	84
3	145108786	37	50
3	145537967	43	48
3	145575284	12	68
3	146731897	39	46
3	146928046	10	80
3	146989101	7	64
3	147124030	30	38
3	14785580	29	81
3	147995047	8	89
3	148839632	18	72
3	15008099	15	85
3	150621262	7	69
3	151977155	43	56
3	152515929	11	74
3	153414618	10	88
3	153468875	9	61
3	153654881	2	93
3	154037453	29	48
3	154295576	4	79
3	154361218	18	67
3	155909837	8	86
3	156207471	8	82
3	156207604	8	81
3	156211167	3	87
3	156211174	3	85
3	156388636	11	92
3	1572945	19	48
3	157665104	8	95
3	157847679	32	55
3	157851759	15	96
3	157929091	11	100
3	158066468	40	66
3	158334687	30	88
3	158775878	16	98
3	158978897	20	65
3	15922242	18	62
3	15943636	12	87
3	16103822	23	68
3	161203948	46	65
3	161431635	7	95
3	161459178	12	71
3	161467740	16	59
3	162237977	8	62
3	162392376	15	76
3	162578483	19	76
3	162777418	7	79
3	162930930	28	48
3	163144001	33	53
3	163390057	16	74
3	163530788	14	63
3	163679574	37	65
3	164670246	12	100
3	164841190	9	87
3	165368368	6	66
3	165375485	8	77
3	1653972	38	48
3	165432625	43	57
3	165653598	14	68
3	166200696	23	85
3	166255352	18	88
3	1662750	28	62
3	167012234	43	60
3	167274859	13	85
3	167881347	17	93
3	168401184	9	88
3	168568339	32	69
3	168641258	6	68
3	168787779	8	72
3	16956555	21	68
3	170287342	6	84
3	170442943	14	89
3	17253914	14	79
3	173146007	6	79
3	17321222	7	75
3	173359364	30	51
3	173585415	8	104
3	174132933	26	80
3	174457821	6	86
3	17455691	6	69
3	174623038	59	75
3	17515689	8	78
3	175307979	6	77
3	175468188	5	89
3	176201568	4	114
3	176201595	5	103
3	176720759	28	88
3	177093442	17	79
3	177923367	24	89
3	180375649	4	89
3	180389100	46	54
3	180414696	12	83
3	180534827	4	79
3	180731921	22	73
3	180903766	19	50
3	181026586	9	58
3	181119190	8	82
3	181547211	18	53
3	181878011	5	85
3	181978439	37	41
3	183092643	6	83
3	183647410	25	62
3	184108711	8	74
3	185436892	22	66
3	185556018	8	79
3	185556066	12	90
3	185880372	34	43
3	186004636	6	89
3	186004637	6	89
3	186004638	6	86
3	186230041	10	78
3	186268365	45	57
3	187143795	8	78
3	187237364	10	75
3	18790774	10	78
3	191376555	41	56
3	191750558	17	66
3	192071199	33	52
3	19233844	23	87
3	192779829	7	80
3	192921454	23	82
3	193100615	16	79
3	193765816	11	70
3	193968662	49	51
3	194108337	23	64
3	194630414	4	64
3	194955995	14	77
3	195276316	4	60
3	19550506	19	71
3	196022125	11	68
3	197180411	13	84
3	197568417	19	62
3	19811024	22	68
3	20066283	20	62
3	20696260	15	53
3	20738236	11	68
3	21112695	16	52
3	21133631	21	69
3	21457396	20	66
3	21524546	17	60
3	21773592	8	66
3	22087949	29	69
3	22360748	16	74
3	22417699	10	77
3	22742474	9	84
3	23012139	10	70
3	23015096	5	63
3	23020135	18	80
3	23486634	13	105
3	23622777	10	90
3	23875917	9	83
3	2387614	5	54
3	2411170	20	67
3	25336389	17	52
3	25405684	10	78
3	26585298	22	48
3	26882081	22	68
3	26899016	7	80
3	2693109	27	61
3	26985891	29	70
3	27419485	24	36
3	27840736	28	59
3	28202982	3	105
3	28490747	18	54
3	28513653	8	77
3	28596154	10	62
3	28970721	28	67
3	29578900	14	80
3	29794125	23	73
3	29851196	8	93
3	30057827	21	67
3	30445352	33	64
3	3062102	8	69
3	30783774	17	93
3	31308547	22	79
3	31407338	15	81
3	32822939	9	75
3	33108751	10	88
3	33960281	25	44
3	33963729	21	74
3	34124796	14	104
3	34584386	8	91
3	35103605	15	54
3	35356451	16	67
3	35782328	11	72
3	3604547	13	59
3	36046091	7	61
3	36192182	24	68
3	36631109	27	80
3	37803645	27	92
3	38927377	18	54
3	39713382	17	58
3	40026078	7	82
3	4130965	26	73
3	42287642	7	102
3	43490075	9	101
3	45156099	20	66
3	45202314	15	71
3	47523347	13	94
3	48731990	15	43
3	48825035	10	41
3	48836050	15	49
3	4890769	30	91
3	49163418	24	73
3	49882924	26	63
3	51032330	17	54
3	51070745	11	77
3	51508886	16	76
3	51894296	43	65
3	53023643	35	71
3	54671045	23	67
3	54692270	30	74
3	56540775	13	66
3	57113758	11	97
3	58415109	43	74
3	5853836	9	84
3	59791486	23	73
3	6009001	9	38
3	60338809	8	83
3	60844956	13	57
3	61380830	6	61
3	6143450	11	77
3	61619930	25	74
3	61774523	13	85
3	62075451	17	75
3	62543939	6	69
3	62849322	10	81
3	63439091	9	83
3	6472140	9	59
3	64879818	18	65
3	65293704	6	107
3	65356374	11	81
3	65543212	15	79
3	65629560	16	54
3	6568227	18	58
3	66175125	12	42
3	66253515	18	68
3	66610180	24	71
3	67395231	22	82
3	67470793	19	75
3	67612987	25	76
3	67751047	15	70
3	67766589	11	69
3	6782455	4	68
3	67948149	45	74
3	68172314	33	64
3	68888717	5	84
3	69298498	27	56
3	69388329	34	84
3	69702747	22	59
3	71129975	32	82
3	717675	18	70
3	72901075	32	55
3	73009256	23	78
3	73208209	23	71
3	74647647	32	54
3	74868452	9	64
3	75573360	5	37
3	76112419	9	67
3	76168705	15	41
3	76491832	22	48
3	77193933	6	62
3	77751338	10	67
3	78092170	7	77
3	78563023	9	52
3	78596470	7	57
3	78654556	8	55
3	78671952	7	57
3	79119183	10	56
3	79263649	14	70
3	79577382	8	45
3	80246949	8	55
3	80847579	9	43
3	81767364	40	55
3	82127123	6	72
3	82173233	5	67
3	82268673	13	76
3	8232500	31	68
3	82547156	18	62
3	82638365	8	54
3	82938042	12	54
3	83042380	16	67
3	83226518	18	42
3	83230654	15	62
3	83328473	6	67
3	83687572	21	72
3	83692925	14	63
3	83808952	8	62
3	84236099	11	55
3	84267700	19	54
3	84361185	26	77
3	84361186	26	76
3	84450709	12	51
3	84600620	18	51
3	84614661	27	57
3	84646067	26	65
3	846643	22	49
3	84729989	34	63
3	85370511	8	78
3	85482656	23	54
3	85482734	17	49
3	85846239	6	64
3	85890987	18	61
3	85927873	6	77
3	86555978	5	63
3	86892682	26	61
3	86960135	9	58
3	87053417	13	70
3	87194290	19	78
3	87352575	17	84
3	877336	15	83
3	88289722	8	85
3	88562807	10	62
3	88674467	30	54
3	88786270	20	61
3	88797659	9	60
3	89168307	19	65
3	89219987	12	91
3	89746490	7	66
3	90254225	26	53
3	90314456	6	59
3	90628658	20	50
3	90641921	9	80
3	90665924	20	46
3	90813614	18	107
3	91392139	5	66
3	91444162	22	55
3	9352626	34	75
3	93756522	7	65
3	94228292	14	61
3	94313481	7	57
3	94391416	8	83
3	94542558	14	86
3	94802485	11	48
3	95017310	13	78
3	95130818	10	59
3	95290447	10	67
3	95566509	33	47
3	95772403	11	67
3	95870044	6	56
3	96054345	15	47
3	96375567	4	63
3	96553616	7	44
3	96844771	27	37
3	96916107	23	48
3	98123703	9	77
3	98383632	18	59
3	99052316	7	71
3	99282266	8	50
3	99545542	9	64
4	10023802	11	45
4	101398712	12	51
4	101891623	9	52
4	103127194	9	56
4	103546504	9	29
4	103986062	16	63
4	104737745	7	51
4	104824305	10	67
4	105141662	4	70
4	107309680	13	41
4	107333222	9	78
4	107338158	7	54
4	108198990	8	60
4	108811014	5	60
4	108911569	5	62
4	109128586	9	67
4	110131535	10	73
4	110263436	7	39
4	110454121	7	46
4	110935591	8	57
4	111256582	7	60
4	111853390	14	41
4	112774522	13	67
4	114912403	8	73
4	114914215	20	45
4	115708890	7	57
4	116130296	12	42
4	116319784	6	51
4	116653633	11	57
4	116709362	8	50
4	116847724	20	41
4	117128151	7	46
4	117567042	15	35
4	117712779	9	53
4	117840856	20	45
4	118043172	8	59
4	118503965	14	49
4	11880189	5	47
4	119766784	11	47
4	119906339	21	59
4	120436087	5	35
4	121929453	9	65
4	122195795	6	64
4	122618081	10	65
4	122637493	12	49
4	122763616	7	57
4	125396965	9	37
4	125499834	7	80
4	125649029	13	39
4	125742448	5	57
4	125942283	7	50
4	126052174	18	55
4	12655706	9	53
4	126743855	10	60
4	126865241	19	57
4	12725045	8	43
4	129299440	13	41
4	12982942	13	55
4	12986319	7	49
4	130122692	11	48
4	130213407	14	52
4	130431357	8	51
4	130536242	18	38
4	130548706	4	59
4	130957819	11	80
4	131122893	16	35
4	131200447	10	64
4	131235761	4	57
4	131379786	10	68
4	131549089	15	52
4	131643906	12	50
4	131666370	20	54
4	131691088	13	40
4	131730087	12	45
4	132339804	22	55
4	132339806	21	55
4	132469344	6	48
4	132688586	4	49
4	132987638	18	61
4	133271903	14	66
4	133326090	4	53
4	133523241	14	42
4	133562197	10	59
4	134107695	7	56
4	134882555	13	57
4	134955271	6	70
4	135101503	25	42
4	135223220	4	60
4	135349293	9	64
4	135351353	17	46
4	135418272	15	65
4	135549836	5	32
4	135896968	11	63
4	135935052	15	51
4	136195992	8	49
4	136729362	19	50
4	137196175	5	54
4	137219025	17	46
4	138661748	9	72
4	138710726	10	65
4	13903615	15	49
4	139208666	16	33
4	141358765	21	44
4	142035430	9	59
4	142097845	14	63
4	142624506	10	52
4	143006217	9	55
4	143067397	16	48
4	143582484	8	64
4	143971270	11	57
4	144536961	11	68
4	144911495	11	52
4	147925546	4	76
4	148096599	10	63
4	148477709	13	57
4	148854258	5	60
4	149134399	16	48
4	149207298	6	53
4	149267126	11	57
4	149480568	9	54
4	150050512	7	57
4	150120681	26	66
4	150556989	20	66
4	150560230	5	35
4	150649602	6	63
4	151377698	7	49
4	153115926	24	61
4	153858837	14	51
4	153922197	8	48
4	155204549	6	64
4	156063655	8	59
4	156406021	9	53
4	156541165	11	64
4	157401650	5	48
4	157811788	17	51
4	157899721	13	59
4	158214319	11	67
4	158302241	15	64
4	159907157	6	41
4	160099904	10	45
4	160364852	9	67
4	160605747	7	51
4	160693663	18	50
4	160798518	6	63
4	160911395	15	43
4	160966844	10	47
4	161069704	10	63
4	161897844	4	54
4	162379458	22	45
4	163056873	8	59
4	163809971	7	59
4	163984646	5	56
4	164160177	6	61
4	164530105	15	53
4	164750143	19	57
4	164791771	8	55
4	164840401	12	60
4	165328361	7	71
4	165408226	10	63
4	166563019	8	63
4	166936188	7	51
4	166949636	13	60
4	167684736	7	68
4	167794018	17	39
4	167860489	18	48
4	167913724	9	56
4	168064489	10	64
4	168112874	20	47
4	169020654	8	67
4	16925693	9	45
4	16953250	7	52
4	169762414	17	39
4	169805954	8	54
4	170732250	7	48
4	170747171	14	52
4	170845539	6	69
4	170979446	7	54
4	171375331	8	62
4	171565002	18	49
4	171686615	6	42
4	172017917	24	52
4	172178665	5	53
4	17225789	6	53
4	17257477	7	53
4	173086437	12	63
4	173202797	19	62
4	173389196	15	66
4	173681162	8	55
4	173824369	8	78
4	173855897	19	56
4	173866192	14	48
4	17422337	13	57
4	174708689	7	58
4	174797585	11	53
4	174821413	23	49
4	174981568	13	58
4	175365370	14	37
4	175409200	6	59
4	176094354	6	73
4	176557866	8	49
4	176575071	8	47
4	177032326	18	56
4	177081634	11	61
4	17741115	10	50
4	177635958	7	47
4	178205111	6	45
4	178304380	10	53
4	178407831	11	61
4	178637161	14	58
4	178785348	12	52
4	178870077	19	51
4	179087378	11	42
4	179184662	10	37
4	179298185	13	18
4	179323463	6	38
4	179479902	4	36
4	179686370	6	60
4	179689533	22	42
4	179710660	18	44
4	179815427	15	45
4	179892490	24	43
4	179920181	8	65
4	180030261	6	67
4	180343191	5	45
4	180401151	10	68
4	180878326	6	56
4	180975708	10	55
4	181174560	4	54
4	181202871	11	60
4	181384499	22	44
4	181647807	8	47
4	181737223	9	50
4	181996309	5	55
4	182202506	10	62
4	182396917	13	57
4	182415080	19	49
4	1826340	7	47
4	182698052	8	70
4	183151782	5	75
4	184723664	12	65
4	186566837	10	46
4	187101256	12	65
4	187256374	19	42
4	187704813	11	60
4	188029790	11	54
4	188763401	9	64
4	189097943	6	59
4	189327204	11	54
4	18975738	6	42
4	19205557	7	44
4	19365980	5	34
4	1942863	14	45
4	19681587	12	40
4	20093098	4	62
4	20218485	7	53
4	21852375	13	46
4	22650145	13	39
4	22836198	9	48
4	22840969	11	45
4	22877222	7	66
4	23129344	8	64
4	23220403	9	39
4	23745413	5	54
4	24122438	10	34
4	24235792	7	54
4	2431826	21	42
4	27382486	15	58
4	27840179	8	50
4	28055916	7	36
4	28296274	7	46
4	29256393	14	38
4	29465907	9	47
4	2957382	9	69
4	29902671	6	42
4	29991771	5	48
4	30035947	5	43
4	30363687	8	96
4	30924113	10	39
4	31021412	10	53
4	31046707	5	41
4	31318648	10	54
4	31321517	10	43
4	3141687	11	40
4	31467648	7	51
4	32626869	4	57
4	32627049	7	52
4	33035359	6	52
4	33145018	5	68
4	33260772	19	65
4	33461016	8	46
4	33898487	5	69
4	34403923	11	63
4	34403939	12	60
4	35362518	13	62
4	35903767	9	61
4	36687332	11	70
4	36746987	10	50
4	36993088	8	51
4	37077471	9	61
4	37751381	27	47
4	39245553	11	64
4	40040985	16	42
4	40415760	9	56
4	40486192	3	57
4	41222962	10	47
4	41400997	6	69
4	41948429	7	57
4	41978874	13	56
4	42791735	24	59
4	43089571	16	43
4	43231738	8	55
4	43270194	15	34
4	43836911	7	51
4	43848553	7	61
4	43922067	16	51
4	43976206	8	55
4	44198744	7	50
4	44201034	16	39
4	44868807	13	17
4	45160199	10	46
4	45594647	14	40
4	46400364	8	60
4	46419532	8	62
4	46419599	10	62
4	47111238	4	51
4	47405758	15	43
4	48291076	11	48
4	50868991	4	47
4	51473050	3	12
4	52631881	15	71
4	52936339	7	88
4	54318353	38	57
4	54495667	23	57
4	54598650	7	56
4	56236572	9	73
4	56337216	11	60
4	56339587	2	62
4	56431951	17	64
4	56908845	24	38
4	56977533	20	69
4	57268514	18	60
4	57268583	21	73
4	57268637	21	73
4	57268690	17	64
4	57268817	17	53
4	57268919	13	59
4	57500964	5	68
4	57571487	29	58
4	57793884	12	58
4	57853684	7	59
4	58456112	9	60
4	58482320	12	58
4	59313032	11	54
4	59313125	12	53
4	59313280	13	51
4	59327324	6	46
4	59354490	27	54
4	59396985	9	51
4	59880671	24	35
4	59880687	22	38
4	59880778	18	42
4	59933441	6	54
4	59969403	31	50
4	6043118	5	52
4	60707789	24	51
4	60707884	20	53
4	60708249	25	52
4	60708318	21	48
4	60708350	19	45
4	60713344	9	52
4	60713640	5	53
4	60799194	5	70
4	613478	8	54
4	61672413	6	56
4	6222134	11	50
4	62317086	9	49
4	62346205	6	58
4	62480512	20	52
4	62791427	14	56
4	62846425	17	43
4	63556210	8	49
4	64073794	7	79
4	64115981	8	49
4	64829722	6	41
4	65115852	6	46
4	65147313	7	63
4	65386997	9	37
4	66229312	7	62
4	66962345	21	55
4	68106906	11	50
4	68109786	8	63
4	69587426	8	56
4	71223301	10	75
4	71787898	9	67
4	71893527	11	50
4	71978357	13	66
4	72317069	18	59
4	7300371	11	58
4	738508	11	56
4	74698534	8	68
4	74760251	17	53
4	74831037	22	38
4	75337741	9	55
4	77616052	22	71
4	78464039	6	79
4	79169561	13	45
4	79335324	8	54
4	79356503	13	55
4	79605117	4	61
4	7996806	13	61
4	80635396	8	37
4	81133311	9	68
4	81159654	11	49
4	81416313	21	56
4	83096705	10	50
4	84450419	5	57
4	84844948	13	75
4	8486033	10	58
4	85557701	9	57
4	86421426	19	49
4	8657571	9	44
4	87048165	11	75
4	87924352	9	64
4	88176770	6	44
4	88569801	15	60
4	89291285	11	79
4	89730983	4	62
4	89856747	20	52
4	91180038	12	58
4	91431012	4	53
4	92311216	11	57
4	92372584	4	58
4	92942160	11	42
4	92979099	13	38
4	93105335	8	55
4	93591695	8	64
4	93708564	9	57
4	94165850	4	62
4	9487580	7	61
4	96553636	18	41
4	97060221	14	58
4	97214947	6	60
4	97236456	13	44
4	97402145	8	58
4	97700650	18	47
4	97955505	10	59
4	98289970	20	58
4	99423418	11	52
4	99574587	17	50
4	9980393	5	48
5	100374253	24	45
5	100912688	4	47
5	103816223	32	49
5	104085066	33	29
5	104784598	11	58
5	105053153	6	54
5	105694949	12	53
5	106107636	20	39
5	106155450	33	46
5	106794005	16	43
5	10702220	11	119
5	107227794	19	37
5	108440085	16	52
5	108553249	41	60
5	108596972	20	38
5	108635471	27	44
5	110220252	7	59
5	110273088	19	38
5	110879133	27	34
5	110886757	28	35
5	111247300	15	39
5	111551045	16	58
5	11316439	14	77
5	11425659	9	94
5	115864704	37	49
5	115945764	26	42
5	117072703	29	39
5	117288219	39	46
5	117545875	24	40
5	118429621	12	56
5	119859738	7	49
5	119948125	17	67
5	12046642	9	79
5	12068848	4	83
5	120815519	9	66
5	121451289	11	46
5	122282294	21	41
5	122480866	29	44
5	123063997	26	39
5	124249672	44	40
5	124299341	19	45
5	124562041	8	65
5	12536434	5	81
5	12662814	11	85
5	127225155	21	49
5	128337608	33	41
5	128792613	42	50
5	129080340	21	59
5	12929376	37	56
5	129446118	20	51
5	129462616	12	60
5	129624956	5	40
5	13017931	16	61
5	130222390	30	52
5	13075431	10	86
5	132906622	14	42
5	13659686	13	92
5	140155130	12	82
5	140876061	25	48
5	140976687	25	45
5	141046368	25	64
5	141146467	8	75
5	141809518	16	68
5	141842502	12	85
5	14204976	7	115
5	142150037	8	68
5	144493453	19	55
5	144566922	12	58
5	145453871	3	59
5	146445281	9	63
5	146650005	7	48
5	147121399	7	46
5	147461046	6	64
5	148234318	9	76
5	148534660	8	61
5	148575259	17	68
5	149022000	26	16
5	149518857	30	53
5	150199550	26	53
5	150387876	10	60
5	150608032	7	77
5	151559202	3	69
5	152536373	20	35
5	1527593	18	63
5	152806961	9	57
5	152807600	13	61
5	152896245	10	71
5	153183853	13	55
5	153255659	30	55
5	153820140	5	83
5	153993922	25	56
5	154433897	8	73
5	155340389	11	69
5	155753916	17	65
5	155790814	9	55
5	155888508	15	50
5	156218724	29	61
5	156218725	28	60
5	156350114	7	41
5	157435145	25	46
5	157934930	9	67
5	158439604	22	46
5	158887405	30	53
5	158957147	40	57
5	159040881	20	63
5	159277315	16	44
5	15966274	11	121
5	161003378	7	40
5	161742731	10	55
5	161745128	8	69
5	16179846	11	76
5	161836603	6	61
5	161851673	8	48
5	162226797	9	78
5	162605903	13	75
5	162618137	6	63
5	162750627	15	66
5	162834803	7	75
5	162945286	6	51
5	163334262	10	47
5	163638136	6	59
5	163905061	12	51
5	164314427	12	50
5	164493169	13	56
5	16459084	21	94
5	164908054	4	73
5	165024993	18	45
5	165409372	6	61
5	165700133	7	63
5	165840186	24	58
5	165843951	23	68
5	165902145	26	54
5	166145040	13	72
5	166307151	21	67
5	166426436	10	70
5	166538518	27	47
5	166658394	22	52
5	166813729	12	50
5	166829440	5	62
5	166847880	8	73
5	167858800	7	48
5	16874363	3	46
5	169115473	32	53
5	169865683	5	66
5	170626440	9	58
5	171237020	4	85
5	171967982	7	66
5	173877163	18	74
5	17389869	5	85
5	174366833	16	58
5	175144651	16	48
5	176052076	27	58
5	176887334	12	55
5	178157663	23	50
5	178990060	26	44
5	17938487	8	67
5	180579797	11	83
5	1858853	4	95
5	18665150	10	81
5	19112813	9	86
5	19236867	7	66
5	19837415	9	79
5	20315953	5	73
5	21102643	4	86
5	21152053	20	77
5	21238466	12	87
5	21338489	10	21
5	21413217	33	47
5	21863295	40	45
5	21939335	4	66
5	22028082	7	78
5	22091290	3	55
5	22182718	8	82
5	22221165	6	90
5	22412599	8	72
5	22654143	4	43
5	22835054	9	79
5	22945962	6	83
5	23035621	15	85
5	23423751	35	68
5	23533433	5	82
5	23551026	9	62
5	23598832	13	65
5	23807235	49	65
5	23905892	15	50
5	23943243	11	93
5	24140590	16	63
5	24223688	36	46
5	24341194	11	84
5	24419783	4	74
5	24672441	36	56
5	24697247	28	44
5	24958793	7	79
5	25134751	43	45
5	2513792	11	81
5	25258089	20	38
5	25286708	6	79
5	25322130	5	57
5	25470631	33	56
5	25625799	9	82
5	25629112	27	70
5	25630034	31	55
5	25823655	9	81
5	26051401	7	107
5	26191034	11	60
5	26595364	7	72
5	27196019	8	76
5	27207092	13	78
5	27254214	37	50
5	27402425	8	67
5	27641656	7	71
5	28060181	8	54
5	28188530	16	56
5	28331485	10	87
5	28495674	7	87
5	29555395	10	80
5	29909233	9	65
5	29931140	40	50
5	30113269	7	88
5	30248079	8	71
5	30831641	13	78
5	31004345	41	51
5	3203972	10	72
5	32313253	6	106
5	3288523	5	82
5	32887553	9	101
5	33264292	7	81
5	33792482	6	108
5	33968975	8	125
5	3424969	7	81
5	34346448	6	100
5	35035588	10	97
5	3539584	6	83
5	35684228	39	59
5	35892393	16	82
5	3639394	37	64
5	36754540	10	91
5	37644949	34	52
5	3844480	8	99
5	3911097	38	70
5	3925098	8	94
5	39611691	5	66
5	39683086	49	60
5	39885893	14	88
5	40358999	22	101
5	40438673	50	66
5	40459742	9	106
5	41188645	12	76
5	41242564	18	67
5	41663735	12	96
5	4211915	28	50
5	4325472	13	75
5	4406378	9	77
5	44096583	7	105
5	44255222	7	88
5	44345387	7	90
5	44388633	20	95
5	44393801	27	64
5	44877665	11	83
5	4501160	7	81
5	45240719	9	94
5	45377411	32	67
5	45575755	8	90
5	45611701	9	72
5	4564234	28	46
5	45807599	24	26
5	45903460	4	71
5	46020649	11	85
5	4606700	4	58
5	46161726	24	63
5	46188040	21	68
5	46247963	16	74
5	46386453	32	49
5	46418433	8	63
5	4830465	11	77
5	4877254	17	83
5	4896782	10	70
5	49622726	3	21
5	50209077	9	76
5	50613335	16	82
5	50874113	54	62
5	50895538	23	104
5	51334500	11	93
5	52399695	17	35
5	52565377	19	44
5	53022045	19	41
5	5303625	56	54
5	53434228	20	51
5	53832257	11	56
5	57558584	9	43
5	59372767	20	47
5	59535078	9	36
5	63317324	9	44
5	67539196	5	55
5	67539839	4	72
5	67542674	3	58
5	67584722	5	52
5	67656056	11	48
5	7296167	11	83
5	74015255	17	46
5	76050502	13	37
5	80597722	13	47
5	8097786	5	90
5	80995694	19	14
5	8132447	4	88
5	81550923	24	43
5	8162072	8	64
5	81767522	33	48
5	82480803	25	37
5	82866891	25	42
5	82884827	18	62
5	83235530	12	38
5	83406231	26	39
5	86613325	16	37
5	86637104	12	51
5	87991954	6	56
5	88561316	17	47
5	8864109	5	76
5	8866334	10	87
5	91338736	4	54
5	92626994	13	33
5	92775280	22	42
5	94458754	17	50
5	94686896	11	66
5	9723366	12	88
5	9832486	13	98
5	99011079	6	15
5	99011081	6	16
5	9925693	12	80
5	99521552	15	30
5	99891782	13	31
6	100650723	11	71
6	100690027	12	48
6	10146364	9	52
6	101510098	7	63
6	101792614	16	40
6	101917983	10	45
6	102006659	6	63
6	102073861	21	58
6	102472649	11	59
6	102888510	11	45
6	103695207	17	43
6	103708547	9	52
6	103871422	7	51
6	104188777	8	53
6	104353897	18	48
6	104756296	8	51
6	105149813	10	68
6	105938470	19	66
6	107069705	14	66
6	107855487	10	47
6	107948276	15	49
6	108285921	13	56
6	108433842	8	57
6	110493795	25	48
6	112305111	8	54
6	112663560	13	67
6	112747932	11	52
6	113058235	26	77
6	113080421	6	54
6	113287160	15	65
6	114015278	6	94
6	114107482	7	58
6	114289538	14	58
6	114302261	20	54
6	114653193	5	81
6	114863712	12	43
6	117477760	8	61
6	118355044	12	70
6	118432032	4	53
6	118826390	10	57
6	118926558	10	51
6	119069606	9	49
6	120020561	20	48
6	120026354	15	41
6	120158048	3	58
6	120311699	7	48
6	122071028	23	48
6	124345284	18	37
6	124460273	11	54
6	126005481	5	67
6	126573925	7	59
6	128848035	7	50
6	129480968	12	67
6	130075727	12	77
6	130092842	10	53
6	13027173	10	45
6	130764650	11	61
6	13082640	9	41
6	130928213	14	48
6	131239632	20	45
6	131527084	16	51
6	131533440	4	55
6	131535294	10	66
6	131563293	20	54
6	132565713	6	61
6	133127536	23	46
6	133179676	18	39
6	133258567	9	70
6	133519346	14	54
6	133540384	21	49
6	133561602	6	36
6	133750986	12	68
6	133943438	13	53
6	134967699	13	62
6	136014294	8	79
6	138201833	11	54
6	138243411	14	56
6	139088998	9	58
6	139089070	11	62
6	140152244	11	46
6	140277963	13	56
6	141665643	16	37
6	145051539	15	58
6	145225938	23	56
6	145267200	16	51
6	145561646	15	61
6	145689334	17	58
6	146119759	23	61
6	147446482	7	73
6	149055328	14	60
6	149220897	14	95
6	149226785	13	70
6	149733013	13	70
6	149855712	18	59
6	150285225	6	71
6	151342465	20	55
6	151589696	15	84
6	151602732	17	56
6	154096986	18	59
6	154820369	9	75
6	155225176	9	79
6	155555167	7	48
6	156685439	17	48
6	15758836	12	35
6	157809457	8	62
6	159088678	5	69
6	159125466	15	76
6	160113157	7	95
6	160749073	9	94
6	160759538	6	76
6	160857002	17	69
6	161347453	11	84
6	163007818	25	70
6	163034252	10	90
6	163112160	28	75
6	164009472	5	81
6	164103838	7	94
6	164293220	22	61
6	164300773	9	79
6	164657130	23	61
6	165200022	16	68
6	166068140	14	81
6	166921306	16	54
6	168973040	3	49
6	169178124	12	42
6	170255504	21	52
6	17625362	12	45
6	19132708	2	26
6	23978896	12	51
6	24726244	24	54
6	25521062	11	70
6	25620545	14	59
6	27147588	13	97
6	27690165	19	43
6	27948371	10	83
6	3143668	6	55
6	33533923	17	58
6	33925735	15	50
6	34596773	7	96
6	34596907	6	92
6	35085926	28	64
6	36706716	11	62
6	37316131	31	64
6	37368440	17	70
6	37561830	10	88
6	37592267	10	94
6	37660917	7	72
6	37661100	9	83
6	37661131	5	86
6	38729152	30	53
6	39184830	7	79
6	39748898	9	59
6	40289016	14	75
6	42999903	5	70
6	43931164	13	79
6	44132402	4	75
6	44132472	7	68
6	44354397	5	86
6	44354416	5	87
6	44354530	6	85
6	44354557	9	89
6	45160103	6	80
6	45926815	42	76
6	47034817	26	74
6	4708946	8	33
6	47210259	9	69
6	47456560	18	67
6	47988152	9	61
6	48883736	6	71
6	49889863	15	87
6	49932302	4	86
6	50173113	9	55
6	5041494	10	28
6	50422838	22	60
6	50698236	27	56
6	50801617	6	80
6	53037848	23	72
6	53095116	20	66
6	53218135	10	89
6	53263338	9	71
6	54184266	20	64
6	54283855	22	59
6	54488239	11	67
6	54592789	8	69
6	54598729	18	70
6	54714454	11	78
6	54898406	11	72
6	55176900	20	81
6	55937894	5	65
6	56583168	6	100
6	58331577	5	85
6	60595389	24	55
6	60674198	17	68
6	60756076	17	64
6	60883968	27	62
6	61266956	6	20
6	61625627	23	48
6	61740010	11	53
6	61813061	14	64
6	61869095	18	63
6	61985499	14	51
6	62271365	5	66
6	62271366	5	67
6	62555277	6	49
6	62683771	17	49
6	62727958	14	59
6	62954798	20	54
6	63164001	25	44
6	64204329	14	59
6	64658312	5	70
6	64679199	9	60
6	64834490	7	59
6	64988306	10	84
6	65199176	13	68
6	6537536	11	17
6	65440418	7	42
6	65460060	5	16
6	65706730	5	57
6	65970208	12	37
6	66536018	25	55
6	66754283	12	52
6	66882717	15	52
6	67221178	7	66
6	67772817	13	66
6	67772931	10	69
6	67773050	9	75
6	67773238	6	72
6	67773344	6	66
6	67773402	6	66
6	67773456	6	68
6	67774191	10	65
6	67774224	10	65
6	67774320	6	70
6	67774416	7	47
6	67774431	6	48
6	67774647	12	58
6	67901509	18	63
6	68411574	5	61
6	68470710	9	56
6	68607601	6	64
6	68696091	8	62
6	68724278	15	48
6	69081624	11	62
6	69108999	15	68
6	69622485	10	59
6	70129132	10	78
6	70129266	7	68
6	70173519	10	81
6	70286828	14	65
6	71101282	21	63
6	71130248	15	73
6	71394856	5	73
6	71470722	8	87
6	71525749	21	57
6	71805310	11	74
6	72184009	10	63
6	72280572	11	50
6	73678214	17	47
6	73806355	10	44
6	74122721	4	55
6	74174054	22	44
6	74384859	17	54
6	74466869	23	45
6	74474468	14	47
6	74671103	7	66
6	77226685	5	71
6	77665115	5	50
6	77668232	6	49
6	77767021	9	51
6	77810383	8	51
6	78809713	7	48
6	78981813	12	57
6	79785600	7	60
6	81065221	15	48
6	81240676	16	54
6	81277027	16	47
6	81280006	10	45
6	81414475	11	74
6	82603851	12	60
6	83230135	11	66
6	83304808	16	50
6	84004939	16	44
6	84987880	8	67
6	85415231	13	71
6	86056327	10	50
6	86276230	14	60
6	86734045	5	62
6	88019983	15	52
6	88274966	24	56
6	88363685	10	66
6	89439214	7	45
6	89835458	7	55
6	90344844	12	47
6	90366751	7	31
6	90931628	14	80
6	91051928	12	60
6	91232262	15	71
6	91371893	7	48
6	91437301	11	81
6	91554397	14	31
6	91871788	3	35
6	92194217	24	52
6	92465611	10	60
6	92470085	7	65
6	92508978	15	45
6	93796234	7	50
6	93986581	5	60
6	94058702	8	72
6	94108075	10	70
6	94479003	10	46
6	95136360	11	43
6	95901597	8	66
6	96000988	10	49
6	96187586	16	56
6	96194363	18	45
6	97657703	6	70
6	97686340	13	44
6	97869257	8	59
6	97914413	6	57
6	97941053	4	56
6	98225271	9	62
6	99843697	16	59
7	100749653	5	43
7	101167896	24	38
7	102397907	44	60
7	103757965	5	70
7	104245793	8	79
7	104371424	26	44
7	104560550	27	71
7	104724056	8	62
7	10537281	21	52
7	107214423	23	38
7	107415415	8	44
7	108848252	29	43
7	108858930	18	57
7	108960126	10	49
7	109122688	9	55
7	10970558	14	70
7	110285875	16	55
7	110470289	10	77
7	110538999	24	51
7	110995455	6	34
7	111153321	9	30
7	111528106	9	92
7	112833680	23	52
7	112982112	18	50
7	113685457	25	32
7	113713784	31	59
7	113885114	31	55
7	114202250	9	72
7	114211005	33	49
7	114544457	23	55
7	114618291	4	60
7	114744938	30	48
7	116047338	12	82
7	116143130	24	60
7	11632303	11	67
7	116344757	13	37
7	116361767	23	61
7	116384824	21	65
7	117781382	18	65
7	118197198	6	54
7	119273716	9	75
7	119412442	5	62
7	119549490	15	71
7	119595868	12	61
7	120498682	4	80
7	120727907	11	52
7	122615511	5	125
7	12292982	14	85
7	123092112	86	68
7	123299191	79	69
7	124148106	7	135
7	124553631	101	89
7	125242472	23	99
7	125242639	23	99
7	125242701	22	104
7	125275220	3	83
7	125773725	16	76
7	125920104	8	83
7	126126376	34	69
7	126149085	38	67
7	126183717	25	84
7	126210079	24	60
7	126487593	24	59
7	126577834	27	52
7	126611450	15	82
7	126674983	37	66
7	126679945	28	87
7	126779760	17	81
7	126824358	14	84
7	126995769	7	71
7	127072973	13	87
7	127334518	24	84
7	127381865	11	108
7	127382047	11	121
7	128231876	16	58
7	12849920	6	64
7	128909264	37	61
7	128984698	24	47
7	129388125	29	52
7	13000323	16	51
7	130997050	14	83
7	131176787	9	75
7	131669713	12	68
7	131744107	48	46
7	131786122	6	78
7	132634809	8	76
7	132694196	25	46
7	133152703	11	66
7	13416511	11	64
7	134749568	38	64
7	135122251	26	53
7	135977338	32	68
7	136245985	7	67
7	136418980	19	62
7	136832428	5	73
7	136873236	11	81
7	136886754	12	77
7	137038297	7	65
7	137094324	16	72
7	137430859	4	66
7	13743953	8	64
7	137678610	13	76
7	137860097	9	48
7	138931307	7	73
7	139101730	9	68
7	139662297	9	75
7	139931887	18	64
7	144663302	5	69
7	144761778	7	55
7	145052968	10	67
7	145479823	13	75
7	145522218	24	47
7	146030970	6	60
7	146247624	9	56
7	147780877	22	65
7	147823522	8	83
7	149413967	23	49
7	152281934	14	71
7	153243492	10	59
7	153335536	7	57
7	153412295	9	63
7	15408732	20	45
7	154130997	17	59
7	154684704	10	65
7	155204150	21	80
7	156027913	32	47
7	156539529	10	51
7	157197648	8	62
7	157357685	7	93
7	1576661	11	59
7	157864307	10	71
7	158044472	4	70
7	158509701	16	63
7	159211469	11	74
7	17095192	12	64
7	18001134	16	54
7	19092161	9	72
7	19315524	13	44
7	21952312	6	62
7	22897369	16	49
7	23080881	8	72
7	23415308	11	40
7	24236965	10	56
7	2479062	8	87
7	24829675	13	74
7	2538918	12	72
7	25660526	17	55
7	25809220	17	61
7	25812401	14	63
7	26478133	6	48
7	27314369	22	51
7	28171947	7	57
7	28732895	9	45
7	29037573	15	42
7	29161555	15	46
7	30118023	11	68
7	30994604	12	79
7	31056218	8	75
7	31095684	13	62
7	3142097	9	63
7	32392821	8	50
7	32699847	7	62
7	33488463	4	69
7	33832582	18	57
7	33876046	20	69
7	34004994	22	49
7	34460716	7	52
7	34878998	25	65
7	35105722	21	51
7	35292461	16	57
7	35486471	7	55
7	3688533	10	80
7	36948804	31	51
7	37145336	9	66
7	37205525	4	87
7	38459157	10	68
7	39304246	11	53
7	39498264	24	59
7	39685981	5	80
7	39926766	6	56
7	40241780	23	57
7	40444560	11	73
7	40837034	12	50
7	4113337	11	63
7	42132926	6	70
7	42336090	4	71
7	45174801	6	67
7	46885841	24	55
7	46963214	22	45
7	47418738	13	76
7	47473468	4	79
7	47473901	4	75
7	47473937	4	73
7	47473947	5	74
7	47722471	4	88
7	47722731	4	83
7	47723253	5	72
7	47727820	3	69
7	47733805	14	80
7	47738398	5	87
7	47738478	5	82
7	47748160	3	67
7	47748211	3	73
7	47749380	4	72
7	47749861	5	62
7	47750754	6	68
7	47753057	5	57
7	47754772	7	68
7	47755308	5	66
7	48394377	13	66
7	49124451	9	65
7	49197804	11	59
7	49252644	12	48
7	50195787	23	62
7	51022938	6	81
7	51023372	4	67
7	51024310	6	90
7	51024607	9	68
7	51024691	9	85
7	51024737	9	93
7	51024814	9	87
7	51024868	10	94
7	51025320	8	78
7	51025817	6	87
7	51186451	12	54
7	51222310	9	62
7	52101017	23	53
7	52205061	10	48
7	52558613	18	48
7	52646207	7	47
7	53115915	7	53
7	53497570	6	46
7	53661240	7	45
7	54180331	17	52
7	54294843	12	81
7	54642187	10	57
7	55030570	9	62
7	55030572	9	62
7	56135804	23	39
7	56406168	11	57
7	56442998	6	68
7	56625733	11	62
7	56683351	18	42
7	56712159	19	56
7	56715140	16	63
7	56727336	18	60
7	56745646	5	49
7	56784913	17	33
7	5681116	23	50
7	56956861	10	79
7	57127940	6	54
7	57250721	16	54
7	57677778	11	65
7	57754596	28	51
7	58062293	5	56
7	589300	20	51
7	61815535	8	47
7	62229799	19	47
7	62314803	7	57
7	62507565	4	91
7	62529420	14	83
7	63084629	10	74
7	63233907	18	53
7	63526628	8	64
7	63564021	22	23
7	63702523	21	57
7	63810215	16	59
7	64255016	8	50
7	64584125	21	69
7	65094791	13	60
7	65682347	18	79
7	6652606	16	52
7	66650805	18	54
7	67423226	9	67
7	6767010	23	44
7	67997642	10	34
7	67999095	21	46
7	69438100	24	67
7	70547500	29	73
7	72460149	21	66
7	73346136	7	96
7	73346200	7	102
7	73596713	18	66
7	7380999	5	57
7	7381000	5	58
7	73856671	9	90
7	74300008	11	58
7	74391120	21	61
7	74489103	21	77
7	74642238	6	57
7	74796184	5	59
7	7595709	9	50
7	78741957	17	55
7	79246993	12	80
7	79259787	9	96
7	79259790	9	94
7	79341255	34	54
7	7943789	8	72
7	79483685	37	50
7	79527526	21	48
7	79874629	4	81
7	79937040	8	73
7	80540244	9	71
7	80894017	10	74
7	80894257	6	73
7	80894353	5	82
7	80894630	9	101
7	80894999	7	100
7	80895075	6	93
7	80896029	7	69
7	80896091	11	66
7	80896236	6	80
7	80896442	9	84
7	80896473	11	84
7	80896542	8	81
7	81774674	25	63
7	82831028	23	52
7	8307716	21	51
7	8307717	20	51
7	8307718	20	49
7	83094286	8	58
7	83722945	16	64
7	84087093	19	52
7	84214814	5	60
7	84220601	7	72
7	84384809	16	68
7	84629691	10	85
7	8503944	4	63
7	85996808	34	63
7	86228538	7	105
7	86232957	20	101
7	86500652	16	97
7	86634445	22	104
7	86698868	70	56
7	86836796	27	153
7	86837157	19	145
7	86837317	24	139
7	86837477	24	148
7	86837568	20	130
7	86837715	22	137
7	86838236	25	151
7	86838743	24	149
7	86839466	34	173
7	86839587	38	158
7	86839752	47	167
7	86839924	32	145
7	86840014	29	168
7	87114444	13	130
7	87696238	13	91
7	88265496	80	68
7	88320642	94	63
7	88981180	15	128
7	89068816	13	111
7	89250249	17	108
7	90346691	13	147
7	9066573	9	53
7	90884048	11	142
7	91188891	86	56
7	91418991	76	69
7	9146672	5	47
7	91572268	28	165
7	92156232	95	186
7	92156510	97	147
7	92156737	99	175
7	92156770	110	158
7	92730394	15	272
7	92730453	15	298
7	92730594	21	310
7	92730632	25	297
7	92730758	22	272
7	92730888	10	302
7	92730995	10	290
7	92731157	15	307
7	92731953	12	278
7	92731983	14	296
7	92898351	8	281
7	93169268	19	247
7	93419685	16	319
7	93477902	17	231
7	93588998	23	269
7	93890934	11	290
7	94928655	19	107
7	9510032	10	46
7	95181861	8	71
7	95479193	13	171
7	95534736	9	138
7	96355297	31	49
7	96989734	32	42
7	9851847	5	64
7	99091192	15	70
7	9917818	8	40
7	9951106	6	39
7	99566041	7	49
7	99671153	32	52
8	101927447	20	138
8	101973412	11	135
8	102629421	16	134
8	102885040	15	123
8	103009929	4	137
8	103132665	20	153
8	104726336	8	78
8	104830155	12	77
8	105339814	6	96
8	105448721	8	93
8	105586462	63	69
8	105720732	17	105
8	105959026	8	118
8	105959056	9	131
8	106091310	6	101
8	106380364	16	116
8	107135117	8	134
8	107256867	12	145
8	107313501	11	81
8	107403349	12	123
8	107813938	12	138
8	107905586	10	134
8	108323413	80	69
8	108338459	27	158
8	108458436	7	119
8	108568904	19	111
8	108607270	11	148
8	108772172	8	109
8	108884486	8	106
8	108968163	8	129
8	109146177	18	100
8	109544766	6	67
8	109659026	10	124
8	109843206	11	81
8	109990089	8	92
8	110418566	7	126
8	110689212	133	45
8	110974469	8	117
8	110994116	11	107
8	111062875	125	74
8	111211856	87	48
8	111222712	82	54
8	111257119	85	61
8	111261619	82	81
8	111261951	89	94
8	111277287	6	105
8	111329539	7	142
8	111367727	107	65
8	111454692	78	91
8	111454766	70	91
8	111455008	70	86
8	111455225	68	80
8	111480686	6	79
8	111626811	11	64
8	111769678	20	57
8	112096447	12	75
8	112102683	16	63
8	112464966	28	47
8	112582123	9	98
8	112889730	22	71
8	113350967	8	78
8	113383691	14	81
8	113676124	7	122
8	113691299	11	102
8	113691326	11	96
8	113691366	10	91
8	113691571	16	88
8	113691585	17	80
8	113691693	13	69
8	113743819	35	97
8	113774392	14	101
8	113785486	15	78
8	113788958	4	95
8	113789137	19	114
8	113789341	13	122
8	113789392	12	118
8	113934505	47	45
8	114247932	12	111
8	114247953	12	112
8	114248170	17	99
8	114249552	23	115
8	114250088	23	77
8	114357004	13	101
8	114357671	24	87
8	114360026	21	84
8	114486509	17	97
8	114534778	7	89
8	114629823	6	71
8	114948810	5	71
8	115059324	46	63
8	115239544	12	114
8	115259348	7	85
8	115476220	19	49
8	116707666	15	82
8	117936331	8	112
8	118072898	10	112
8	118073271	4	79
8	118073421	4	105
8	118214200	13	82
8	118281566	45	59
8	118663990	20	113
8	119544117	12	107
8	119844219	10	90
8	121353453	4	112
8	121361328	13	74
8	121722766	39	61
8	122205996	42	51
8	122772410	35	71
8	122905387	44	63
8	123042284	15	124
8	123065504	29	97
8	123192238	54	62
8	123790120	7	102
8	123790198	6	108
8	123790250	6	118
8	123790418	8	111
8	123796873	6	91
8	123796882	6	95
8	123811696	47	125
8	123811699	46	124
8	123811795	62	136
8	123812093	92	129
8	123812383	87	104
8	123812486	82	113
8	123812509	80	115
8	123812855	86	104
8	123813127	61	85
8	123813299	82	93
8	123813357	76	100
8	123813389	81	101
8	123813429	85	102
8	124149603	15	202
8	124989035	16	229
8	124990521	10	194
8	124990809	13	212
8	124991006	14	178
8	124991155	12	214
8	125188225	7	198
8	125304678	7	205
8	125305509	7	218
8	125343571	10	230
8	125494712	14	185
8	125560153	5	217
8	125675157	9	191
8	125818579	11	211
8	125818708	8	178
8	125888633	31	170
8	125923153	14	242
8	126002958	6	168
8	126016686	116	44
8	126086778	182	65
8	126119996	30	203
8	126391785	6	280
8	126393510	10	266
8	126583176	7	186
8	126596486	27	185
8	126753657	156	65
8	126798165	138	45
8	126870506	10	123
8	127040137	9	236
8	127082458	28	1117
8	127082459	28	1134
8	127083100	334	742
8	127089280	78	667
8	127092336	32	827
8	127092471	28	823
8	127093316	28	717
8	127093454	27	658
8	127093456	27	673
8	127093513	35	700
8	127093974	35	773
8	127094042	39	701
8	127094086	40	709
8	127094867	24	689
8	127095562	35	813
8	127095695	40	792
8	127095932	21	818
8	127110865	627	68
8	127122886	29	825
8	127123348	22	764
8	127126103	16	818
8	127126663	16	866
8	127128651	20	733
8	127128758	27	836
8	127129744	23	748
8	127130191	21	541
8	127130857	15	545
8	127130929	15	562
8	127133934	16	449
8	127196346	25	358
8	127225737	36	380
8	127429408	16	416
8	127786032	87	369
8	127786141	83	369
8	127864963	81	411
8	127864999	87	394
8	127875787	36	410
8	127875918	35	382
8	127876062	42	416
8	127876144	41	378
8	127876396	33	360
8	127876464	42	345
8	127876585	43	342
8	127876882	62	375
8	127876946	62	371
8	127877016	49	372
8	127877190	51	421
8	127877207	54	429
8	127877326	45	422
8	127877355	42	433
8	127877541	39	407
8	127877605	39	379
8	127877745	43	390
8	127877976	31	405
8	127920387	50	479
8	127929116	12	408
8	127954870	9	464
8	127970142	7	409
8	127993770	12	439
8	127993808	11	426
8	127994111	14	422
8	127994969	10	412
8	127995105	7	421
8	127995198	10	430
8	128748216	6	42
8	129270116	5	85
8	129286676	34	53
8	129733331	6	90
8	130098120	16	66
8	130781121	8	84
8	130933473	8	71
8	131021535	35	78
8	131139847	32	62
8	131191025	12	71
8	131516486	14	87
8	131559532	11	68
8	131640849	13	40
8	132158808	14	78
8	132718264	14	68
8	132923390	10	95
8	133227469	27	74
8	134215019	11	62
8	134530961	7	97
8	134905009	34	58
8	135086424	19	56
8	135163093	22	48
8	135887965	23	48
8	13605851	6	28
8	136698366	20	23
8	137051851	7	72
8	137114991	17	58
8	137523584	19	73
8	137567041	24	15
8	137747738	15	73
8	137755631	38	54
8	137815753	9	47
8	137949695	3	76
8	138288087	17	49
8	138438385	11	47
8	138438859	10	68
8	138895512	8	74
8	139097491	20	74
8	139443825	19	66
8	140902932	10	84
8	140902942	11	77
8	141740183	26	64
8	142247310	33	83
8	14297124	9	47
8	143242952	15	69
8	14374995	4	41
8	143999177	12	76
8	144295319	21	50
8	14448056	5	27
8	14836859	4	37
8	15040468	10	36
8	15319971	13	40
8	16949110	8	35
8	17758734	9	44
8	19182421	8	41
8	19337679	12	42
8	2368432	5	27
8	25691584	4	32
8	25978786	6	50
8	31290859	9	45
8	31352610	11	51
8	31641194	14	50
8	31777064	12	38
8	32297448	22	42
8	32656035	6	72
8	3316689	5	37
8	33431793	7	57
8	33443082	33	49
8	33654608	42	56
8	33940105	31	39
8	33952559	25	48
8	34238821	8	72
8	34425497	15	31
8	34551643	18	52
8	35021654	29	50
8	35492109	23	40
8	35768895	27	45
8	36316342	9	66
8	37089332	36	60
8	37228792	31	57
8	3799353	7	13
8	38160024	9	78
8	38745002	7	77
8	38745425	11	73
8	39068499	2	64
8	39448715	17	54
8	3981516	5	36
8	40210980	9	115
8	41059305	44	35
8	41142382	7	110
8	42235960	59	58
8	42634426	17	99
8	43741734	7	84
8	44336633	7	150
8	44968612	15	124
8	45980534	11	65
8	46061447	21	64
8	46184021	46	56
8	46318447	9	73
8	46358973	44	53
8	46538204	7	68
8	46709561	27	66
8	47273024	13	86
8	47278278	6	93
8	47692966	12	84
8	4852191	9	46
8	49155319	9	77
8	49421111	13	81
8	49867727	41	74
8	50137827	26	76
8	50176247	39	57
8	50207969	7	53
8	5042681	6	40
8	51413707	12	54
8	51544702	5	76
8	52788534	41	14
8	53078629	39	58
8	53817450	19	83
8	54091544	18	72
8	54229583	7	103
8	54333135	45	64
8	54404458	23	84
8	54573346	40	57
8	54844977	24	74
8	55616207	37	77
8	56254015	9	78
8	56478212	43	56
8	57721244	16	82
8	57915490	11	97
8	58554930	9	117
8	58716581	12	64
8	58746018	8	91
8	58856583	3	83
8	59118226	7	96
8	59396837	11	72
8	59491998	6	81
8	59588210	7	80
8	59602609	17	78
8	603589	12	40
8	61408121	7	78
8	61484125	14	71
8	62165057	24	91
8	62335555	8	76
8	62560571	33	62
8	62674537	6	90
8	6317218	12	46
8	63449738	7	81
8	63584605	28	72
8	64014996	7	67
8	64127400	23	31
8	64272784	22	59
8	64300478	11	88
8	64305084	34	53
8	64305085	34	51
8	64611907	7	89
8	66548747	17	72
8	67550649	41	53
8	67715949	44	61
8	67717122	42	62
8	68118210	9	110
8	68253210	9	65
8	68347987	10	91
8	68408474	8	87
8	68729891	15	65
8	68731968	27	76
8	68739122	21	68
8	69126803	8	86
8	69246257	26	42
8	69811903	4	110
8	69811942	4	107
8	70045993	19	78
8	70613149	42	66
8	71015851	25	49
8	71551970	5	104
8	72286714	16	125
8	72357308	41	44
8	72359644	39	60
8	72747212	8	81
8	72766429	35	50
8	72956472	5	87
8	73662451	16	73
8	75045172	43	53
8	75112471	6	71
8	75112472	6	71
8	75112473	6	73
8	75894561	12	74
8	75935885	15	79
8	76075556	30	44
8	76343014	7	86
8	76452663	6	72
8	76460108	6	91
8	76508473	6	82
8	76533877	34	43
8	76750038	7	84
8	76784478	19	78
8	76784489	18	76
8	76784759	16	66
8	77025134	26	56
8	77025135	26	58
8	77074749	13	63
8	77280593	26	73
8	77351275	25	85
8	77889562	18	58
8	78221445	7	90
8	78307224	40	56
8	78562007	8	96
8	78933439	11	82
8	79193376	12	82
8	79434287	7	77
8	80286700	23	65
8	82247026	9	80
8	82247036	7	76
8	82247038	8	73
8	82408848	8	75
8	82556061	16	76
8	82582196	6	83
8	82596521	15	68
8	82806393	21	77
8	82976301	20	67
8	83280617	41	71
8	83511455	34	60
8	84005557	37	55
8	84007317	8	80
8	84240702	29	62
8	84368813	28	68
8	84382931	5	90
8	84476021	6	79
8	84955842	30	58
8	85281687	11	88
8	85507415	50	65
8	85845956	10	74
8	85880453	5	78
8	85904333	10	102
8	86018427	17	80
8	86187977	17	99
8	87018919	9	90
8	87103600	21	98
8	87427256	39	51
8	88005461	13	75
8	88110601	23	56
8	88537838	46	59
8	88651672	12	81
8	88900160	32	57
8	88930767	7	91
8	90757815	9	66
8	91053200	43	58
8	91408426	44	63
8	91726081	40	45
8	92023660	5	91
8	92029732	40	57
8	92063479	12	86
8	92764497	9	101
8	92827290	13	70
8	92830485	7	80
8	93017747	8	104
8	93954993	21	89
8	94203535	33	77
8	94693597	35	68
8	94891488	8	85
8	94948296	12	102
8	96134413	36	68
8	96597044	16	105
8	97309124	21	65
8	97375965	24	103
8	97456349	21	80
8	97565591	51	71
8	98787958	6	99
8	99438041	9	81
8	99654037	23	52
9	10012627	20	42
9	100366668	10	60
9	100854192	13	54
9	10169515	9	44
9	10285642	9	28
9	103201448	7	54
9	103252011	10	55
9	103355194	8	79
9	103412608	9	64
9	103743207	9	78
9	103987089	20	57
9	105106618	7	65
9	106166711	10	39
9	107226014	4	46
9	10723151	5	47
9	107834347	19	48
9	108571306	9	62
9	111068752	14	53
9	111578001	12	67
9	112214746	16	48
9	112361858	8	66
9	11244163	14	45
9	112671920	8	72
9	11433032	11	39
9	115086325	8	71
9	115254166	10	75
9	116082758	7	59
9	116826706	19	71
9	11689187	5	55
9	116982561	8	64
9	117763172	7	55
9	119259178	13	62
9	119338863	12	29
9	119842983	26	54
9	12002013	11	58
9	120432722	14	67
9	121441655	11	86
9	122002363	26	54
9	12273903	6	54
9	12315302	16	49
9	12353526	9	52
9	124534032	18	49
9	126741857	11	58
9	128278768	7	56
9	129139325	20	56
9	129544013	7	66
9	131054671	5	43
9	132075058	5	74
9	132411303	11	53
9	132486893	16	59
9	132809890	12	65
9	134193745	12	69
9	134487921	5	56
9	134666641	11	78
9	135488063	12	51
9	136103884	27	44
9	136806171	10	71
9	136807110	5	78
9	136959820	11	64
9	136969097	13	57
9	137662813	7	52
9	137898682	13	39
9	138147879	5	20
9	14477861	10	59
9	14714835	16	73
9	14732479	11	72
9	16037469	8	69
9	16256359	7	86
9	16504009	11	33
9	1667973	8	65
9	16902655	10	57
9	18529573	7	63
9	18558442	10	70
9	18616092	17	57
9	2009389	11	43
9	20483244	19	52
9	20884362	23	60
9	23448716	23	48
9	2379567	7	69
9	24139252	24	50
9	24434841	4	44
9	24992275	8	67
9	24995952	6	57
9	25080992	6	44
9	25354862	12	54
9	2548688	9	64
9	25533178	16	46
9	25748962	9	63
9	26038468	8	45
9	26115415	16	46
9	27739102	23	32
9	27879236	5	51
9	28043200	13	38
9	28349603	18	61
9	28617262	10	46
9	29080694	6	52
9	29862495	15	47
9	29896314	24	44
9	30459732	4	40
9	30593445	3	60
9	31027490	15	55
9	31047987	13	51
9	31908784	6	70
9	32023653	9	51
9	32192978	5	59
9	32276459	5	51
9	32712337	7	59
9	32879903	11	69
9	33192041	11	54
9	33431341	34	60
9	33545320	14	69
9	3559838	11	45
9	3607296	7	41
9	36330647	15	50
9	37391614	12	54
9	37476150	27	51
9	3765480	8	64
9	38401660	10	68
9	39046042	18	169
9	39124350	5	49
9	40731150	16	46
9	4218560	10	71
9	4218566	11	68
9	42393571	9	106
9	42480599	18	99
9	42985505	6	55
9	43134073	8	46
9	43208855	9	47
9	44918186	3	25
9	61230535	19	44
9	63707236	15	55
9	64976817	12	48
9	65501562	19	44
9	65711508	7	58
9	67397978	7	81
9	6754206	9	52
9	68554986	12	46
9	68557593	10	59
9	70692362	21	53
9	70869128	15	64
9	71767128	30	64
9	71973933	13	57
9	71988310	11	62
9	72264334	9	63
9	73319343	10	63
9	73491797	17	43
9	73832595	17	59
9	75119968	7	67
9	75158810	8	51
9	75158811	8	49
9	75406550	6	43
9	75438144	11	62
9	75792028	11	56
9	76367155	13	82
9	76692112	29	68
9	77051107	35	69
9	77394140	14	75
9	77863602	8	92
9	78034537	22	79
9	78765380	22	71
9	78895443	34	42
9	79478593	38	93
9	79887391	13	69
9	8005837	6	54
9	80067996	9	83
9	80180357	43	64
9	81527799	6	121
9	81710480	5	21
9	82415333	6	99
9	82439924	6	97
9	82817467	44	79
9	83035467	5	102
9	83036056	10	99
9	83037121	13	74
9	83064164	10	82
9	8352589	11	52
9	8384551	16	43
9	84435825	15	97
9	85076071	9	91
9	8542219	6	50
9	85566157	41	83
9	8572571	9	64
9	85780171	7	73
9	85958909	13	70
9	86054904	11	78
9	86347924	11	89
9	8644211	5	39
9	86731054	32	45
9	86732386	3	99
9	86915546	8	98
9	87456898	25	63
9	87457724	6	105
9	87715823	12	79
9	87956782	7	103
9	88015252	21	53
9	88339785	9	80
9	8858666	13	65
9	88889352	11	97
9	89265068	13	81
9	89323071	21	87
9	8987811	10	61
9	90693365	5	80
9	9088607	7	28
9	9130481	9	60
9	91919590	7	62
9	91948563	33	78
9	9274080	21	45
9	9333075	5	60
9	93584241	69	68
9	93744080	13	87
9	94420149	13	100
9	94473853	6	101
9	9476460	9	53
9	94994248	29	64
9	95010512	5	75
9	95607603	10	62
9	9579848	19	44
9	97059959	23	45
9	98221165	16	70
9	98275297	10	79
9	98489572	16	56
9	9952619	19	66
9	99658005	8	63
9	99791138	6	48
9	99852038	14	68
10	101299268	17	68
10	10300998	5	64
10	10334932	20	49
10	105083297	7	57
10	105508103	15	39
10	106025514	7	38
10	106071640	10	44
10	106370170	17	32
10	106434270	4	50
10	106752319	15	40
10	107219966	12	42
10	10727927	14	73
10	107422133	7	60
10	107928335	25	40
10	108052885	5	35
10	109509205	19	37
10	110001204	18	44
10	110527457	23	49
10	11112881	27	54
10	111132500	12	45
10	11201148	12	69
10	112338421	9	58
10	113046600	8	44
10	113933026	17	55
10	11508907	11	71
10	115362530	18	41
10	115482848	5	31
10	115621282	9	23
10	115745720	11	61
10	116050006	16	43
10	11641543	5	67
10	116440283	10	43
10	117481616	21	39
10	117824382	12	46
10	118053720	16	54
10	120621748	10	50
10	121296142	8	55
10	122944565	10	59
10	123395447	23	37
10	123549870	18	42
10	123864797	22	39
10	125323197	8	58
10	127541274	12	42
10	12879938	9	80
10	12912016	15	60
10	129759113	23	40
10	13055860	12	66
10	130600864	6	38
10	131598371	14	15
10	13520039	7	63
10	14226106	12	61
10	14366179	21	42
10	16231869	8	57
10	17336256	16	52
10	18442350	11	59
10	18493215	12	63
10	19038984	5	59
10	19274102	9	62
10	1935965	18	36
10	19487555	12	26
10	20098104	10	56
10	20250667	6	54
10	20351826	11	43
10	20557692	26	53
10	20975126	10	49
10	21130453	19	54
10	22341148	21	52
10	22427936	15	61
10	23527316	10	79
10	23632016	17	45
10	23769815	9	54
10	24017963	3	70
10	24104339	13	56
10	25649699	11	62
10	25723506	4	57
10	25786779	11	64
10	26157837	7	49
10	26470411	9	63
10	2780349	22	54
10	2898764	10	61
10	29745980	12	48
10	29775183	13	60
10	31095765	26	50
10	32362550	14	61
10	32782430	5	73
10	3285002	14	67
10	33967963	12	63
10	34765756	8	61
10	35023339	7	48
10	35557882	17	57
10	36016078	7	54
10	36017994	15	37
10	36476172	24	54
10	36985587	7	69
10	37027938	5	44
10	37027939	5	45
10	37125290	3	65
10	37350327	23	50
10	37735095	8	54
10	37822658	13	51
10	37963848	29	59
10	38105397	14	49
10	38143426	4	45
10	38621362	6	52
10	38935790	12	37
10	39207528	17	51
10	39453814	18	24
10	41749590	15	75
10	41832291	7	69
10	42102397	14	94
10	42321457	11	79
10	42432589	50	52
10	4249533	2	23
10	42809590	10	81
10	42834287	12	87
10	44093366	9	57
10	44093367	9	56
10	44572137	12	49
10	44987093	10	72
10	45835064	17	56
10	45928601	10	58
10	4595829	17	68
10	46648687	12	141
10	47336110	22	63
10	47356105	15	72
10	48474663	5	45
10	48670353	5	60
10	49121493	9	64
10	49704854	11	60
10	50256362	24	52
10	51871658	15	79
10	52501983	9	47
10	52511721	6	28
10	52802178	21	47
10	53030134	12	70
10	53132022	12	59
10	53725011	14	52
10	54005035	18	45
10	54459916	8	45
10	54574033	8	61
10	54665709	7	69
10	54822112	6	62
10	54846368	17	55
10	55226628	15	58
10	55325456	10	56
10	55715944	22	45
10	56368892	12	39
10	56531342	11	46
10	57258821	7	52
10	57664281	18	44
10	57812895	10	36
10	59783479	7	41
10	60751297	25	37
10	61993128	28	46
10	63077622	13	53
10	63886656	14	52
10	66719819	13	50
10	67081243	17	33
10	67762383	17	45
10	68745664	14	35
10	69542588	22	32
10	69956401	29	42
10	70741036	11	58
10	71223071	11	67
10	71274518	26	57
10	71510808	18	51
10	72675234	10	53
10	75124938	11	45
10	75154852	22	45
10	75190844	14	53
10	75655783	17	48
10	78233303	18	47
10	78521796	3	74
10	78666521	19	49
10	80459061	42	53
10	8055916	9	56
10	81614714	19	40
10	83445326	6	47
10	85132448	15	30
10	86574579	11	39
10	86863854	13	36
10	87015005	8	48
10	88208579	12	35
10	88407115	22	42
10	88431235	13	33
10	90282370	7	62
10	903729	12	44
10	91032489	26	55
10	91880540	4	63
10	92163290	13	55
10	93202185	10	40
10	9495509	14	54
10	95005721	13	31
10	9529137	8	81
10	95694423	10	56
10	96098569	9	52
10	9644290	18	49
10	9747487	17	46
10	9857520	5	47
11	100076504	7	64
11	100322347	14	52
11	100489795	13	63
11	100992627	5	61
11	101375151	18	55
11	101680216	11	68
11	101805854	24	46
11	102576522	19	43
11	103249006	3	70
11	103253536	4	51
11	103260393	5	75
11	104215401	7	51
11	104223910	7	65
11	104294748	9	59
11	104422075	18	48
11	104590314	13	68
11	104917120	12	45
11	104935843	23	44
11	105040833	7	69
11	10504582	16	72
11	105184863	10	59
11	105996453	4	78
11	10615309	13	54
11	108731524	10	70
11	108997939	13	58
11	109439640	6	44
11	109614105	7	78
11	109963584	8	62
11	110487346	4	67
11	110775602	14	55
11	111110439	10	74
11	111110440	10	72
11	111110441	10	73
11	11227823	8	55
11	112606367	9	56
11	113022534	6	55
11	113425367	14	46
11	11439986	12	62
11	114619646	5	61
11	115541178	10	71
11	116344895	10	61
11	116401251	9	49
11	11647986	11	57
11	11670478	10	36
11	116729847	10	63
11	118050926	26	71
11	118390281	15	38
11	118644661	29	52
11	119788756	11	75
11	119903677	33	43
11	120554348	5	67
11	122143244	10	65
11	12221349	9	59
11	123233058	13	51
11	123582235	18	63
11	124145351	16	53
11	124163902	4	62
11	125445533	10	64
11	1255577	3	51
11	126124256	15	39
11	126939975	12	59
11	127300172	15	58
11	127506394	11	47
11	127529347	23	66
11	127573551	22	43
11	127696806	5	59
11	128172579	22	61
11	128242136	10	47
11	128380845	9	50
11	130237032	7	71
11	130255189	12	52
11	13085014	12	47
11	130884010	14	57
11	131245786	4	64
11	131771578	8	55
11	131778065	25	41
11	132231392	21	53
11	132377558	11	59
11	132404768	12	64
11	132416445	13	74
11	133136615	7	69
11	133454063	11	63
11	133519586	10	72
11	133519587	11	71
11	133595001	14	61
11	133601952	16	57
11	135059735	6	58
11	135065149	6	63
11	135065977	3	58
11	14018287	9	55
11	1404978	14	39
11	14137456	9	47
11	14557494	3	53
11	14557498	3	59
11	14580905	12	39
11	15230245	5	36
11	15568685	8	53
11	15641317	7	67
11	16823072	11	58
11	17562052	9	32
11	18545400	13	35
11	19040356	13	46
11	19405808	7	60
11	20597771	10	50
11	20947423	9	44
11	20979054	16	41
11	21280277	7	44
11	21340432	14	50
11	21361304	6	41
11	21881719	9	42
11	21901347	8	63
11	22182057	7	38
11	22535544	8	52
11	22576027	5	52
11	23042961	14	50
11	23747053	6	56
11	23822246	6	53
11	24455582	13	37
11	24743045	5	59
11	25773698	18	37
11	25991409	15	58
11	26060478	6	50
11	26501768	12	66
11	26536147	4	59
11	26908646	31	40
11	27093960	13	54
11	27729364	13	61
11	28091495	10	66
11	29568064	9	54
11	29871116	13	57
11	30935788	13	72
11	31110980	18	42
11	31926804	26	49
11	32060770	7	67
11	32249040	22	52
11	36651403	13	60
11	36730177	11	78
11	37075976	14	74
11	37747735	7	49
11	38058331	32	45
11	38579501	8	44
11	38724300	23	45
11	38730927	27	53
11	39155034	11	47
11	39694479	19	39
11	40056080	21	54
11	40196487	8	67
11	40401204	5	67
11	40747871	17	45
11	41095763	7	62
11	41099214	17	53
11	41390694	4	67
11	42008890	8	58
11	42261945	6	52
11	42274106	7	53
11	42283554	14	45
11	42424753	12	50
11	42518005	10	60
11	42935750	15	60
11	43037216	24	49
11	45524355	16	65
11	46123597	9	73
11	4720142	13	56
11	47339187	13	53
11	48313130	5	58
11	49586108	20	37
11	49761451	23	55
11	49826409	12	59
11	50258039	16	43
11	50279344	16	64
11	50547826	9	62
11	50650070	16	54
11	50699253	16	44
11	50766060	17	49
11	52058495	5	123
11	5237921	9	69
11	52945767	19	36
11	5358514	9	60
11	53824022	3	11
11	54579328	5	51
11	54840847	4	47
11	55003748	12	60
11	55178817	13	42
11	55222565	21	35
11	55236560	4	51
11	55266508	3	44
11	55721680	9	55
11	56109086	12	42
11	56123777	6	45
11	56123778	6	46
11	57006681	12	67
11	57600292	10	63
11	57688533	14	52
11	58436022	7	38
11	58887430	7	52
11	59287828	20	51
11	59889838	9	47
11	59900997	8	57
11	60073497	15	46
11	60131643	10	53
11	60322410	5	60
11	60614594	11	55
11	60719143	3	47
11	61346512	19	46
11	62828885	5	70
11	64141524	11	53
11	64284683	14	58
11	64440897	8	55
11	6454215	16	42
11	64667081	8	62
11	64816109	11	47
11	64914382	12	67
11	66925647	14	55
11	67400368	5	64
11	67564956	10	42
11	68198998	10	72
11	70229171	11	60
11	70399605	10	40
11	70635922	11	64
11	71749704	6	48
11	72261825	8	64
11	73775517	11	38
11	74553388	6	63
11	74809231	11	64
11	75031672	17	70
11	75512783	19	50
11	75826103	9	72
11	76097073	11	65
11	76123345	19	55
11	76166310	10	55
11	76892123	10	59
11	77509607	11	61
11	77765381	10	45
11	79134830	14	75
11	79553565	14	55
11	79774843	15	56
11	80210591	19	43
11	80344931	17	44
11	80747673	6	67
11	81375467	8	50
11	81418700	19	55
11	81550450	8	45
11	81658613	7	57
11	82306687	19	60
11	82495952	11	64
11	83142934	4	66
11	83885466	12	55
11	84291425	7	38
11	84756086	19	40
11	85427421	10	55
11	85614331	8	64
11	86010604	16	57
11	87216428	8	45
11	87505784	12	41
11	87664928	8	68
11	87738482	4	52
11	88021312	23	55
11	88174933	17	47
11	88337335	12	50
11	88549152	22	57
11	88794071	7	76
11	89132641	17	42
11	89206089	7	56
11	89793800	4	53
11	90125943	6	50
11	90304094	10	51
11	90563360	5	59
11	90563361	4	62
11	90598064	9	52
11	90939985	16	58
11	91279282	7	57
11	91374387	5	45
11	91598071	12	47
11	91731065	9	50
11	92372721	6	58
11	92584479	14	65
11	92598232	9	49
11	93224584	11	72
11	94022736	11	66
11	94355040	9	73
11	94412517	15	47
11	94896113	29	62
11	95571207	23	58
11	96643675	12	63
11	96870798	12	56
11	97167226	11	54
11	97224926	21	45
11	97735167	8	54
11	97776598	6	69
11	98138270	8	62
11	98505511	9	31
11	98550871	18	45
11	98569086	9	63
11	98588869	10	50
11	99253037	17	52
11	99454025	8	65
12	100403586	25	48
12	100430551	12	78
12	100647757	20	50
12	100677596	27	61
12	100974887	7	93
12	101023008	13	65
12	101272487	6	72
12	101617353	41	44
12	102321236	6	60
12	102788534	10	56
12	103438990	12	53
12	103981352	7	61
12	104235056	7	68
12	10652259	23	49
12	106647304	6	82
12	106936816	26	39
12	107173226	12	75
12	107794916	18	50
12	108981196	6	62
12	109030548	7	66
12	109230668	11	68
12	109800044	28	58
12	110436530	7	61
12	111984256	9	53
12	112388493	6	58
12	114116260	17	62
12	114123384	7	69
12	114413275	23	50
12	114615271	13	53
12	115185317	8	60
12	11560830	25	51
12	11592382	19	64
12	118082786	3	59
12	118663301	10	62
12	118914040	25	47
12	119733246	9	43
12	120300654	9	53
12	12066721	8	45
12	121390600	11	56
12	121400893	13	69
12	122069331	5	66
12	123416404	14	47
12	123583709	10	68
12	125317531	27	60
12	125422992	19	47
12	125442791	13	55
12	125465229	23	37
12	125626834	19	46
12	125670533	11	53
12	126170719	7	25
12	126468165	30	43
12	126593815	8	58
12	12678792	22	65
12	127295757	5	72
12	127543193	10	58
12	127659917	16	62
12	127767369	7	69
12	127857723	29	58
12	127979056	8	61
12	128104087	15	49
12	128145395	10	58
12	128250720	12	64
12	128387711	13	57
12	128611909	17	41
12	128819125	5	77
12	128850552	6	66
12	129014067	18	37
12	129464756	17	40
12	129886422	12	52
12	129933296	11	70
12	130293669	21	48
12	130781040	20	60
12	131367454	22	38
12	132027621	17	58
12	132210037	20	56
12	132274039	10	54
12	132344457	11	64
12	132344459	11	61
12	132858323	2	69
12	133138781	15	64
12	14365192	20	55
12	1449147	28	53
12	14651472	30	47
12	1484862	15	67
12	16561139	7	47
12	17151916	26	36
12	18882443	50	80
12	18977937	9	107
12	18983076	5	104
12	19568591	38	107
12	2100601	7	78
12	21056343	9	96
12	21287495	8	104
12	21317488	5	77
12	21317900	10	94
12	21318874	7	97
12	21319388	10	113
12	21319535	5	106
12	21319721	7	99
12	21319789	8	103
12	21319985	4	91
12	21365250	30	91
12	21686725	22	102
12	21687073	15	59
12	21884292	8	71
12	22693062	44	64
12	22699257	17	73
12	22739377	9	102
12	22808344	29	44
12	23292372	6	62
12	23333340	6	82
12	23549312	11	56
12	23830986	10	67
12	23950852	31	42
12	24007121	4	24
12	24920095	6	57
12	24983151	20	50
12	25026876	9	60
12	25049537	5	74
12	25326606	9	80
12	26441870	11	74
12	26442484	12	88
12	26843208	13	71
12	28184208	27	54
12	28288123	30	52
12	28341657	17	66
12	28663746	21	49
12	28781842	35	69
12	28898133	8	89
12	30061249	10	87
12	30310439	9	68
12	3046787	32	80
12	30569592	25	76
12	31074229	5	86
12	31436920	6	71
12	32163763	6	72
12	32502916	5	81
12	32920728	7	75
12	33405113	9	51
12	33769547	20	48
12	34209381	11	64
12	34349850	37	50
12	34508644	20	55
12	34857949	3	25
12	35099398	12	106
12	37562739	6	57
12	37903772	8	71
12	38089389	22	44
12	38272061	13	73
12	38599822	25	27
12	39001511	32	61
12	39538748	12	69
12	39949908	7	72
12	40573729	28	62
12	40740734	32	59
12	40909214	23	37
12	41280267	6	87
12	41401558	24	61
12	42046384	23	55
12	42449224	13	72
12	44042835	10	58
12	45816853	11	57
12	46881827	9	79
12	47209301	8	80
12	47256478	9	73
12	47942637	3	60
12	51010133	10	65
12	5105240	12	59
12	52322606	14	82
12	53322939	9	87
12	53819970	9	67
12	54780088	7	52
12	56065768	29	15
12	5606858	13	76
12	56509132	10	53
12	56548316	30	46
12	56573778	10	66
12	57390011	23	50
12	57491900	18	68
12	57541476	9	89
12	5889348	12	81
12	58920553	13	71
12	59958423	12	58
12	60292267	21	51
12	60651090	5	59
12	60755123	8	59
12	61205549	28	50
12	61879656	23	37
12	6190125	15	59
12	62260141	19	73
12	62531015	35	60
12	63953593	2	71
12	66225453	15	42
12	66846545	10	84
12	67585524	34	47
12	6920373	13	37
12	69782574	9	78
12	70048832	11	79
12	70766836	17	71
12	71333979	30	41
12	71343378	9	69
12	71598729	8	67
12	72046282	33	48
12	72381648	29	50
12	72479228	4	64
12	73606060	18	69
12	73727766	5	52
12	73896121	25	50
12	74047614	13	62
12	74256503	8	53
12	744425	30	70
12	75078915	4	46
12	7576270	14	38
12	77286119	24	56
12	77713261	8	70
12	77869438	26	53
12	78380528	8	61
12	78531329	10	72
12	79207811	13	51
12	79386399	28	59
12	79406050	11	68
12	80138951	22	64
12	80897570	11	79
12	81704132	25	46
12	81867297	8	52
12	82115707	20	52
12	82189610	22	46
12	82533577	26	51
12	82695160	8	72
12	82940946	9	71
12	83224227	12	61
12	83242665	26	56
12	83400308	20	49
12	8354844	14	60
12	84078178	6	63
12	84104340	9	60
12	84725875	20	63
12	84916273	8	59
12	8495376	35	41
12	85006041	9	73
12	85303433	18	45
12	85954387	28	50
12	86046365	7	74
12	86075803	16	66
12	86164930	9	73
12	86647864	15	59
12	86821808	11	51
12	87143224	24	42
12	87386570	27	40
12	87509404	20	43
12	8765651	11	77
12	87923391	4	60
12	88018249	11	75
12	88443973	24	45
12	88885851	37	59
12	89507361	19	47
12	90567496	30	46
12	90662279	5	72
12	91233654	34	57
12	94027549	8	77
12	94120245	10	62
12	94425224	7	73
12	95584495	21	70
12	96205629	11	83
12	96782632	26	54
12	96976794	32	52
12	98305692	29	52
12	9904086	8	67
12	99170143	7	56
12	99260205	6	65
12	99739342	21	46
13	101132331	9	64
13	101212748	11	61
13	101315283	15	48
13	101592354	8	59
13	101612448	9	56
13	102059654	7	54
13	102261536	22	57
13	102530671	11	58
13	103638285	15	41
13	103885735	11	51
13	103885765	7	52
13	104254131	14	52
13	104651469	18	33
13	105303863	11	74
13	105788118	12	64
13	105876308	17	52
13	106038286	7	55
13	106490871	7	62
13	106815952	15	38
13	107132736	14	42
13	107184020	16	48
13	107676593	8	63
13	107859625	9	63
13	108284145	16	49
13	108286606	10	43
13	108383544	22	43
13	108443082	17	49
13	108531568	11	63
13	108545401	9	67
13	108809193	13	72
13	109441603	16	46
13	110506365	4	56
13	111087231	14	34
13	113418115	11	65
13	16326873	9	14
13	16330585	9	55
13	16415373	4	13
13	16491879	3	109
13	16640498	4	100
13	16781279	5	250
13	16880708	20	451
13	17363981	21	10
13	17504044	7	23
13	18017690	5	111
13	18283244	7	27
13	18475600	10	62
13	18564187	17	76
13	18949657	24	47
13	19238856	8	53
13	21688448	8	70
13	22193557	6	72
13	22217545	4	79
13	22611013	5	59
13	22783113	18	47
13	23227995	32	55
13	23502567	20	59
13	23917018	7	57
13	24857895	9	70
13	25859910	8	59
13	26243047	5	64
13	26423428	8	63
13	26480363	13	46
13	26977314	14	63
13	27910408	11	67
13	28045294	11	56
13	28145288	25	46
13	29854506	15	60
13	30928345	8	73
13	31517575	15	52
13	33519222	7	56
13	34143109	10	76
13	34492597	7	52
13	35409085	9	80
13	35906329	6	41
13	37037693	13	73
13	37113120	7	50
13	37305252	7	60
13	37390842	11	55
13	37465899	24	55
13	37547710	20	51
13	38277998	5	53
13	39135710	5	48
13	39475580	15	48
13	41018319	8	64
13	41686871	19	49
13	41786716	19	54
13	42135647	9	67
13	43668822	16	69
13	44431072	15	58
13	44974881	7	68
13	45682441	9	65
13	45946478	14	72
13	46533766	11	80
13	46809824	11	58
13	46840620	10	48
13	47498590	7	66
13	48192479	28	54
13	48436217	8	79
13	48604588	10	62
13	49257711	11	51
13	49294369	10	61
13	49459310	15	61
13	50134426	13	65
13	52214250	10	48
13	52550361	13	44
13	53264818	11	60
13	54343462	11	49
13	54556408	14	63
13	54609972	14	53
13	55101381	9	52
13	55231703	10	48
13	55250094	20	41
13	55382817	13	64
13	55409946	5	59
13	55435967	12	57
13	55716669	26	39
13	55730124	9	46
13	55770456	21	53
13	55802078	7	37
13	56126523	10	70
13	56227895	18	47
13	56482879	14	48
13	56825343	36	70
13	56903060	11	61
13	56993972	18	47
13	57617337	16	51
13	58221171	8	52
13	58709354	10	42
13	58795949	10	60
13	58823918	23	43
13	58930006	12	46
13	59049756	10	54
13	59344392	8	72
13	59770113	8	64
13	60361894	7	57
13	60398643	11	70
13	60862985	10	46
13	60905742	14	39
13	61075323	15	62
13	63050289	11	46
13	63311515	7	53
13	63706006	10	60
13	64578571	8	53
13	64783760	8	41
13	64977665	7	57
13	65268644	11	61
13	65442847	13	36
13	65673589	7	53
13	66421102	3	43
13	66473174	9	41
13	66665146	9	57
13	66814644	8	53
13	66984903	9	53
13	67106589	10	63
13	67381820	16	61
13	67517869	10	57
13	67589795	11	51
13	67590099	13	51
13	67620953	18	38
13	68005579	10	64
13	68433369	17	47
13	68830068	8	65
13	69133887	15	46
13	69310216	5	51
13	70726226	5	38
13	71182401	8	52
13	78170615	10	42
13	78170616	10	42
13	78391083	8	37
13	78995794	11	47
13	81851785	8	24
13	83872522	12	19
13	84113659	13	42
13	85156742	8	39
13	85816115	12	36
13	86703246	18	36
13	87424053	8	47
13	87778420	11	42
13	88831115	6	53
13	88971123	7	39
13	89965801	10	27
13	90157895	7	43
13	90629187	11	49
13	92819490	6	45
13	93596386	7	38
13	95413288	3	32
13	96348709	10	42
13	96570693	16	43
13	99406211	15	36
13	99639337	12	40
14	100715883	7	62
14	100896847	32	73
14	101597765	20	78
14	102411652	16	52
14	103652680	6	57
14	103885141	15	63
14	104396640	34	71
14	105049359	10	81
14	18524512	32	54
14	20605022	14	82
14	20616345	22	88
14	20732694	18	68
14	22138881	24	64
14	22273594	28	73
14	22310905	40	61
14	22398507	12	87
14	23653020	37	56
14	24104507	16	69
14	24868123	22	62
14	25077207	11	93
14	25739973	22	69
14	25783912	13	104
14	26445940	13	49
14	26512156	12	68
14	26696882	7	74
14	26835487	11	71
14	27134667	10	72
14	27313891	7	79
14	27616371	5	78
14	27998182	7	57
14	28151842	26	44
14	28428675	15	85
14	28683094	20	71
14	28877376	20	66
14	28918322	6	62
14	31043663	9	77
14	31193886	23	90
14	31205392	29	55
14	31798855	11	69
14	32357652	20	73
14	32432819	21	71
14	32943700	4	86
14	32944141	8	67
14	33632720	6	84
14	34232429	21	63
14	34460008	19	76
14	35558316	8	68
14	35894300	20	47
14	36026111	10	53
14	36139555	18	66
14	36235798	8	89
14	37042234	10	74
14	37507983	16	62
14	37590029	17	82
14	39696361	24	51
14	39807065	13	58
14	40147885	4	37
14	40396025	24	69
14	40627217	9	75
14	40712495	6	67
14	40832671	9	81
14	40862822	25	62
14	40933320	10	58
14	41064087	26	55
14	41182044	5	21
14	41862866	5	73
14	42254044	11	55
14	42341352	10	56
14	42401195	15	63
14	42904637	28	53
14	42970647	8	93
14	43327964	12	82
14	43580083	13	62
14	43890339	13	52
14	43992836	7	68
14	44075504	35	63
14	44242077	13	51
14	44399472	10	77
14	44696819	7	79
14	45290558	7	80
14	46214233	15	62
14	46232212	15	73
14	46694848	27	60
14	46956921	10	79
14	47318069	24	64
14	47458872	6	55
14	48258597	16	66
14	48293287	19	49
14	48743079	40	64
14	48918112	8	69
14	49070863	24	65
14	49124746	5	68
14	50504315	9	75
14	51180057	4	66
14	52389452	16	69
14	52495887	28	66
14	52797054	11	61
14	53217272	20	72
14	53606229	9	74
14	53888247	20	60
14	54029371	21	77
14	55580234	19	64
14	55882081	12	79
14	57337080	24	43
14	58026337	10	73
14	59375374	17	73
14	60985645	5	93
14	60998237	18	76
14	62441415	13	76
14	62503905	15	71
14	62754839	12	60
14	63493903	30	78
14	63560027	14	81
14	63590232	13	44
14	63911380	11	78
14	64100327	24	45
14	64447530	5	58
14	67415795	22	53
14	67897200	39	70
14	68335311	13	62
14	72004294	10	88
14	72137974	12	87
14	72208627	29	70
14	72328680	24	46
14	72562990	14	77
14	72581168	17	87
14	72945342	7	76
14	74333377	3	80
14	74855229	18	87
14	75396873	22	77
14	75488609	14	70
14	75911807	11	89
14	76137741	9	76
14	76624141	33	51
14	76789349	34	55
14	76984854	27	67
14	78723013	22	73
14	79020679	17	64
14	79482449	7	85
14	80413093	20	56
14	80837923	31	78
14	81615591	13	87
14	82318565	12	61
14	82441517	8	82
14	82707266	8	61
14	82776689	15	79
14	82907512	18	70
14	83082061	22	70
14	83526945	11	63
14	83680222	21	51
14	83941170	26	50
14	84349381	5	61
14	84708144	10	77
14	84930621	8	59
14	85401152	29	76
14	85546227	15	56
14	85704130	21	41
14	85706521	10	80
14	85709208	25	66
14	85766329	9	69
14	86093833	9	63
14	87245727	26	54
14	87316753	6	87
14	87379884	10	71
14	87490289	8	62
14	87901117	29	73
14	88111973	32	74
14	88145132	13	105
14	88631215	8	84
14	89181411	29	56
14	90498249	9	82
14	91190575	12	73
14	95832072	13	85
14	96408869	8	76
14	97579659	11	70
14	97812905	16	69
14	98120385	4	72
14	99427772	16	87
15	101730097	8	61
15	17024141	12	55
15	17393841	9	54
15	17753465	7	127
15	19424590	17	104
15	19859938	17	52
15	20191272	13	155
15	21474065	13	96
15	22927479	12	39
15	24619165	8	53
15	24696612	11	49
15	24844161	9	51
15	25620178	12	68
15	26017646	10	57
15	26056201	14	60
15	26314179	10	52
15	26580553	7	65
15	27104675	14	75
15	27219643	13	68
15	33265978	14	55
15	34169896	7	51
15	34778988	4	77
15	34853198	11	69
15	35878914	18	56
15	36567872	10	45
15	36962403	11	68
15	37141861	15	69
15	37527007	16	50
15	38119593	5	66
15	38251946	10	55
15	39632661	11	56
15	40028093	8	53
15	42613906	9	57
15	45014183	6	69
15	45565274	18	56
15	46424440	18	73
15	46910719	5	42
15	47082494	14	57
15	47197832	11	56
15	47706631	4	52
15	47934818	7	52
15	48268785	6	50
15	48301503	10	51
15	49192281	7	37
15	49703667	5	41
15	51792965	6	62
15	52016508	12	72
15	53200374	10	45
15	53702072	15	41
15	54406955	4	45
15	54462575	14	40
15	54654362	11	66
15	55597928	3	34
15	56566656	12	53
15	57960553	11	63
15	58726478	19	61
15	59760935	13	37
15	59993263	13	76
15	60423723	11	58
15	61030041	23	53
15	61253001	12	48
15	62697963	12	80
15	63835819	8	81
15	64345248	11	74
15	64541365	5	37
15	64882144	6	77
15	65468594	19	40
15	65498761	13	54
15	65498762	12	55
15	67030652	22	54
15	68314873	10	68
15	68843999	7	50
15	69419560	10	73
15	69671454	20	67
15	70182170	26	62
15	70191062	13	75
15	70291932	10	64
15	70549191	8	56
15	70810646	23	57
15	71048292	14	66
15	71605439	20	50
15	72544028	7	46
15	72935068	11	56
15	73156793	8	67
15	74403718	13	65
15	74440661	21	49
15	77378408	9	65
15	77419516	6	54
15	78841789	6	52
15	78900890	5	84
15	82073357	15	64
15	82244242	6	52
15	82284690	7	52
15	82711909	10	56
15	84164005	5	52
15	84915961	10	59
15	85156280	13	74
15	85849695	10	67
15	86152373	11	62
15	87346340	6	60
15	87802562	17	51
15	88111635	7	48
15	88181704	14	63
15	88358599	17	55
15	88384076	7	74
15	88423192	18	62
15	88762568	15	47
15	90019191	17	51
15	90668029	10	64
15	91308308	7	73
15	91651399	6	57
15	91690127	13	55
15	91834231	14	52
15	93065939	18	71
15	94577362	11	54
15	95117718	14	58
15	95413985	15	78
15	96541257	5	69
15	96750790	13	54
15	96870191	10	62
15	96955284	5	60
15	97211100	5	54
15	97245197	16	51
15	97335271	18	53
15	97485424	8	48
15	97833103	11	49
15	97833113	10	45
15	98153254	8	45
15	99342260	9	69
15	99742584	22	55
16	1003582	23	73
16	10387328	29	63
16	10393775	16	57
16	12766260	16	40
16	13160661	24	57
16	13433850	10	82
16	13565393	25	70
16	13591591	11	60
16	13996227	8	63
16	17041318	7	60
16	17547991	17	50
16	17579109	6	67
16	17999615	14	61
16	18566109	10	43
16	18974182	12	52
16	19361217	9	37
16	20273605	11	42
16	20537684	24	32
16	22618720	6	101
16	2280573	36	75
16	23171355	13	60
16	23537955	17	60
16	23565514	5	69
16	23813527	11	45
16	24528915	20	47
16	25435621	14	74
16	26601011	8	68
16	26628362	7	57
16	26889622	14	42
16	26991678	20	49
16	2781176	24	61
16	28544389	20	65
16	29058641	10	58
16	30414628	19	49
16	30437352	10	72
16	30831828	24	38
16	30894542	24	74
16	31073092	9	64
16	33701273	25	43
16	33871580	7	34
16	34589247	24	25
16	34659377	18	33
16	34716379	21	20
16	35318936	34	50
16	35366048	28	40
16	35688402	17	60
16	36134266	23	39
16	36191299	23	37
16	4581202	6	18
16	4913301	16	87
16	4995038	19	81
16	51615097	24	43
16	51666361	17	50
16	5409106	7	98
16	54395682	12	83
16	54442867	31	73
16	54533988	7	62
16	54861651	7	61
16	55377903	9	77
16	5779366	19	89
16	58045566	15	84
16	58952443	7	48
16	58985942	15	50
16	59273353	22	40
16	59543545	11	45
16	59779177	41	35
16	59807422	6	62
16	60066408	25	35
16	60898968	20	33
16	60968252	10	42
16	6100162	8	80
16	61526921	13	49
16	61816708	8	76
16	6193079	14	47
16	62144197	9	49
16	62478140	9	78
16	62501569	11	55
16	62660527	13	72
16	6331545	18	39
16	63735013	16	81
16	63832247	8	68
16	63891852	10	96
16	64200171	8	71
16	64625007	23	72
16	64778080	17	52
16	64813649	9	65
16	65083121	5	86
16	6539411	27	68
16	65694394	15	73
16	65859509	26	58
16	6669271	19	75
16	66773879	18	57
16	68367459	15	78
16	6908710	11	77
16	6915130	48	76
16	7009546	36	59
16	70644415	24	47
16	71056864	21	70
16	7128110	12	83
16	71389787	26	77
16	71948166	16	73
16	72005574	14	94
16	72663987	17	84
16	72682572	30	57
16	72980525	16	96
16	7334303	8	78
16	73500031	14	65
16	73760768	23	38
16	74120944	11	73
16	75019828	11	77
16	75966008	22	61
16	76080988	19	47
16	76520230	25	69
16	76680231	6	77
16	7682012	29	76
16	78227061	11	68
16	78344249	35	30
16	7858678	15	60
16	78731351	13	61
16	8025802	19	63
16	80633345	30	45
16	80804541	14	15
16	8082384	5	85
16	8174635	19	70
16	82658658	32	38
16	82759520	8	39
16	83006472	20	63
16	86234864	5	30
16	86396626	6	54
16	86584981	39	38
16	86894936	6	50
16	8692643	26	88
16	86946780	16	60
16	8975589	14	45
16	9165638	19	70
16	917195	6	73
16	937404	18	53
16	9462943	13	63
16	9821225	20	59
16	9916585	14	68
17	10034131	11	69
17	10112755	6	42
17	10235273	25	26
17	10651587	9	51
17	13156442	26	35
17	13699949	12	56
17	15688325	7	47
17	15799947	23	19
17	16156508	8	36
17	19411420	7	39
17	19952489	14	34
17	20019707	21	39
17	20842818	32	31
17	2165937	10	48
17	22060628	23	47
17	22180616	15	50
17	22320776	16	29
17	22364634	6	45
17	22364656	6	40
17	22418425	7	45
17	22664343	25	33
17	2394706	14	63
17	26670690	9	54
17	26773249	7	59
17	27139261	10	56
17	27530074	18	68
17	29171227	5	72
17	29485521	14	52
17	2967239	15	56
17	29685858	9	59
17	30989833	14	52
17	31293706	15	70
17	31360315	14	73
17	3163024	22	36
17	31670626	22	58
17	3226919	12	50
17	3369674	15	42
17	34792946	8	64
17	3510799	14	46
17	35529966	13	44
17	38858754	17	54
17	39310169	13	47
17	40200906	18	51
17	40488249	16	66
17	40515369	9	79
17	40553934	23	57
17	40671351	9	61
17	40775250	11	75
17	41694951	21	51
17	42126057	13	70
17	42453888	12	72
17	4505803	24	50
17	45289791	15	63
17	48244803	8	73
17	4880756	8	45
17	48987351	10	70
17	50491168	12	59
17	51453458	16	33
17	51982592	15	60
17	5244243	9	48
17	52767717	5	67
17	53509288	14	49
17	5361809	22	50
17	53694965	8	66
17	53768494	8	65
17	54030647	16	67
17	54616632	13	55
17	54763570	16	49
17	55096142	6	81
17	55275158	24	58
17	55414201	7	92
17	55458576	12	29
17	55737578	32	46
17	55904697	17	61
17	56120528	10	60
17	56394400	21	69
17	57512564	11	67
17	57749516	6	67
17	57801517	21	67
17	58111107	12	69
17	58234071	11	55
17	59562673	11	73
17	60307246	25	50
17	60418149	11	66
17	60615693	5	63
17	63271865	8	67
17	6416457	27	35
17	64288956	12	61
17	66073618	22	59
17	66292140	4	48
17	66666463	19	76
17	66916878	21	67
17	66960318	15	84
17	68800250	14	70
17	68902839	5	77
17	70063954	3	22
17	71280238	21	65
17	71296498	19	64
17	71430577	25	59
17	72024087	12	55
17	73746314	17	81
17	74107575	18	70
17	74195047	10	65
17	74300239	18	66
17	74430721	23	59
17	75315463	6	48
17	76931158	20	69
17	77052261	12	64
17	78319153	9	68
17	78591789	4	56
17	79078498	7	80
17	79861197	9	79
17	79996737	27	67
17	81468920	10	60
17	81892317	4	64
17	9974764	22	54
18	10054787	18	95
18	10884090	34	80
18	1110454	9	71
18	11325048	5	79
18	11474615	6	75
18	11995908	14	103
18	13169337	10	92
18	13175436	21	94
18	13291106	38	75
18	13887901	18	88
18	13900368	22	61
18	1417323	12	88
18	14329593	7	91
18	14515764	5	75
18	14655443	26	60
18	15643044	28	149
18	15706769	14	41
18	16877510	5	152
18	1891313	29	64
18	1997592	11	79
18	20740877	4	27
18	2117440	17	53
18	21359292	24	55
18	25617149	15	49
18	2566096	19	75
18	26118541	9	70
18	26328291	10	67
18	27711142	9	77
18	27780551	10	80
18	2803219	4	47
18	28204613	33	79
18	28584196	31	73
18	28827105	25	66
18	29246699	24	64
18	29265241	24	56
18	29265777	26	67
18	29266775	15	54
18	29269601	25	72
18	29271942	30	56
18	29329371	16	64
18	29334829	7	76
18	29664965	23	61
18	29826761	27	52
18	29882632	20	78
18	29947348	25	55
18	29977491	8	100
18	30028719	15	40
18	30255035	6	93
18	30394768	6	55
18	31258038	36	49
18	31702042	12	51
18	3216117	36	68
18	33202570	31	40
18	33964164	28	41
18	36450443	34	32
18	3749251	30	53
18	37498515	15	20
18	37814164	11	55
18	37840305	13	46
18	37867113	6	70
18	3809134	8	101
18	38884943	21	53
18	40489647	17	38
18	40497113	10	58
18	40711377	20	29
18	4088814	8	87
18	40974908	9	57
18	42071887	17	35
18	43416637	9	58
18	4387135	9	95
18	44177175	7	57
18	44250324	6	67
18	4532495	18	75
18	46357984	29	47
18	46685739	9	59
18	4681750	18	69
18	47297196	27	41
18	47449756	12	11
18	48130492	42	53
18	50023032	9	58
18	5017686	32	62
18	51638237	27	42
18	52011278	26	37
18	52333866	25	39
18	5240118	28	69
18	52829793	4	69
18	52998612	9	59
18	55167822	9	58
18	56159353	13	65
18	5630583	17	83
18	5649603	26	52
18	57728879	29	38
18	58667205	24	38
18	59095955	28	42
18	59858824	29	37
18	60038291	31	44
18	60110255	19	43
18	60179798	25	35
18	65122744	33	34
18	65703505	11	56
18	66891255	9	44
18	68150746	28	39
18	68215914	15	50
18	69197459	13	51
18	7083845	26	72
18	71016563	21	45
18	71221760	9	52
18	71335996	26	45
18	71724940	5	61
18	71907649	5	71
18	72381206	9	48
18	74138515	23	56
18	74270006	7	67
18	76071356	9	56
18	77006819	28	48
18	77332072	35	42
18	77618334	32	46
18	77776254	11	70
18	7850788	30	66
18	80082455	12	49
18	8073276	23	52
18	8218411	13	97
18	8696308	6	103
18	9069495	28	76
18	9135731	15	101
18	9370086	36	89
19	11337043	8	39
19	11406997	9	58
19	11655570	8	59
19	12555666	9	57
19	13648645	12	35
19	13778947	15	46
19	14122087	4	71
19	14309708	14	65
19	14981008	16	50
19	15404566	13	69
19	16523062	9	58
19	17183170	18	56
19	18353525	6	38
19	18499977	9	73
19	21279769	18	67
19	21939967	3	79
19	22105141	15	81
19	22347642	12	15
19	22478763	6	80
19	22535576	40	58
19	22630950	8	69
19	22776913	5	75
19	22831685	29	59
19	22885766	26	72
19	2305963	22	66
19	23922564	9	99
19	24149659	20	72
19	251761	10	37
19	27479746	17	50
19	27567681	16	60
19	28386149	20	70
19	28403255	22	52
19	28513149	17	63
19	28636310	30	61
19	28840788	21	76
19	28919858	14	56
19	29639244	24	52
19	29741323	16	75
19	29761742	26	65
19	30767826	15	56
19	30918662	20	65
19	317448	15	55
19	31829744	25	40
19	32643557	9	66
19	33452327	8	66
19	33466381	17	72
19	33858021	15	53
19	34443731	23	63
19	34624013	8	78
19	35413830	11	81
19	36837708	20	61
19	3714138	7	54
19	37230474	18	35
19	37976581	10	72
19	39264701	13	68
19	40455090	21	66
19	41098962	8	70
19	42724409	25	54
19	42733343	9	79
19	43007454	7	71
19	44135548	20	49
19	44459162	16	71
19	46849232	19	58
19	47935513	6	129
19	49084724	25	52
19	49634426	9	55
19	50794839	25	73
19	51216026	19	60
19	52374353	6	61
19	53896316	9	74
19	53944916	10	64
19	53983172	5	37
19	55647969	22	58
19	56712679	8	59
19	56788461	4	73
19	57062924	22	51
19	57271387	12	77
19	57344469	8	66
19	57704515	16	71
19	57716517	19	53
19	57904109	14	71
19	58022401	23	56
19	58038641	18	48
19	7481792	15	88
19	7896189	11	45
19	8547700	5	52
19	8558347	17	37
19	8967239	12	54
19	9236084	24	56
19	9325991	10	54
19	9483550	22	33
19	9586245	20	47
19	9945780	9	73
20	10259716	27	62
20	10318183	10	70
20	10682883	15	75
20	10966724	6	65
20	11135594	5	80
20	11226671	7	59
20	12380816	15	59
20	12693303	10	66
20	12754173	10	82
20	13377939	11	52
20	13646312	12	55
20	14946509	5	46
20	14946511	5	45
20	15430269	10	63
20	15513181	10	66
20	15818887	7	61
20	15885121	14	63
20	16922855	17	52
20	17058969	10	52
20	17166795	15	54
20	17723177	28	48
20	18848727	18	52
20	18865191	9	66
20	19712296	17	65
20	19883093	19	62
20	20087168	10	58
20	20110580	9	54
20	21729153	5	67
20	22203647	12	44
20	23944876	17	56
20	24194750	14	60
20	24455846	13	50
20	25565952	15	73
20	26128359	6	61
20	2697659	9	48
20	28630819	7	156
20	28694857	4	98
20	28760652	4	66
20	29044370	14	91
20	29103490	11	50
20	2915276	7	65
20	29298983	8	20
20	29765174	22	65
20	299751	11	64
20	30606751	13	63
20	32289266	8	61
20	32479692	22	87
20	34310518	5	81
20	34332296	31	56
20	34545876	10	79
20	34545990	20	91
20	34546090	16	89
20	34546114	14	85
20	34546235	18	74
20	34546734	6	85
20	34547187	7	72
20	35101266	13	61
20	35457702	14	78
20	35530431	9	56
20	35561763	5	83
20	3680146	9	63
20	36882338	23	67
20	37517623	15	62
20	38343581	16	75
20	38344471	12	51
20	38422269	7	92
20	38422343	9	104
20	38480175	8	90
20	38480210	8	89
20	38480270	6	80
20	38480287	4	84
20	38624361	27	77
20	39733723	19	71
20	40206581	6	64
20	40508340	7	94
20	40683707	10	90
20	4134350	12	63
20	41366257	5	59
20	41829500	21	58
20	41962552	23	58
20	42014992	35	60
20	42134710	8	71
20	42933500	11	77
20	43507780	12	67
20	43515160	26	76
20	43791664	23	63
20	44054976	24	63
20	44173524	9	74
20	4452035	12	62
20	44525080	13	71
20	4540495	12	69
20	45606721	21	63
20	46691197	10	88
20	46761831	15	63
20	47150889	13	54
20	47586266	16	54
20	48127307	11	50
20	48542043	6	71
20	48542589	17	58
20	48713376	7	58
20	49144523	11	56
20	49147330	15	51
20	49563042	11	54
20	50049472	16	58
20	51567735	15	74
20	52012284	6	69
20	52243899	16	42
20	52766201	11	59
20	54288329	12	52
20	55902117	11	41
20	56006365	12	88
20	56504168	10	70
20	56870461	14	50
20	57328823	16	62
20	57889820	19	55
20	5852419	5	44
20	59461824	15	58
20	59808247	14	76
20	60908882	9	53
20	61325974	17	58
20	6164577	7	78
20	6180553	19	44
20	6280302	14	61
20	63100069	10	66
20	63150098	5	59
20	63150200	7	70
20	63150411	13	68
20	63150437	12	60
20	63169851	12	56
20	63802037	21	54
20	6524880	7	53
20	6689022	8	29
20	7017803	14	52
20	7053336	5	44
20	7316963	9	57
20	7525982	18	40
20	7703293	7	46
20	7771695	17	46
20	7851851	20	51
20	8085306	18	54
20	8428801	10	70
20	9152639	10	66
20	9754236	20	55
20	9934943	8	57
21	10080830	17	47
21	10661289	11	124
21	12971899	15	100
21	13033137	5	105
21	13198233	15	59
21	13270558	11	74
21	13293007	13	62
21	13522947	13	60
21	13835112	14	70
21	13889777	10	69
21	14021135	6	80
21	14042265	9	76
21	16569281	17	52
21	16728975	6	66
21	17598722	18	51
21	18009517	10	63
21	18023873	18	58
21	18251404	10	27
21	18313349	7	42
21	18317926	4	58
21	18345242	6	50
21	18458765	22	64
21	18475896	19	56
21	18757770	23	62
21	18791972	6	72
21	19289769	11	62
21	19900054	21	66
21	19961609	18	57
21	20185939	13	57
21	20394908	5	66
21	20416839	7	71
21	21187854	12	56
21	21659814	13	62
21	23128226	17	71
21	23370131	18	80
21	23677770	18	64
21	24235463	12	43
21	25185750	11	71
21	26005924	14	50
21	26256176	16	49
21	27094871	9	55
21	28468459	10	72
21	29517012	13	74
21	29810507	11	72
21	30626159	12	64
21	30812786	9	63
21	31638053	16	58
21	33726016	17	67
21	34344768	20	66
21	34585853	22	45
21	36050216	22	62
21	36311320	11	70
21	36785056	29	63
21	36979276	10	72
21	36995271	16	55
21	37642379	30	68
21	38196097	24	67
21	38206483	11	76
21	38206484	11	74
21	38269321	16	74
21	38524047	29	66
21	38524122	30	55
21	38524286	23	61
21	38524528	23	75
21	38524678	27	63
21	38525698	28	59
21	38526239	26	67
21	38526348	24	58
21	38526628	18	54
21	38526745	8	55
21	38527039	11	59
21	38808849	28	70
21	38920524	15	64
21	39146673	17	65
21	39147529	25	79
21	39361384	10	61
21	39756606	10	78
21	39973053	7	77
21	40414172	17	58
21	40441692	19	58
21	40648450	11	77
21	41046122	25	64
21	41932632	5	27
21	9062084	7	131
21	9309663	16	240
21	9674570	18	129
21	9763480	11	189
21	9839525	11	166
21	9989928	17	181
22	11337244	10	115
22	12709672	14	74
22	12814717	7	117
22	16310964	3	13
22	19501013	25	50
22	22904587	18	91
22	23675357	16	77
22	24201185	12	55
22	24455504	11	63
22	24601793	3	82
22	25927662	11	66
22	26660514	9	49
22	28949452	4	73
22	29469352	26	62
22	29501829	12	43
22	29788453	13	65
22	30024033	13	58
22	31041685	13	50
22	31129777	7	47
22	31180927	7	58
22	33328607	14	59
22	33660093	10	65
22	33779251	7	80
22	33802938	7	64
22	34521813	6	57
22	34744524	13	46
22	35379702	10	47
22	35637804	8	77
22	36576883	5	56
22	37205509	8	56
22	39181556	20	52
22	41005336	11	59
22	44158154	13	53
22	44303864	7	63
22	44508030	23	60
22	44729009	7	51
22	48166591	10	43
22	48198747	16	53
22	48209472	21	44
22	48232046	10	45
22	48279116	13	45
22	49243874	17	48
22	49369481	13	52
22	49787376	21	44
22	50162246	7	36
22	50230785	5	34
22	50317619	10	49
