sample	chr	startpos	endpos	nMajor	nMinor
9-00-005883-91-screening	1	809641	113986560	2	1
9-00-005883-91-screening	1	113986895	114316860	1	1
9-00-005883-91-screening	1	114322721	231274864	2	1
9-00-005883-91-screening	1	231281639	231835449	2	2
9-00-005883-91-screening	1	231835844	248916508	2	1
9-00-005883-91-screening	2	12091	6203613	3	2
9-00-005883-91-screening	2	6204403	7465583	2	2
9-00-005883-91-screening	2	7465627	7504235	4	3
9-00-005883-91-screening	2	7504348	10471085	2	2
9-00-005883-91-screening	2	10471352	12021987	3	3
9-00-005883-91-screening	2	12023674	58243207	2	2
9-00-005883-91-screening	2	58247145	58942934	2	1
9-00-005883-91-screening	2	58943515	100186429	2	2
9-00-005883-91-screening	2	100187316	155353385	2	1
9-00-005883-91-screening	2	155353944	157315029	1	0
9-00-005883-91-screening	2	157341616	241917917	2	1
9-00-005883-91-screening	3	12690	4887287	3	2
9-00-005883-91-screening	3	4888125	5232538	4	3
9-00-005883-91-screening	3	5232678	10026888	3	2
9-00-005883-91-screening	3	10029678	10458310	3	1
9-00-005883-91-screening	3	10459814	48079582	3	2
9-00-005883-91-screening	3	48082306	49113568	3	0
9-00-005883-91-screening	3	49136573	56764101	3	2
9-00-005883-91-screening	3	56764278	58448437	3	3
9-00-005883-91-screening	3	58448653	75183291	3	2
9-00-005883-91-screening	3	75185067	81282421	2	1
9-00-005883-91-screening	3	81284527	90299130	3	2
9-00-005883-91-screening	3	90299973	102604499	3	1
9-00-005883-91-screening	3	102604707	136320146	4	1
9-00-005883-91-screening	3	136320426	136973245	5	1
9-00-005883-91-screening	3	136973673	156294588	4	1
9-00-005883-91-screening	3	156294825	174640245	4	2
9-00-005883-91-screening	3	174640299	174890535	4	4
9-00-005883-91-screening	3	174891146	181864490	4	2
9-00-005883-91-screening	3	181865535	198098659	4	1
9-00-005883-91-screening	4	72156	30221783	1	1
9-00-005883-91-screening	4	30229922	30530834	5	2
9-00-005883-91-screening	4	30533200	32626456	1	1
9-00-005883-91-screening	4	32627262	37595803	2	1
9-00-005883-91-screening	4	37595879	40733477	2	2
9-00-005883-91-screening	4	40737618	52100807	2	1
9-00-005883-91-screening	4	52102311	59826306	3	1
9-00-005883-91-screening	4	59827408	60709210	4	1
9-00-005883-91-screening	4	60711564	164401781	2	1
9-00-005883-91-screening	4	164401826	164734852	1	1
9-00-005883-91-screening	4	164735048	189666691	2	1
9-00-005883-91-screening	5	44922	18095435	4	2
9-00-005883-91-screening	5	18095477	40916715	3	3
9-00-005883-91-screening	5	40919584	46366231	4	2
9-00-005883-91-screening	5	46367801	51428940	5	2
9-00-005883-91-screening	5	51435546	54731231	2	0
9-00-005883-91-screening	5	54732833	57568125	1	0
9-00-005883-91-screening	5	57569745	63337111	2	0
9-00-005883-91-screening	5	63341593	63562974	1	0
9-00-005883-91-screening	5	63566114	67657832	2	0
9-00-005883-91-screening	5	67658259	80401773	1	0
9-00-005883-91-screening	5	80401932	84293471	3	0
9-00-005883-91-screening	5	84300035	86478720	0	0
9-00-005883-91-screening	5	86480297	107217209	3	0
9-00-005883-91-screening	5	107217294	108680128	2	0
9-00-005883-91-screening	5	108681081	131123763	3	0
9-00-005883-91-screening	5	131142450	131802427	4	0
9-00-005883-91-screening	5	131803043	138180092	3	0
9-00-005883-91-screening	5	138187741	181170660	3	1
9-00-005883-91-screening	6	149609	23469452	1	0
9-00-005883-91-screening	6	23471425	27336807	2	1
9-00-005883-91-screening	6	27340038	34574271	2	2
9-00-005883-91-screening	6	34574885	37590785	3	2
9-00-005883-91-screening	6	37594309	44140829	2	2
9-00-005883-91-screening	6	44146179	58425811	3	2
9-00-005883-91-screening	6	58427049	66554028	2	2
9-00-005883-91-screening	6	66554684	68019238	3	2
9-00-005883-91-screening	6	68019412	69706974	2	1
9-00-005883-91-screening	6	69707635	71698460	3	2
9-00-005883-91-screening	6	71698549	134109656	2	1
9-00-005883-91-screening	6	134109737	134560959	2	2
9-00-005883-91-screening	6	134561431	144144857	2	1
9-00-005883-91-screening	6	144144935	160746420	2	2
9-00-005883-91-screening	6	160747516	160859135	3	2
9-00-005883-91-screening	6	160859293	164184681	4	2
9-00-005883-91-screening	6	164185502	167013219	3	2
9-00-005883-91-screening	6	167018341	170606038	2	0
9-00-005883-91-screening	7	198401	56396515	2	1
9-00-005883-91-screening	7	56397059	63102347	2	2
9-00-005883-91-screening	7	63109213	69568628	3	2
9-00-005883-91-screening	7	69572349	72734814	2	2
9-00-005883-91-screening	7	72736006	74350439	3	3
9-00-005883-91-screening	7	74351749	77965311	4	2
9-00-005883-91-screening	7	77965353	79040278	3	2
9-00-005883-91-screening	7	79040808	80295011	4	3
9-00-005883-91-screening	7	80295347	81059280	3	3
9-00-005883-91-screening	7	81059347	85995188	2	2
9-00-005883-91-screening	7	85999505	86900792	8	2
9-00-005883-91-screening	7	86901207	87005424	12	2
9-00-005883-91-screening	7	87005483	90112188	9	2
9-00-005883-91-screening	7	90115176	91566587	10	2
9-00-005883-91-screening	7	91568106	92155067	14	2
9-00-005883-91-screening	7	92156643	94218392	22	3
9-00-005883-91-screening	7	94221362	95611193	9	3
9-00-005883-91-screening	7	95611673	110733254	3	1
9-00-005883-91-screening	7	110734657	111419211	1	0
9-00-005883-91-screening	7	111419830	121877381	3	1
9-00-005883-91-screening	7	121884546	122739569	8	3
9-00-005883-91-screening	7	122740150	125241854	9	3
9-00-005883-91-screening	7	125247164	127409177	3	3
9-00-005883-91-screening	7	127410696	159325753	3	1
9-00-005883-91-screening	8	211532	2171065	0	0
9-00-005883-91-screening	8	2173861	32137191	1	0
9-00-005883-91-screening	8	32140635	39768161	3	1
9-00-005883-91-screening	8	39768560	40943393	6	1
9-00-005883-91-screening	8	40944022	41789165	5	1
9-00-005883-91-screening	8	41796022	42634699	7	1
9-00-005883-91-screening	8	42634935	67451679	4	2
9-00-005883-91-screening	8	67453079	71433170	3	3
9-00-005883-91-screening	8	71433300	72979281	3	2
9-00-005883-91-screening	8	72980720	79721101	3	3
9-00-005883-91-screening	8	79721740	82899623	4	3
9-00-005883-91-screening	8	82901713	85058147	4	2
9-00-005883-91-screening	8	85058433	86623223	5	2
9-00-005883-91-screening	8	86626225	98455628	4	2
9-00-005883-91-screening	8	98460437	101517405	5	2
9-00-005883-91-screening	8	101518276	104404584	7	2
9-00-005883-91-screening	8	104406634	105136042	5	2
9-00-005883-91-screening	8	105137353	108099842	7	2
9-00-005883-91-screening	8	108100156	108676855	9	2
9-00-005883-91-screening	8	108681449	109430497	7	2
9-00-005883-91-screening	8	109431251	109634624	6	0
9-00-005883-91-screening	8	109636043	110464905	8	2
9-00-005883-91-screening	8	110481168	110837805	15	2
9-00-005883-91-screening	8	110838253	111453054	12	2
9-00-005883-91-screening	8	111457043	112916710	3	2
9-00-005883-91-screening	8	112919084	113652127	4	2
9-00-005883-91-screening	8	113652487	113792599	8	2
9-00-005883-91-screening	8	113793154	116237363	6	2
9-00-005883-91-screening	8	116238657	118555827	4	2
9-00-005883-91-screening	8	118556523	121624601	5	2
9-00-005883-91-screening	8	121624628	121946327	4	2
9-00-005883-91-screening	8	121949164	123810729	5	2
9-00-005883-91-screening	8	123814564	124959923	14	2
9-00-005883-91-screening	8	124961673	126075619	16	2
9-00-005883-91-screening	8	126078412	126526164	19	2
9-00-005883-91-screening	8	126527297	127067234	15	2
9-00-005883-91-screening	8	127067351	127133012	83	2
9-00-005883-91-screening	8	127133572	127700727	33	2
9-00-005883-91-screening	8	127700928	128036776	38	2
9-00-005883-91-screening	8	128037873	128041592	20	8
9-00-005883-91-screening	8	128046110	128102960	4	1
9-00-005883-91-screening	8	128102971	145074901	3	2
9-00-005883-91-screening	9	57539	76364107	2	1
9-00-005883-91-screening	9	76370469	78919190	3	2
9-00-005883-91-screening	9	78919345	89727875	4	2
9-00-005883-91-screening	9	89728012	90479027	3	3
9-00-005883-91-screening	9	90485819	91168389	4	2
9-00-005883-91-screening	9	91168631	93593656	3	3
9-00-005883-91-screening	9	93593698	94485884	6	2
9-00-005883-91-screening	9	94486948	138181722	2	1
9-00-005883-91-screening	10	48486	2777142	2	1
9-00-005883-91-screening	10	2777362	4992984	2	2
9-00-005883-91-screening	10	4993054	41712918	2	1
9-00-005883-91-screening	10	41712982	42203222	3	2
9-00-005883-91-screening	10	42322981	42840379	5	2
9-00-005883-91-screening	10	42840478	46100712	2	1
9-00-005883-91-screening	10	46104697	46332377	3	1
9-00-005883-91-screening	10	46332633	48670916	2	2
9-00-005883-91-screening	10	48672468	53830962	2	1
9-00-005883-91-screening	10	53831090	55536202	2	2
9-00-005883-91-screening	10	55539728	133621484	2	0
9-00-005883-91-screening	11	199813	25170262	1	1
9-00-005883-91-screening	11	25170505	63024973	2	1
9-00-005883-91-screening	11	63026602	64434456	1	1
9-00-005883-91-screening	11	64435257	91580672	2	1
9-00-005883-91-screening	11	91581507	92991154	1	1
9-00-005883-91-screening	11	92992074	116356970	2	1
9-00-005883-91-screening	11	116361123	116879261	1	1
9-00-005883-91-screening	11	116880158	131058781	2	1
9-00-005883-91-screening	11	131059460	131236406	1	1
9-00-005883-91-screening	11	131236452	135075414	2	1
9-00-005883-91-screening	12	175764	5985679	3	2
9-00-005883-91-screening	12	5986108	18882628	3	0
9-00-005883-91-screening	12	18882892	20476805	4	4
9-00-005883-91-screening	12	20477420	21008934	5	4
9-00-005883-91-screening	12	21010902	21969299	3	3
9-00-005883-91-screening	12	21969449	22890710	3	2
9-00-005883-91-screening	12	22893230	24114957	2	2
9-00-005883-91-screening	12	24120820	24293122	3	1
9-00-005883-91-screening	12	24293363	24721570	3	0
9-00-005883-91-screening	12	24721778	25102770	3	1
9-00-005883-91-screening	12	25104232	25319613	3	0
9-00-005883-91-screening	12	25319634	25912236	3	1
9-00-005883-91-screening	12	25921525	26441457	3	0
9-00-005883-91-screening	12	26442148	28255432	3	1
9-00-005883-91-screening	12	28260273	29196533	3	2
9-00-005883-91-screening	12	29196898	101404199	3	1
9-00-005883-91-screening	12	101404579	101944869	4	1
9-00-005883-91-screening	12	101945075	133248987	2	1
9-00-005883-91-screening	13	18455821	71292336	2	1
9-00-005883-91-screening	13	71292765	100484431	1	0
9-00-005883-91-screening	13	100484791	114343518	2	1
9-00-005883-91-screening	14	19784736	106882543	3	2
9-00-005883-91-screening	15	19790523	101888846	2	1
9-00-005883-91-screening	16	34170	916462	2	0
9-00-005883-91-screening	16	918717	3011927	2	2
9-00-005883-91-screening	16	3016167	7446479	4	2
9-00-005883-91-screening	16	7447701	9297846	2	2
9-00-005883-91-screening	16	9298524	10179439	2	1
9-00-005883-91-screening	16	10184301	12890653	2	2
9-00-005883-91-screening	16	12891281	13521838	2	1
9-00-005883-91-screening	16	13522229	14426102	2	2
9-00-005883-91-screening	16	14426827	19230990	2	1
9-00-005883-91-screening	16	19232127	19442990	1	0
9-00-005883-91-screening	16	19465657	24153983	2	1
9-00-005883-91-screening	16	24154037	24525219	1	0
9-00-005883-91-screening	16	24525939	33668313	2	1
9-00-005883-91-screening	16	33725847	53199751	3	0
9-00-005883-91-screening	16	53201169	58392278	3	2
9-00-005883-91-screening	16	58409421	61550760	3	0
9-00-005883-91-screening	16	61551983	77109726	3	2
9-00-005883-91-screening	16	77110103	90096867	3	0
9-00-005883-91-screening	17	153794	26633023	2	0
9-00-005883-91-screening	17	26633944	83204151	2	2
9-00-005883-91-screening	18	64775	2449942	3	3
9-00-005883-91-screening	18	2450188	3693622	4	3
9-00-005883-91-screening	18	3693751	15336266	3	3
9-00-005883-91-screening	18	20969476	27536082	3	0
9-00-005883-91-screening	18	27537284	30324314	3	3
9-00-005883-91-screening	18	30327990	80256731	3	0
9-00-005883-91-screening	19	274479	19300327	2	1
9-00-005883-91-screening	19	19323541	22643232	4	2
9-00-005883-91-screening	19	22643926	24040962	3	2
9-00-005883-91-screening	19	24042774	29332354	2	2
9-00-005883-91-screening	19	29332523	29361967	2	1
9-00-005883-91-screening	19	29362048	58533199	2	2
9-00-005883-91-screening	20	68303	32249690	2	1
9-00-005883-91-screening	20	32254836	36959147	2	2
9-00-005883-91-screening	20	36960692	38373290	2	1
9-00-005883-91-screening	20	38376894	44591335	2	2
9-00-005883-91-screening	20	44594686	55930323	2	1
9-00-005883-91-screening	20	55932757	57097232	2	2
9-00-005883-91-screening	20	57097488	63148134	2	1
9-00-005883-91-screening	20	63148344	64283878	2	2
9-00-005883-91-screening	21	13224688	27810003	2	2
9-00-005883-91-screening	21	27811076	28344880	3	2
9-00-005883-91-screening	21	28344923	43644415	2	2
9-00-005883-91-screening	21	43648196	46681423	2	0
9-00-005883-91-screening	22	15513541	23557383	2	0
9-00-005883-91-screening	22	23561426	44689138	2	1
9-00-005883-91-screening	22	44696863	50757736	2	0
9-00-005883-91-screening	X	602788	779052	4	1
9-00-005883-91-screening	X	779124	807588	5	1
9-00-005883-91-screening	X	814431	972518	4	1
9-00-005883-91-screening	X	972632	1412564	5	1
9-00-005883-91-screening	X	1412627	1427305	5	0
9-00-005883-91-screening	X	1427477	1472314	6	1
9-00-005883-91-screening	X	1472356	1478898	5	0
9-00-005883-91-screening	X	1479395	1499113	5	1
9-00-005883-91-screening	X	1499958	1657357	6	1
9-00-005883-91-screening	X	1657989	1782976	5	1
9-00-005883-91-screening	X	1783667	1899333	5	0
9-00-005883-91-screening	X	1899341	1936995	5	1
9-00-005883-91-screening	X	1937298	2407857	6	1
9-00-005883-91-screening	X	2408741	2457686	5	0
9-00-005883-91-screening	X	2458282	2529658	5	1
9-00-005883-91-screening	X	2530301	2575184	5	0
9-00-005883-91-screening	X	2575221	2776765	5	1
9-00-005883-91-screening	X	2777819	26962349	5	0
9-00-005883-91-screening	X	26967499	48736743	4	0
9-00-005883-91-screening	X	48739429	49762146	5	0
9-00-005883-91-screening	X	49774479	63822062	4	0
9-00-005883-91-screening	X	63889503	66407488	18	0
9-00-005883-91-screening	X	66408395	67131228	34	0
9-00-005883-91-screening	X	67154363	67415304	81	0
9-00-005883-91-screening	X	67418912	67953234	66	0
9-00-005883-91-screening	X	67953490	68353655	43	0
9-00-005883-91-screening	X	68362768	99832516	1	0
9-00-005883-91-screening	X	99836868	155754655	2	0
9-00-005883-91-screening	X	155754823	155788207	3	0
9-00-005883-91-screening	X	155788233	155808494	2	0
